-7.41935483871,-23.3870967742,0.10461652787,0.125684905635,0.177998758844,0.247141805573,0.331410498136
-7.41935483871,-22.1612903226,0.113984912854,0.138406888369,0.194478452019,0.270024497735,0.362567936175
-7.41935483871,-20.935483871,0.124032566822,0.152434618325,0.212274565411,0.294653945242,0.397541579635
-7.41935483871,-19.7096774194,0.134787632828,0.167770848941,0.231408030387,0.321017765707,0.435368678828
-7.41935483871,-18.4838709677,0.146371056356,0.184347772943,0.252001183411,0.349284995903,0.476044437086
-7.41935483871,-17.2580645161,0.159051652519,0.201994647047,0.274357846703,0.37997436159,0.5197049543
-7.41935483871,-16.0322580645,0.173219942933,0.220385672314,0.298915431598,0.41390255663,0.566546099953
-7.41935483871,-14.8064516129,0.189154247772,0.238953927733,0.325874432899,0.451537383676,0.616191643117
-7.41935483871,-13.5806451613,0.206539877549,0.256785996447,0.354468464116,0.491731232359,0.666570265458
-7.41935483871,-12.3548387097,0.224001506325,0.272567600619,0.382351924699,0.530815710986,0.713311181443
-7.41935483871,-11.1290322581,0.239142163422,0.284689722007,0.405852373846,0.563337836063,0.769974086348
-7.41935483871,-9.90322580645,0.24930298961,0.291536012769,0.42115769779,0.58410973241,0.822664491923
-7.41935483871,-8.67741935484,0.252557126623,0.30718672384,0.425555459179,0.614064322436,0.842161939939
-7.41935483871,-7.45161290323,0.248299208248,0.318157364278,0.431352642533,0.621451109875,0.841896061762
-7.41935483871,-6.22580645161,0.237287980763,0.312319778462,0.425770249931,0.602089118305,0.824803403199
-7.41935483871,-5.0,0.221303497808,0.294701276996,0.402575098184,0.564821402802,0.776813237573
-7.41935483871,-3.77419354839,0.202543898836,0.270379114993,0.369555495748,0.517721603126,0.712780642846
-7.41935483871,-2.54838709677,0.182990208045,0.243494542872,0.332725548784,0.467233698342,0.642976390494
-7.41935483871,-1.32258064516,0.164049848352,0.216877227786,0.296117073362,0.417754367123,0.574036994213
-7.41935483871,-0.0967741935484,0.146525925502,0.192144440864,0.262036558207,0.371802439499,0.50976207925
-7.41935483871,1.12903225806,0.130761913451,0.170018885184,0.231535865239,0.330510224848,0.451935148482
-7.41935483871,2.35483870968,0.116812601498,0.15066348182,0.20487331257,0.294130910375,0.401047479202
-7.41935483871,3.58064516129,0.104586072412,0.133935716065,0.181868027081,0.262433573112,0.356847289494
-7.41935483871,4.8064516129,0.093913399537,0.119556580149,0.162139978353,0.234961304265,0.318710681784
-7.41935483871,6.03225806452,0.0846081869496,0.107207670959,0.145242893398,0.211183336917,0.285876479245
-7.41935483871,7.25806451613,0.0764889081413,0.0965818468847,0.130743536341,0.190579550332,0.257581056203
-7.41935483871,8.48387096774,0.0693899204608,0.0874051673637,0.118254469868,0.172677751598,0.233124835959
-7.41935483871,9.70967741935,0.063165769308,0.0794434311008,0.107444324182,0.157066365396,0.212044421455
-7.41935483871,10.935483871,0.0576910745253,0.0725005773519,0.0980366377638,0.143396263252,0.193660997204
-7.41935483871,12.1612903226,0.0528590126437,0.0664150805238,0.0898041550056,0.131374066112,0.177441257366
-7.41935483871,13.3870967742,0.048579217514,0.0610538900479,0.0825608484426,0.12075525472,0.163078730478
-6.25806451613,-23.3870967742,0.113573931766,0.138078330309,0.193844373442,0.269146428577,0.361565596507
-6.25806451613,-22.1612903226,0.124071768203,0.1537332934,0.212782104678,0.295264560895,0.399694704041
-6.25806451613,-20.935483871,0.134840310752,0.171341403257,0.232638721614,0.322197521749,0.440787052149
-6.25806451613,-19.7096774194,0.14545376567,0.190984993834,0.25272097957,0.348464171455,0.483568336021
-6.25806451613,-18.4838709677,0.155504776488,0.212663973546,0.272231235751,0.372174751541,0.526058133924
-6.25806451613,-17.2580645161,0.165019123214,0.236298116162,0.290924852729,0.408301722186,0.566635594286
-6.25806451613,-16.0322580645,7.14522688537,7.14522688537,7.14522867856,0.464478612245,0.619304816327
-6.25806451613,-14.8064516129,7.94326465751,7.94326465751,7.94326465751,0.516355408163,0.688473877551
-6.25806451613,-13.5806451613,8.67971857205,8.67971857205,0.376152612245,0.564228918367,0.75230522449
-6.25806451613,-12.3548387097,0.243239737971,0.345662205474,0.428326511776,0.597004422897,0.833249680321
-6.25806451613,-11.1290322581,0.280668783366,0.370632312506,0.48813784235,0.672297690425,0.935321520343
-6.25806451613,-9.90322580645,0.313524027481,0.388089570991,0.537470927281,0.745742232761,1.00906395632
-6.25806451613,-8.67741935484,0.332710902397,0.394451713882,0.564020427504,0.782752673201,1.07823545961
-6.25806451613,-7.45161290323,0.334771454836,0.39829235145,0.564372202877,0.803255423038,1.11385447072
-6.25806451613,-6.22580645161,0.321376094054,0.412560706896,0.559558828317,0.805087632922,1.09155344341
-6.25806451613,-5.0,0.296975762841,0.392803412636,0.535945725563,0.755350733002,1.03648532128
-6.25806451613,-3.77419354839,0.266906969659,0.356172706501,0.486740319985,0.6819886972,0.938658920773
-6.25806451613,-2.54838709677,0.235756791524,0.314080434867,0.429224465713,0.602220832916,0.828901922686
-6.25806451613,-1.32258064516,0.206440928528,0.273099713836,0.372911043707,0.525844723427,0.722673813545
-6.25806451613,-0.0967741935484,0.180300113125,0.23629377409,0.32221397452,0.457377554119,0.626975876707
-6.25806451613,1.12903225806,0.157652610634,0.204604808583,0.278542628164,0.398136549503,0.544059997345
-6.25806451613,2.35483870968,0.138315009667,0.177893836594,0.241766541778,0.347797675098,0.473717458488
-6.25806451613,3.58064516129,0.121892108495,0.155575873717,0.211104896885,0.305352447389,0.414639845421
-6.25806451613,4.8064516129,0.107952146951,0.136951348947,0.185588454101,0.269613041658,0.365164641398
-6.25806451613,6.03225806452,0.0960918459025,0.121358495928,0.164291135687,0.239446126112,0.323655719712
-6.25806451613,7.25806451613,0.0859612999697,0.108229008468,0.146411730853,0.213864490945,0.288666247434
-6.25806451613,8.48387096774,0.0772668066939,0.0970964024949,0.131292681306,0.192045809769,0.259370138508
-6.25806451613,9.70967741935,0.0697667832986,0.0875872519786,0.118408146172,0.173320373304,0.234186042387
-6.25806451613,10.935483871,0.0632633567879,0.079405210498,0.107342178912,0.157148108361,0.212356690337
-6.25806451613,12.1612903226,0.0575953027876,0.0723155943254,0.0977672251554,0.143096011488,0.193337000941
-6.25806451613,13.3870967742,0.0526308230547,0.0661323209778,0.0894248089347,0.130814854945,0.176681369803
-5.09677419355,-23.3870967742,0.123044602302,0.151767203658,0.21078778725,0.292565756756,0.395305684798
-5.09677419355,-22.1612903226,0.134127832707,0.170980658329,0.231586030408,0.320644664953,0.43926258351
-5.09677419355,-20.935483871,0.143616547497,0.192907675924,0.250638723452,0.344117777112,0.482423213374
-5.09677419355,-19.7096774194,0.148385516837,0.217468648075,0.262410903325,0.376270021156,0.512541620872
-5.09677419355,-18.4838709677,0.150019816327,6.91590920476,0.300039632653,0.45005944898,0.600079265306
-5.09677419355,-17.2580645161,7.96370968285,7.96370171506,7.96370171506,0.529149734694,0.705532979592
-5.09677419355,-16.0322580645,9.12998484441,9.12997570975,9.12997570975,0.606643040816,0.808857387755
-5.09677419355,-14.8064516129,0.231300414185,0.26978857826,0.389161380013,0.542752752501,0.760612604295
-5.09677419355,-13.5806451613,0.220775904796,0.309810775272,0.426469029968,0.60952690735,0.834553117979
-5.09677419355,-12.3548387097,0.261804618202,0.340912233139,0.479854187194,0.675887363549,0.925627360844
-5.09677419355,-11.1290322581,0.285141512762,0.381730061247,0.526559090045,0.759192151958,1.03829056675
-5.09677419355,-9.90322580645,0.352216225345,0.495174381544,0.616391180611,0.853082963198,1.18823788943
-5.09677419355,-8.67741935484,15.4008139161,15.4008139161,15.4008177812,1.00113667347,1.33484889796
-5.09677419355,-7.45161290323,0.462507146047,0.572138735348,0.792714290507,1.09988740477,1.48785935286
-5.09677419355,-6.22580645161,0.468733835059,0.546373087531,0.791196043903,1.09705827379,1.55142410177
-5.09677419355,-5.0,0.43267987652,0.55721691964,0.756261435878,1.08564896481,1.47399067927
-5.09677419355,-3.77419354839,0.378972818982,0.5037584831,0.68791467679,0.966281870984,1.32808719565
-5.09677419355,-2.54838709677,0.323006061879,0.430882383861,0.588895796902,0.825429702289,1.13630546375
-5.09677419355,-1.32258064516,0.272634323077,0.361073700736,0.4931054598,0.694769684346,0.955074864233
-5.09677419355,-0.0967741935484,0.230248494115,0.301567460382,0.411179770538,0.583916167888,0.800281087191
-5.09677419355,1.12903225806,0.195552214993,0.25318494457,0.344527596911,0.493288826029,0.673522257456
-5.09677419355,2.35483870968,0.16738416442,0.214505523459,0.291312567163,0.42015194693,0.571462648884
-5.09677419355,3.58064516129,0.144475605751,0.18363593649,0.248957367131,0.361176766594,0.489583145468
-5.09677419355,4.8064516129,0.12572998254,0.158847218323,0.215059510773,0.313356593007,0.423628058738
-5.09677419355,6.03225806452,0.110266901429,0.138743097036,0.187662947371,0.274244815772,0.370162460304
-5.09677419355,7.25806451613,0.0974001257813,0.122252318497,0.165261142825,0.241938479153,0.326934297231
-5.09677419355,8.48387096774,0.0866008497319,0.108568432893,0.146722126703,0.21498379894,0.290672509397
-5.09677419355,9.70967741935,0.0774615259142,0.0970885032817,0.131201888335,0.192275529789,0.259997611184
-5.09677419355,10.935483871,0.0696664223425,0.0873592727063,0.118068781438,0.17297144119,0.233843097026
-5.09677419355,12.1612903226,0.0629694827458,0.0790373951438,0.106847630448,0.156424461656,0.211377993888
-5.09677419355,13.3870967742,0.0571771585961,0.0718599787261,0.0971760373704,0.142133179148,0.191949712221
-3.93548387097,-23.3870967742,0.132949684963,0.166783710065,0.228707499854,0.317134585528,0.431512241293
-3.93548387097,-22.1612903226,0.143350617916,0.190225899663,0.249614128459,0.343570511883,0.479029128126
-3.93548387097,-20.935483871,0.14617529661,0.216939691403,0.258907499119,0.375640360977,0.510575112009
-3.93548387097,-19.7096774194,0.15500744898,6.99858474652,0.310014897959,0.465022346939,0.620029795918
-3.93548387097,-18.4838709677,0.178346132542,0.262688161589,0.313325612163,0.453520441097,0.61524715602
-3.93548387097,-17.2580645161,0.190524665203,0.250452223736,0.348073440647,0.491521816785,0.669801925679
-3.93548387097,-16.0322580645,0.200923906875,0.266617157212,0.375586768741,0.531801816837,0.731696248052
-3.93548387097,-14.8064516129,0.217084516697,0.294593769998,0.413797991904,0.584574682488,0.799406464021
-3.93548387097,-13.5806451613,0.241886230406,0.32541586857,0.455312487319,0.64263721004,0.877298883832
-3.93548387097,-12.3548387097,0.268821513393,0.361409887471,0.50616705212,0.712761008088,0.971590317477
-3.93548387097,-11.1290322581,0.30185063762,0.406392863815,0.569765766789,0.801709417055,1.09119369491
-3.93548387097,-9.90322580645,0.345496819387,0.465398175458,0.651622048924,0.917543844474,1.2494275781
-3.93548387097,-8.67741935484,0.403040015376,0.542261198668,0.76066364791,1.0735744395,1.46697534989
-3.93548387097,-7.45161290323,0.47803283129,0.642745366953,0.901885183408,1.28222793911,1.7611815411
-3.93548387097,-6.22580645161,0.557342938776,25.6934933989,1.11468587755,1.67202881633,2.2293717551
-3.93548387097,-5.0,0.711946509361,0.843588827605,1.2066448899,1.67446052001,2.30823940444
-3.93548387097,-3.77419354839,0.614899798576,0.796246418937,1.0819038954,1.54713724333,2.10548512572
-3.93548387097,-2.54838709677,0.492527533988,0.657022228843,0.897793518036,1.25818652554,1.73143705168
-3.93548387097,-1.32258064516,0.389440865908,0.516786868332,0.705920272812,0.993216270608,1.36592524572
-3.93548387097,-0.0967741935484,0.311022693425,0.407111259284,0.555028118192,0.788535854432,1.0805078957
-3.93548387097,1.12903225806,0.252546797564,0.325903280317,0.443207131605,0.636059827565,0.867426317456
-3.93548387097,2.35483870968,0.208595209673,0.266016963497,0.360900619558,0.522334748919,0.709033238458
-3.93548387097,3.58064516129,0.17499864407,0.221245178575,0.299585403248,0.436300302185,0.59001741334
-3.93548387097,4.8064516129,0.148840364923,0.187102577648,0.253016249579,0.370000500275,0.499628160139
-3.93548387097,6.03225806452,0.128111659199,0.160514502567,0.21688994239,0.31793028131,0.429981969221
-3.93548387097,7.25806451613,0.11142035446,0.139393978511,0.188284456058,0.276297780486,0.373938227501
-3.93548387097,8.48387096774,0.0977861751284,0.122313419278,0.165207175153,0.242468069819,0.328183479247
-3.93548387097,9.70967741935,0.0865069496814,0.108280694496,0.146280317252,0.214582852615,0.290345473947
-3.93548387097,10.935483871,0.0770702459647,0.0965925275266,0.130533016881,0.191306052572,0.258694550982
-3.93548387097,12.1612903226,0.0690953077231,0.0867405232863,0.117267796288,0.171660863705,0.231949322394
-3.93548387097,13.3870967742,0.0622950539157,0.0783495409919,0.105972129323,0.154918193364,0.209144480747
-2.77419354839,-23.3870967742,0.143257234491,0.183108085638,0.247516713465,0.34262677166,0.46991832241
-2.77419354839,-22.1612903226,0.150523094774,0.211425698485,0.264699911006,0.364988519376,0.514228506172
-2.77419354839,-20.935483871,6.96348460122,6.96347778928,0.302103346939,0.453155020408,0.604206693878
-2.77419354839,-19.7096774194,0.195193807246,0.244431830792,0.334160570772,0.461254679076,0.626462326868
-2.77419354839,-18.4838709677,0.179031154178,0.243398674677,0.340945627067,0.484172895669,0.664725585511
-2.77419354839,-17.2580645161,0.195263581887,0.264883080701,0.37050542599,0.522893348024,0.714906929808
-2.77419354839,-16.0322580645,0.213250912235,0.285950083193,0.40145663663,0.565178547798,0.768921424282
-2.77419354839,-14.8064516129,0.230994251841,0.310849531819,0.434298040045,0.609115318243,0.825439994535
-2.77419354839,-13.5806451613,0.251559033595,0.33824040425,0.470408575816,0.65773702772,0.887133294803
-2.77419354839,-12.3548387097,0.275468223491,0.36971322481,0.513170075099,0.715192292291,0.960600786759
-2.77419354839,-11.1290322581,0.304735985024,0.408674998195,0.566512195275,0.787161820362,1.05385463756
-2.77419354839,-9.90322580645,0.343187409357,0.459772257957,0.636620715681,0.882878565179,1.141495
-2.77419354839,-8.67741935484,0.396701315783,0.531455588159,0.735427457753,1.01949170694,1.271636
-2.77419354839,-7.45161290323,0.476232235043,0.638554031243,0.884357993272,1.22745810037,1.535935
-2.77419354839,-6.22580645161,0.602417437509,0.809765395469,1.12485668689,1.5686667141,2.10898156032
-2.77419354839,-5.0,0.804920320134,1.08372031133,1.51879526377,2.14311350355,2.91970918225
-2.77419354839,-3.77419354839,1.17756635282,1.54084369115,2.04394389689,2.81898426117,3.90592530892
-2.77419354839,-2.54838709677,0.945609348122,1.23606590063,1.68263524415,2.3904882936,3.26551506272
-2.77419354839,-1.32258064516,0.647353075768,0.861950921396,1.17781158158,1.65309299587,2.2748786234
-2.77419354839,-0.0967741935484,0.462435798637,0.60498575981,0.824722563713,1.17212144085,1.60585177116
-2.77419354839,1.12903225806,0.347108240144,0.445662730559,0.605466952071,0.872074964027,1.18700680066
-2.77419354839,2.35483870968,0.271070929468,0.343212278663,0.464894364168,0.676328581673,0.915216549305
-2.77419354839,3.58064516129,0.218232655422,0.273896409373,0.370243458482,0.542052237724,0.732504766876
-2.77419354839,4.8064516129,0.179904483392,0.224731869216,0.303435359659,0.445762010114,0.603718707154
-2.77419354839,6.03225806452,0.151127243286,0.18843309888,0.254825216729,0.374099165027,0.507109100834
-2.77419354839,7.25806451613,0.128911100626,0.160733186375,0.217366844737,0.319112270433,0.432571877932
-2.77419354839,8.48387096774,0.111364694652,0.139016743386,0.187777330477,0.275851744322,0.373725105553
-2.77419354839,9.70967741935,0.0972410474043,0.121610481768,0.164255882678,0.24110594761,0.326367626442
-2.77419354839,10.935483871,0.0856893211384,0.107401885563,0.145145763909,0.212714440878,0.287635917081
-2.77419354839,12.1612903226,0.0761110735929,0.0956249972188,0.129306826998,0.189175900018,0.255519978449
-2.77419354839,13.3870967742,0.0680744983823,0.0857368934031,0.116004479123,0.16941718123,0.228752649686
-1.61290322581,-23.3870967742,0.154087370382,0.200653534258,0.267317916249,0.369153137357,0.510413756874
-1.61290322581,-22.1612903226,6.43417712443,6.43417712443,6.43417712443,0.418256510204,0.557675346939
-1.61290322581,-20.935483871,7.98458558475,7.98457759607,7.98457759607,0.530536836735,0.70738244898
-1.61290322581,-19.7096774194,0.181481547238,0.243191445703,0.34126890356,0.482557292896,0.661853591658
-1.61290322581,-18.4838709677,0.193047756888,0.261222717694,0.367100405292,0.518522389557,0.708869394449
-1.61290322581,-17.2580645161,0.209341747597,0.281260144282,0.39345068358,0.553781905085,0.752417184473
-1.61290322581,-16.0322580645,0.223832016947,0.300345687956,0.418834465109,0.586182196653,0.791053895769
-1.61290322581,-14.8064516129,0.23805068538,0.31958227047,0.443397620342,0.617000265711,0.827363451237
-1.61290322581,-13.5806451613,0.253102071512,0.338679330334,0.468486646312,0.648665946524,0.863708
-1.61290322581,-12.3548387097,0.269411202546,0.360148446472,0.496491438512,0.684838549786,0.816211
-1.61290322581,-11.1290322581,0.289336350944,0.386009536442,0.531011521235,0.730226999837,0.801998
-1.61290322581,-9.90322580645,0.314828916493,0.419584642336,0.576407657277,0.79085463682,0.817706
-1.61290322581,-8.67741935484,0.350421283245,0.466677150274,0.640031451465,0.867063,0.867063
-1.61290322581,-7.45161290323,0.403060724004,0.536273520304,0.735101075775,0.963354,0.963354
-1.61290322581,-6.22580645161,0.486848676721,0.647983343271,0.888017272175,1.140124,1.140124
-1.61290322581,-5.0,0.638186946177,0.849777591344,1.16549483041,1.491443,1.491443
-1.61290322581,-3.77419354839,0.969309929546,1.29368282061,1.77941666793,2.391074,2.391074
-1.61290322581,-2.54838709677,1.83154027951,2.47362051913,3.46421003187,4.88359424227,6.65528558505
-1.61290322581,-1.32258064516,1.64805553278,2.18527777042,2.98254176242,4.19609835032,5.76158479657
-1.61290322581,-0.0967741935484,0.843949187091,1.10406109419,1.50504510906,2.13906420839,2.93051814508
-1.61290322581,1.12903225806,0.532521130138,0.677058949458,0.917951745458,1.3314445269,1.80501724303
-1.61290322581,2.35483870968,0.375949755091,0.470189176997,0.635036147561,0.932083302637,1.26165757184
-1.61290322581,3.58064516129,0.283642098613,0.352128372624,0.478308787351,0.700498901195,0.951515001889
-1.61290322581,4.8064516129,0.223552593088,0.276952507129,0.376999286957,0.551497456452,0.749864761008
-1.61290322581,6.03225806452,0.181734506225,0.225325983767,0.306474703011,0.448537053626,0.609638842667
-1.61290322581,7.25806451613,0.151204746835,0.187900822166,0.254979197411,0.373649941551,0.507304324165
-1.61290322581,8.48387096774,0.128099135774,0.159661089465,0.216003670995,0.317058189402,0.429865291035
-1.61290322581,9.70967741935,0.110114425184,0.137688726586,0.185969670673,0.273013197351,0.369586171104
-1.61290322581,10.935483871,0.0957966111934,0.120175077836,0.162446629412,0.237922195609,0.321591027722
-1.61290322581,12.1612903226,0.0841849439588,0.105941091812,0.143315859561,0.209428057531,0.28267747377
-1.61290322581,13.3870967742,0.0746206959136,0.0941855009867,0.127503702306,0.185922984649,0.251305224295
-0.451612903226,-23.3870967742,0.165839325565,0.219246489378,0.288609307135,0.397590810872,0.553423839457
-0.451612903226,-22.1612903226,0.158589408163,7.3188986946,7.3188986946,7.31890053137,0.634357632653
-0.451612903226,-20.935483871,0.195911305081,0.251580763134,0.340617520596,0.489260738039,0.659996903076
-0.451612903226,-19.7096774194,0.195181575296,0.261117436479,0.366407523544,0.519048911276,0.70957511058
-0.451612903226,-18.4838709677,0.207147122914,0.280894253952,0.392331376047,0.552265338132,0.751254443833
-0.451612903226,-17.2580645161,0.221121215218,0.296631125142,0.413025167477,0.577977387541,0.77959638495
-0.451612903226,-16.0322580645,0.23142674553,0.310130327092,0.429503001612,0.596720631658,0.79882774065
-0.451612903226,-14.8064516129,0.239616841146,0.320458640363,0.442684504623,0.611339812893,0.784643
-0.451612903226,-13.5806451613,0.247469099497,0.330339845315,0.454460333383,0.624769324281,0.710457
-0.451612903226,-12.3548387097,0.255927548933,0.340683277158,0.467644397661,0.640817388498,0.668914
-0.451612903226,-11.1290322581,0.266005084474,0.354075379058,0.484968142342,0.65074,0.65074
-0.451612903226,-9.90322580645,0.279932685082,0.372144042777,0.509251843926,0.6524,0.6524
-0.451612903226,-8.67741935484,0.299884551506,0.398251177503,0.544571829203,0.674206,0.674206
-0.451612903226,-7.45161290323,0.329207872664,0.437081707765,0.597180482828,0.720467,0.720467
-0.451612903226,-6.22580645161,0.373571683214,0.496021968713,0.677494105357,0.801869,0.801869
-0.451612903226,-5.0,0.446082626789,0.592196126087,0.808556182156,0.942932,0.942932
-0.451612903226,-3.77419354839,0.578409927306,0.767511873972,1.04820579156,1.207303,1.207303
-0.451612903226,-2.54838709677,0.879675667291,1.16768321124,1.59394979855,1.816861,1.816861
-0.451612903226,-1.32258064516,2.14294209993,2.84603828787,3.88799815624,4.408319,4.408319
-0.451612903226,-0.0967741935484,3.53857198826,4.65252957565,6.34709157818,8.98868415629,12.332162633
-0.451612903226,1.12903225806,1.05044164741,1.29279097953,1.77170690196,2.58206314424,3.5219084223
-0.451612903226,2.35483870968,0.585547286177,0.712129257386,0.987903008731,1.42999523633,1.9617230004
-0.451612903226,3.58064516129,0.392966210433,0.478675260314,0.662971393151,0.960560306038,1.3167219221
-0.451612903226,4.8064516129,0.288784258802,0.353599314282,0.487148222185,0.707943793711,0.968006642185
-0.451612903226,6.03225806452,0.224099476116,0.276033739109,0.377981165309,0.551173208036,0.751494168002
-0.451612903226,7.25806451613,0.180386781614,0.223481057679,0.304215078648,0.445059686185,0.605138132242
-0.451612903226,8.48387096774,0.149095291793,0.185702096664,0.251416157508,0.368910405114,0.500330760519
-0.451612903226,9.70967741935,0.125738975583,0.157366171651,0.212601274773,0.311914157013,0.422071376764
-0.451612903226,10.935483871,0.107741556305,0.13542350304,0.183150927937,0.267873590318,0.36174618286
-0.451612903226,12.1612903226,0.0935217044701,0.118002100559,0.159736173871,0.232983375974,0.314880043318
-0.451612903226,13.3870967742,0.0820554305386,0.10389018954,0.140745381953,0.204779592142,0.277198111865
0.709677419355,-23.3870967742,0.179231009301,0.238587762263,0.312356055536,0.429788210024,0.600086168433
0.709677419355,-22.1612903226,8.26354363289,8.26353554919,0.358505020408,0.537757530612,0.717010040816
0.709677419355,-20.935483871,0.201356614299,0.267461998734,0.366679456136,0.518927324828,0.718746769471
0.709677419355,-19.7096774194,0.210041796083,0.282874648954,0.395654833179,0.559357757404,0.762570379201
0.709677419355,-18.4838709677,0.222377543578,0.299100135506,0.41764345725,0.585061832122,0.791425912251
0.709677419355,-17.2580645161,0.231376659049,0.310191987301,0.430071220433,0.597618709311,0.800946214579
0.709677419355,-16.0322580645,0.235941301372,0.315362539151,0.43486546427,0.600758227648,0.788417
0.709677419355,-14.8064516129,0.237719274666,0.317116949535,0.435944496223,0.598682999428,0.681595
0.709677419355,-13.5806451613,0.238651126964,0.317781030006,0.435666601433,0.596299686665,0.617182
0.709677419355,-12.3548387097,0.240219611207,0.319133413915,0.436756106402,0.578796,0.578796
0.709677419355,-11.1290322581,0.243300846376,0.323146692712,0.441674640367,0.55881,0.55881
0.709677419355,-9.90322580645,0.249207307464,0.331034780687,0.452087770622,0.553818,0.553818
0.709677419355,-8.67741935484,0.259369095417,0.344126436075,0.470007362487,0.563027,0.563027
0.709677419355,-7.45161290323,0.275030914402,0.365210285765,0.498649671929,0.587919,0.587919
0.709677419355,-6.22580645161,0.299312215418,0.39732665862,0.542415337154,0.63289,0.63289
0.709677419355,-5.0,0.336880094481,0.446997448711,0.61056830026,0.707449,0.707449
0.709677419355,-3.77419354839,0.397599043336,0.527596107811,0.720773935651,0.832403,0.832403
0.709677419355,-2.54838709677,0.505751360987,0.671199156243,0.917184670404,1.059896,1.059896
0.709677419355,-1.32258064516,0.738048445008,0.980319782831,1.33928684539,1.562565,1.562565
0.709677419355,-0.0967741935484,1.54077590786,2.047695683,2.80066223122,3.394395,3.394395
0.709677419355,1.12903225806,5.1923015712,6.92709613368,9.41621148924,13.1315835463,17.8607329684
0.709677419355,2.35483870968,1.18943375835,1.4005537083,2.01552362739,2.80013367609,3.92537092537
0.709677419355,3.58064516129,0.609128508338,0.709374373883,1.02898234606,1.45099993912,2.03370237944
0.709677419355,4.8064516129,0.395651209552,0.475426755174,0.66776682778,0.959874933554,1.32455095195
0.709677419355,6.03225806452,0.286032083447,0.349588919478,0.482545679312,0.700571301874,0.958775303882
0.709677419355,7.25806451613,0.219905106621,0.271819441575,0.370889843978,0.541940470281,0.737668910712
0.709677419355,8.48387096774,0.176010514695,0.219378162454,0.296806292089,0.435700285803,0.590722599336
0.709677419355,9.70967741935,0.14496081513,0.18185404685,0.245838805521,0.360068098163,0.4866910282
0.709677419355,10.935483871,0.121975922646,0.153825594296,0.2082112221,0.303804363145,0.410525505147
0.709677419355,12.1612903226,0.104369300463,0.132198099049,0.17911847613,0.260535679064,0.352760958121
0.709677419355,13.3870967742,0.0905175547454,0.115078534141,0.15605232191,0.226383529199,0.307019616869
1.87096774194,-23.3870967742,0.195045826988,0.258163086899,0.339564624788,0.46776464348,0.651445876823
1.87096774194,-22.1612903226,9.04443382093,9.04442477186,9.04442477186,0.600958591837,0.801278122449
1.87096774194,-20.935483871,0.215856518167,0.288642198906,0.40305829554,0.567306205158,0.781625046547
1.87096774194,-19.7096774194,0.226147571817,0.306806922153,0.428522479495,0.603393255649,0.820874694199
1.87096774194,-18.4838709677,0.237521908506,0.318260252969,0.443141840856,0.618049257058,0.831496854171
1.87096774194,-17.2580645161,0.240646144377,0.321533353113,0.444535726918,0.615041841161,0.819164490496
1.87096774194,-16.0322580645,0.238705300482,0.31814725798,0.43751690356,0.601509668592,0.712259
1.87096774194,-14.8064516129,0.234227693614,0.311609107938,0.427021224045,0.584624731174,0.616216
1.87096774194,-13.5806451613,0.229284360375,0.304740708841,0.416931292575,0.556802,0.556802
1.87096774194,-12.3548387097,0.225549850353,0.299516920779,0.409334120862,0.519895,0.519895
1.87096774194,-11.1290322581,0.223800310797,0.297256276607,0.405966236079,0.498679,0.498679
1.87096774194,-9.90322580645,0.224915041121,0.298436660037,0.407554554599,0.489843,0.489843
1.87096774194,-8.67741935484,0.229164382469,0.30420908966,0.415392208321,0.492132,0.492132
1.87096774194,-7.45161290323,0.237531529821,0.315500995145,0.430798007134,0.505863,0.505863
1.87096774194,-6.22580645161,0.251527781062,0.334003568407,0.456092060208,0.533049,0.533049
1.87096774194,-5.0,0.273241770916,0.362849775108,0.49555849499,0.578197,0.578197
1.87096774194,-3.77419354839,0.306639669079,0.407323876768,0.556435205158,0.650463,0.650463
1.87096774194,-2.54838709677,0.360245779768,0.478685579843,0.654158927484,0.769494,0.769494
1.87096774194,-1.32258064516,0.4542358462,0.603116362953,0.824664702443,0.984174,0.984174
1.87096774194,-0.0967741935484,0.648343310193,0.861603955795,1.17854012797,1.425161,1.425161
1.87096774194,1.12903225806,1.23614932583,1.64490993669,2.25234868265,2.639117,2.639117
1.87096774194,2.35483870968,3.46132776569,4.61731985425,6.36105789789,8.77109362353,11.6315198288
1.87096774194,3.58064516129,1.20550350575,1.44556367298,2.05278321588,2.85413969651,3.87699509452
1.87096774194,4.8064516129,0.599401505264,0.697706071069,1.01284406298,1.42177812599,2.00022815109
1.87096774194,6.03225806452,0.384050076765,0.464970704286,0.648093545655,0.935862058315,1.28666899757
1.87096774194,7.25806451613,0.275878577241,0.340802233554,0.465320614598,0.679750027309,0.925519385019
1.87096774194,8.48387096774,0.211431622642,0.264284968673,0.356976935488,0.524233344161,0.709796147049
1.87096774194,9.70967741935,0.168973975057,0.212907672218,0.288138186568,0.420706392489,0.568322827297
1.87096774194,10.935483871,0.139083657766,0.176282310466,0.238895239407,0.347332060035,0.470461054686
1.87096774194,12.1612903226,0.117024865628,0.149007120812,0.202137592952,0.292923842682,0.397554198899
1.87096774194,13.3870967742,0.10016123579,0.128009932226,0.173791014786,0.251177882432,0.341423831962
3.03225806452,-23.3870967742,0.21345476288,0.277103912329,0.370163007524,0.511546375162,0.706345965819
3.03225806452,-22.1612903226,9.93291279564,9.93290285764,9.93290285764,0.659993693878,0.879991591837
3.03225806452,-20.935483871,0.231271495975,0.314965492732,0.441206504337,0.623734947592,0.855000445233
3.03225806452,-19.7096774194,0.246821956256,0.332634007527,0.465058917905,0.653208754117,0.884979244671
3.03225806452,-18.4838709677,0.252919067071,0.339069519879,0.469904074723,0.65353390322,0.874683359373
3.03225806452,-17.2580645161,0.249447734475,0.33313234483,0.459112098382,0.632417530211,0.820982
3.03225806452,-16.0322580645,0.240818887761,0.320641982335,0.439774284223,0.602433874052,0.665521
3.03225806452,-14.8064516129,0.230492295763,0.306246428036,0.419095752214,0.572274909386,0.574235
3.03225806452,-13.5806451613,0.220814844244,0.293349628879,0.400791320311,0.51689,0.51689
3.03225806452,-12.3548387097,0.213511594086,0.283380943932,0.387142765107,0.480264,0.480264
3.03225806452,-11.1290322581,0.20854164104,0.27680099409,0.377958599031,0.457863,0.457863
3.03225806452,-9.90322580645,0.206391938248,0.273844117124,0.37397184316,0.446375,0.446375
3.03225806452,-8.67741935484,0.207184201064,0.275089831552,0.375684723263,0.444283,0.444283
3.03225806452,-7.45161290323,0.211430325934,0.280854070217,0.383596628456,0.451324,0.451324
3.03225806452,-6.22580645161,0.219695771555,0.291889600169,0.398733883389,0.468401,0.468401
3.03225806452,-5.0,0.233193189238,0.309834250891,0.423338209015,0.497889,0.497889
3.03225806452,-3.77419354839,0.253993113135,0.337423423545,0.461161316455,0.544552,0.544552
3.03225806452,-2.54838709677,0.285954739172,0.379737767508,0.519170647453,0.617818,0.617818
3.03225806452,-1.32258064516,0.33691636186,0.447562013856,0.611999294668,0.737917,0.737917
3.03225806452,-0.0967741935484,0.425595059578,0.565633377621,0.77366136104,0.937563,0.937563
3.03225806452,1.12903225806,0.608797427637,0.808959787691,1.10719627092,1.324708,1.324708
3.03225806452,2.35483870968,1.15754982213,1.5397272907,2.10929449766,2.540243,2.540243
3.03225806452,3.58064516129,3.02417626875,4.04932341728,5.60382232381,7.73702161202,10.2995361242
3.03225806452,4.8064516129,1.12144898755,1.33037776999,1.90441297845,2.6471376126,3.67037315467
3.03225806452,6.03225806452,0.560059857305,0.669800768368,0.94552082259,1.35575265157,1.87516347927
3.03225806452,7.25806451613,0.360244958963,0.446238948038,0.607629226474,0.88912123569,1.20902631878
3.03225806452,8.48387096774,0.259595519576,0.326481764394,0.441694754533,0.645817159124,0.871919366168
3.03225806452,9.70967741935,0.199493612675,0.25311215786,0.343122507227,0.498521154481,0.675666579349
3.03225806452,10.935483871,0.159819115106,0.203978678879,0.276868799307,0.40055796984,0.544243319738
3.03225806452,12.1612903226,0.131836630412,0.168997706807,0.229592998367,0.331131548374,0.450693915497
3.03225806452,13.3870967742,0.111150031224,0.142962442924,0.194353039975,0.27963203497,0.381092502855
4.1935483871,-23.3870967742,0.23321831026,0.294077499033,0.40182024951,0.557134172315,0.759736905328
4.1935483871,-22.1612903226,10.8748451839,10.8748345457,0.47179355102,0.707690326531,0.943587102041
4.1935483871,-20.935483871,0.256962034426,0.347397715515,0.483926738371,0.687301799805,0.942574881031
4.1935483871,-19.7096774194,0.270235578045,0.363618842798,0.507926289004,0.711924613861,0.962411950883
4.1935483871,-18.4838709677,0.270477333282,0.36264909137,0.501070220738,0.694358711114,0.926148555651
4.1935483871,-17.2580645161,0.259255356095,0.346058119315,0.475533064353,0.653040181582,0.79391
4.1935483871,-16.0322580645,0.243665783212,0.32393240053,0.443469106537,0.60639716323,0.639321
4.1935483871,-14.8064516129,0.227883668579,0.302506337837,0.41356118499,0.548527,0.548527
4.1935483871,-13.5806451613,0.214609190697,0.284877044636,0.389030575181,0.491085,0.491085
4.1935483871,-12.3548387097,0.204087863342,0.271028913974,0.370022431908,0.453744,0.453744
4.1935483871,-11.1290322581,0.196982397736,0.261404033213,0.356987543506,0.42996,0.42996
4.1935483871,-9.90322580645,0.192684026234,0.255704660264,0.349255503569,0.416311,0.416311
4.1935483871,-8.67741935484,0.191323869577,0.254040039487,0.347024653148,0.411076,0.411076
4.1935483871,-7.45161290323,0.192911168949,0.256214171163,0.350050384431,0.41364,0.41364
4.1935483871,-6.22580645161,0.197804895596,0.262739570985,0.359033735634,0.4243,0.4243
4.1935483871,-5.0,0.20663886863,0.274460295875,0.375132298002,0.444362,0.444362
4.1935483871,-3.77419354839,0.220571153028,0.292903485645,0.40044007668,0.476564,0.476564
4.1935483871,-2.54838709677,0.241693293789,0.320958498597,0.438860794858,0.526143,0.526143
4.1935483871,-1.32258064516,0.273923112794,0.363990527603,0.497726029399,0.603417,0.603417
4.1935483871,-0.0967741935484,0.325625843299,0.432821496076,0.591951395033,0.719754,0.719754
4.1935483871,1.12903225806,0.416967962897,0.55425945268,0.758300108022,0.918526,0.918526
4.1935483871,2.35483870968,0.611067068248,0.812738349812,1.11239091392,1.354043,1.354043
4.1935483871,3.58064516129,1.25029748613,1.66310325404,2.2777048218,2.865877,2.865877
4.1935483871,4.8064516129,2.92859149019,4.00215883315,5.58668796618,7.86620772045,10.7288014836
4.1935483871,6.03225806452,0.959406601838,1.12346100442,1.62115303055,2.29633063739,3.20923954351
4.1935483871,7.25806451613,0.49960823901,0.624407525186,0.843721896017,1.23943021257,1.67832569002
4.1935483871,8.48387096774,0.327853131017,0.416723517882,0.565245446667,0.820266587338,1.11300150719
4.1935483871,9.70967741935,0.23902569024,0.306292116021,0.416142096461,0.600383894366,0.817262238295
4.1935483871,10.935483871,0.185142963165,0.238430275387,0.324251464594,0.466144358126,0.635698376519
4.1935483871,12.1612903226,0.149194681455,0.192805978339,0.262373376623,0.376251325793,0.51373809352
4.1935483871,13.3870967742,0.123642869222,0.160206334852,0.218113732944,0.312195360533,0.42665781556
5.35483870968,-23.3870967742,0.25154339987,0.307379040867,0.430044665692,0.597238233061,0.803995124164
5.35483870968,-22.1612903226,11.3308289071,11.3308289071,11.3308289071,0.736565510204,0.982087346939
5.35483870968,-20.935483871,0.281939526625,0.387216654536,0.541240895306,0.764287855469,1.0479153428
5.35483870968,-19.7096774194,0.299726569702,0.402530226845,0.560629057762,0.78422861906,1.059036373
5.35483870968,-18.4838709677,0.292179262885,0.390913742568,0.539460592131,0.745076830954,0.990508845709
5.35483870968,-17.2580645161,0.271667753099,0.361856571196,0.496326902301,0.679988945399,0.791075
5.35483870968,-16.0322580645,0.24820603248,0.329801668563,0.450974852322,0.61557503959,0.629441
5.35483870968,-14.8064516129,0.227258703844,0.301785784657,0.412231239634,0.53543,0.53543
5.35483870968,-13.5806451613,0.210447931361,0.279300711404,0.381408352315,0.475977,0.475977
5.35483870968,-12.3548387097,0.197689129666,0.262476797594,0.358372945498,0.436956,0.436956
5.35483870968,-11.1290322581,0.188705528611,0.250432894883,0.342060447814,0.411435,0.411435
5.35483870968,-9.90322580645,0.182890896403,0.242720433347,0.331595910357,0.395756,0.395756
5.35483870968,-8.67741935484,0.179913852655,0.238857506563,0.326370248918,0.387983,0.387983
5.35483870968,-7.45161290323,0.179717526452,0.238641954803,0.326131952598,0.387237,0.387237
5.35483870968,-6.22580645161,0.182393265511,0.242204833729,0.331062124138,0.393437,0.393437
5.35483870968,-5.0,0.188279034631,0.249996732764,0.341780158931,0.407276,0.407276
5.35483870968,-3.77419354839,0.198069616448,0.262999163965,0.359597487832,0.43042,0.43042
5.35483870968,-2.54838709677,0.21302453799,0.28296448233,0.386921736236,0.466065,0.466065
5.35483870968,-1.32258064516,0.235416981254,0.312871266172,0.427816832682,0.520218,0.520218
5.35483870968,-0.0967741935484,0.269769345626,0.358629776126,0.490421681183,0.59881,0.59881
5.35483870968,1.12903225806,0.325600190647,0.432942319476,0.592119672513,0.724446,0.724446
5.35483870968,2.35483870968,0.427342581365,0.567834329126,0.777214434446,0.960391,0.960391
5.35483870968,3.58064516129,0.658270656734,0.875132604935,1.19827808834,1.531651,1.531651
5.35483870968,4.8064516129,1.60418344364,2.13220265666,2.92018019738,3.99073969495,4.174434
5.35483870968,6.03225806452,2.5828984522,3.07694911532,4.40066174577,6.1275676729,8.50182589815
5.35483870968,7.25806451613,0.766292818898,0.975851479263,1.32512634489,1.92114920757,2.61219810708
5.35483870968,8.48387096774,0.429834740869,0.55506323456,0.755520720896,1.08427620348,1.48108223949
5.35483870968,9.70967741935,0.29124894839,0.378013078683,0.514927506456,0.736271848877,1.00721648108
5.35483870968,10.935483871,0.21623021425,0.281452768656,0.38355524374,0.547288171443,0.749294356748
5.35483870968,12.1612903226,0.169497273603,0.221059915457,0.301340002089,0.429363723088,0.588165197555
5.35483870968,13.3870967742,0.137765900524,0.179946336188,0.245350494875,0.34920597543,0.47855951008
6.51612903226,-23.3870967742,0.265037704847,0.315279175657,0.449918318594,0.624720397431,0.856891619812
6.51612903226,-22.1612903226,0.310613510526,0.429992567086,0.545517162246,0.744545373195,1.0583518307
6.51612903226,-20.935483871,0.325503606461,0.436837200055,0.608193197299,0.858568669145,1.18072525965
6.51612903226,-19.7096774194,0.335906000334,0.450569812706,0.62761165933,0.878524613263,1.18489952986
6.51612903226,-18.4838709677,0.319906455325,0.427147933712,0.588672125419,0.81152083457,1.07691119078
6.51612903226,-17.2580645161,0.287770207575,0.382602434474,0.524438863384,0.717401873228,0.811956
6.51612903226,-16.0322580645,0.255506459966,0.33930674618,0.463768865177,0.632470576399,0.63442
6.51612903226,-14.8064516129,0.229033555696,0.304103299513,0.415423238171,0.533268,0.533268
6.51612903226,-13.5806451613,0.208873943691,0.277201482758,0.378653191704,0.469803,0.469803
6.51612903226,-12.3548387097,0.19393505829,0.257499262249,0.351634401073,0.428043,0.428043
6.51612903226,-11.1290322581,0.183379763964,0.243409996595,0.332524306501,0.400287,0.400287
6.51612903226,-9.90322580645,0.176198240054,0.233849729772,0.319546781883,0.382476,0.382476
6.51612903226,-8.67741935484,0.171974408462,0.228277192138,0.311987626884,0.37241,0.37241
6.51612903226,-7.45161290323,0.170440424578,0.226272711986,0.309299178057,0.368974,0.368974
6.51612903226,-6.22580645161,0.171530233762,0.227721519998,0.311330586088,0.371808,0.371808
6.51612903226,-5.0,0.175399514909,0.232894644495,0.318426387295,0.381209,0.381209
6.51612903226,-3.77419354839,0.182472893278,0.242346530426,0.331372544413,0.398208,0.398208
6.51612903226,-2.54838709677,0.193563810272,0.257158079344,0.351636059303,0.424881,0.424881
6.51612903226,-1.32258064516,0.210125274446,0.279276368157,0.381868820209,0.465054,0.465054
6.51612903226,-0.0967741935484,0.234918575901,0.312281746262,0.427044446459,0.523987,0.523987
6.51612903226,1.12903225806,0.273451450191,0.363280831651,0.497064758562,0.613543,0.613543
6.51612903226,2.35483870968,0.337522467193,0.448454926748,0.613266619654,0.768165,0.768165
6.51612903226,3.58064516129,0.459357273911,0.610514309479,0.834969895496,1.081991,1.081991
6.51612903226,4.8064516129,0.76815272836,1.02100015365,1.39593349591,1.894754,1.894754
6.51612903226,6.03225806452,2.51643860452,3.34099458108,4.5647587238,6.22079518234,6.798847
6.51612903226,7.25806451613,1.42835134247,1.85244654492,2.52866541333,3.62247476346,4.9712362305
6.51612903226,8.48387096774,0.592485491508,0.779638867201,1.06502430077,1.50872945937,2.07444871054
6.51612903226,9.70967741935,0.361429827588,0.475804433668,0.649788076492,0.919979144943,1.2644143305
6.51612903226,10.935483871,0.254388450961,0.33489551033,0.457283922,0.647351159876,0.889502537751
6.51612903226,12.1612903226,0.19307059956,0.254197374284,0.3470690996,0.491262064607,0.674949568991
6.51612903226,13.3870967742,0.15356541259,0.202221110306,0.276095430644,0.390735960593,0.536814924268
7.67741935484,-23.3870967742,0.271127960502,0.316454478115,0.458018301856,0.635376309827,0.898208484817
7.67741935484,-22.1612903226,0.352688921312,0.441582203408,0.606811947578,0.842050683601,1.14489910176
7.67741935484,-20.935483871,0.382634525186,0.515979153084,0.706282585128,0.982551270487,1.3549850781
7.67741935484,-19.7096774194,0.383390144671,0.515928073437,0.718603960764,1.00583093947,1.35858532452
7.67741935484,-18.4838709677,0.356678871854,0.476238366618,0.655990797074,0.903490931784,1.177331
7.67741935484,-17.2580645161,0.309678913509,0.411791602752,0.563656472041,0.770175238549,0.854784
7.67741935484,-16.0322580645,0.266777624271,0.354483073581,0.484233440133,0.654985,0.654985
7.67741935484,-14.8064516129,0.234063077611,0.310677003179,0.424393536164,0.541776,0.541776
7.67741935484,-13.5806451613,0.210109811957,0.278855178628,0.380976695207,0.471889,0.471889
7.67741935484,-12.3548387097,0.192808039203,0.256044834312,0.349698135619,0.426104,0.426104
7.67741935484,-11.1290322581,0.180630570327,0.239814329419,0.327657590895,0.395432,0.395432
7.67741935484,-9.90322580645,0.172190039133,0.228592405095,0.31240272767,0.375199,0.375199
7.67741935484,-8.67741935484,0.166857112874,0.221517712517,0.302789390532,0.36285,0.36285
7.67741935484,-7.45161290323,0.16421221229,0.218023891323,0.298054659843,0.357014,0.357014
7.67741935484,-6.22580645161,0.164069084539,0.217860545353,0.297861878708,0.357093,0.357093
7.67741935484,-5.0,0.166450782523,0.221058729168,0.302256268487,0.363094,0.363094
7.67741935484,-3.77419354839,0.171608828398,0.227954644267,0.311698437919,0.375634,0.375634
7.67741935484,-2.54838709677,0.180088697569,0.239279190539,0.327184721332,0.396109,0.396109
7.67741935484,-1.32258064516,0.192881290551,0.256359215586,0.350520636615,0.427116,0.427116
7.67741935484,-0.0967741935484,0.211850727313,0.281544475784,0.385045136773,0.473407,0.473407
7.67741935484,1.12903225806,0.240487707943,0.319470044519,0.43691354699,0.544144,0.544144
7.67741935484,2.35483870968,0.285317676696,0.37906715789,0.51841788105,0.657802,0.657802
7.67741935484,3.58064516129,0.362658535195,0.48164894122,0.658587202095,0.866791,0.866791
7.67741935484,4.8064516129,0.519395024591,0.690385913499,0.943616782411,1.271015,1.271015
7.67741935484,6.03225806452,0.971363439277,1.28942935466,1.76068388848,2.360172,2.360172
7.67741935484,7.25806451613,2.32077513801,3.10197233192,4.30377164979,6.12306377514,8.37836169806
7.67741935484,8.48387096774,0.868106806603,1.14889813099,1.57152579579,2.2179603967,3.05579843198
7.67741935484,9.70967741935,0.456154632017,0.607247264146,0.83073691653,1.16718415166,1.60901728864
7.67741935484,10.935483871,0.300674467117,0.399758503273,0.546666041439,0.768614588191,1.05892449313
7.67741935484,12.1612903226,0.219976330697,0.292096874153,0.399324240761,0.561897524909,0.773762574931
7.67741935484,13.3870967742,0.170912560711,0.2267416159,0.309916481549,0.436341910744,0.600667836933
8.83870967742,-23.3870967742,0.268877255921,0.330884801133,0.453150785695,0.659072015904,0.898720713527
8.83870967742,-22.1612903226,0.36886396372,0.437765447103,0.625872814444,0.869067508802,1.19799002103
8.83870967742,-20.935483871,0.413351693878,19.0761741769,19.0761741769,19.0761789643,1.65340677551
8.83870967742,-19.7096774194,0.446211653744,0.602808216394,0.841630133891,1.18273197545,1.60377435516
8.83870967742,-18.4838709677,0.409470054101,0.546698140374,0.753045875058,1.03695645577,1.349622
8.83870967742,-17.2580645161,0.340710062909,0.453027542765,0.620100414555,0.846861612966,0.926725
8.83870967742,-16.0322580645,0.283752952178,0.377002314059,0.514939284306,0.694328,0.694328
8.83870967742,-14.8064516129,0.243027750075,0.32258215749,0.44065530405,0.562016,0.562016
8.83870967742,-13.5806451613,0.214512145764,0.284725894135,0.389026379467,0.482459,0.482459
8.83870967742,-12.3548387097,0.194457011521,0.258300341921,0.352824011967,0.43095,0.43095
8.83870967742,-11.1290322581,0.180395065618,0.239566719369,0.327356025683,0.396427,0.396427
8.83870967742,-9.90322580645,0.170614227221,0.226562285096,0.309659653792,0.373281,0.373281
8.83870967742,-8.67741935484,0.164176975667,0.218015389005,0.298027527544,0.358462,0.358462
8.83870967742,-7.45161290323,0.160512606844,0.213161112459,0.291425849925,0.35029,0.35029
8.83870967742,-6.22580645161,0.159320032997,0.211596040518,0.289309447956,0.347923,0.347923
8.83870967742,-5.0,0.160516997338,0.2132111035,0.291532305069,0.351128,0.351128
8.83870967742,-3.77419354839,0.164230355336,0.218176282122,0.298327134189,0.360223,0.360223
8.83870967742,-2.54838709677,0.170828172969,0.226984399632,0.310365546638,0.376153,0.376153
8.83870967742,-1.32258064516,0.181014617925,0.240577990458,0.328929352622,0.40076,0.40076
8.83870967742,-0.0967741935484,0.19607537716,0.260615721721,0.356342813843,0.437376,0.437376
8.83870967742,1.12903225806,0.218464880582,0.290177370751,0.396878509699,0.492173,0.492173
8.83870967742,2.35483870968,0.252306777051,0.335148886047,0.458123754818,0.577506,0.577506
8.83870967742,3.58064516129,0.306698195018,0.40745929185,0.556907643032,0.721658,0.721658
8.83870967742,4.8064516129,0.404338739948,0.537222436169,0.734063781263,0.987155,0.987155
8.83870967742,6.03225806452,0.615983215888,0.817745482914,1.11663341281,1.498011,1.498011
8.83870967742,7.25806451613,1.18545776811,1.5772253451,2.16421758218,2.96469871936,3.495119
8.83870967742,8.48387096774,1.27987141137,1.50931264913,2.17070641197,3.01630221903,4.22134367212
8.83870967742,9.70967741935,0.579380676349,0.767489051878,1.04928687129,1.47925754745,2.03646587772
8.83870967742,10.935483871,0.354906596939,0.473870527869,0.648378733484,0.908931941883,1.25337650401
8.83870967742,12.1612903226,0.249706596222,0.333413727881,0.456139344962,0.639376991495,0.881548637501
8.83870967742,13.3870967742,0.18940107715,0.252659282658,0.345593175122,0.484706456273,0.668094635544
10.0,-23.3870967742,0.258949233208,0.333520111693,0.452999309651,0.650541492768,0.884483465487
10.0,-22.1612903226,0.361897820692,0.432478361495,0.610399591385,0.872370725389,1.20687640887
10.0,-20.935483871,0.51806136389,0.657379436766,0.894591804048,1.24064543437,1.69647058794
10.0,-19.7096774194,0.536951430371,0.721754997119,1.01012125628,1.42731624448,1.94830511366
10.0,-18.4838709677,0.489904428279,0.654005447875,0.901635719442,1.24304964822,1.64965739434
10.0,-17.2580645161,0.38749383241,0.514951646594,0.704391879446,0.961776378705,1.046581
10.0,-16.0322580645,0.309056320054,0.410549283521,0.560631130002,0.759471,0.759471
10.0,-14.8064516129,0.257112985847,0.341302205232,0.466333317697,0.596725,0.596725
10.0,-13.5806451613,0.222738909475,0.295689598014,0.404005403037,0.5027,0.5027
10.0,-12.3548387097,0.199024153328,0.2644408409,0.361281338155,0.443058,0.443058
10.0,-11.1290322581,0.18273908626,0.242750124815,0.331734158427,0.403363,0.403363
10.0,-9.90322580645,0.171397595596,0.227662557871,0.311187381335,0.376561,0.376561
10.0,-8.67741935484,0.163754084671,0.217504271839,0.297346983604,0.358886,0.358886
10.0,-7.45161290323,0.159057322373,0.211269239235,0.288851784463,0.348246,0.348246
10.0,-6.22580645161,0.156886053315,0.208394945742,0.284939665946,0.343525,0.343525
10.0,-5.0,0.157060297795,0.208641400898,0.285285417487,0.344259,0.344259
10.0,-3.77419354839,0.159605294719,0.212043275326,0.289936799619,0.350517,0.350517
10.0,-2.54838709677,0.164760496458,0.218921141401,0.299330144988,0.362923,0.362923
10.0,-1.32258064516,0.173036278653,0.229957470702,0.31439282203,0.382817,0.382817
10.0,-0.0967741935484,0.18534323221,0.246371386169,0.336784969347,0.412651,0.412651
10.0,1.12903225806,0.203516860137,0.270289132787,0.369683613738,0.456863,0.456863
10.0,2.35483870968,0.230363397751,0.305948073133,0.418123066771,0.523929,0.523929
10.0,3.58064516129,0.271400086146,0.36049581061,0.492813294187,0.631787,0.631787
10.0,4.8064516129,0.339659293468,0.451046012078,0.616224192421,0.825557,0.825557
10.0,6.03225806452,0.465340806148,0.618043250647,0.843757523132,1.138115,1.138115
10.0,7.25806451613,0.72639686805,0.965153361657,1.3199071239,1.8014470787,1.94242
10.0,8.48387096774,0.99304680578,1.33599597655,1.86947857759,2.63534339823,3.60233268449
10.0,9.70967741935,0.714942829829,0.870614893945,1.2063680945,1.74712783839,2.39459106721
10.0,10.935483871,0.413501431275,0.546450514811,0.746542398483,1.05388530461,1.44901115448
10.0,12.1612903226,0.280686030011,0.374541816329,0.512331093577,0.718397886175,0.990163182453
10.0,13.3870967742,0.208193038655,0.278285362793,0.380723162266,0.533206681185,0.735174781945
11.1612903226,-23.3870967742,0.243134929994,0.320191888231,0.436775124888,0.617651232697,0.847026666537
11.1612903226,-22.1612903226,0.338740872459,0.434988076376,0.590487143191,0.84981103632,1.15409261496
11.1612903226,-20.935483871,0.517698606157,0.605753055032,0.875312101374,1.21469927443,1.71293049568
11.1612903226,-19.7096774194,33.3576576468,33.357624272,33.357624272,2.21645393878,2.95527191837
11.1612903226,-18.4838709677,0.61843082094,0.828366341691,1.14469780812,1.58457390822,2.11272909165
11.1612903226,-17.2580645161,0.460935881052,0.61262864443,0.838433391385,1.14478430816,1.251321
11.1612903226,-16.0322580645,0.347453873416,0.461079846093,0.629946735004,0.858446929683,0.86494
11.1612903226,-14.8064516129,0.278438572535,0.369806546866,0.505067292685,0.651339,0.651339
11.1612903226,-13.5806451613,0.235681524422,0.312912238797,0.427475100211,0.535107,0.535107
11.1612903226,-12.3548387097,0.207238918333,0.275250123659,0.376256854199,0.463692,0.463692
11.1612903226,-11.1290322581,0.187931433701,0.249723199901,0.341281735185,0.416881,0.416881
11.1612903226,-9.90322580645,0.174651115316,0.232042881146,0.317191448788,0.385318,0.385318
11.1612903226,-8.67741935484,0.165583748837,0.21997962368,0.300742980094,0.364154,0.364154
11.1612903226,-7.45161290323,0.159747604366,0.212219492313,0.290158554544,0.350723,0.350723
11.1612903226,-6.22580645161,0.156578145355,0.208008658051,0.284414076536,0.343553,0.343553
11.1612903226,-5.0,0.155790422675,0.206967165846,0.282993734289,0.341927,0.341927
11.1612903226,-3.77419354839,0.157316841604,0.209005676789,0.285775665749,0.345688,0.345688
11.1612903226,-2.54838709677,0.161293144335,0.214304917354,0.293005315606,0.355203,0.355203
11.1612903226,-1.32258064516,0.168087198412,0.223357750212,0.305350885799,0.371452,0.371452
11.1612903226,-0.0967741935484,0.178384291278,0.237080822764,0.324052852347,0.396302,0.396302
11.1612903226,1.12903225806,0.193512015778,0.257049867558,0.351457771676,0.433116,0.433116
11.1612903226,2.35483870968,0.215592974177,0.286285746089,0.391266865342,0.488112,0.488112
11.1612903226,3.58064516129,0.24830042645,0.329691455514,0.450560950184,0.573755,0.573755
11.1612903226,4.8064516129,0.299517964056,0.397422247388,0.542785682183,0.718682,0.718682
11.1612903226,6.03225806452,0.384405042204,0.5104380275,0.696675616482,0.946092,0.946092
11.1612903226,7.25806451613,0.533649412905,0.708764605338,0.968920489515,1.3214947471,1.406925
11.1612903226,8.48387096774,0.723024929977,0.969287412328,1.34383603398,1.86724135669,2.50235965275
11.1612903226,9.70967741935,0.749271138129,0.969744266577,1.29871052668,1.79571591313,2.47611612576
11.1612903226,10.935483871,0.466532094291,0.58585255626,0.791926309575,1.15858392429,1.56482268151
11.1612903226,12.1612903226,0.309826110721,0.408291734015,0.557410724383,0.788275408197,1.08247203357
11.1612903226,13.3870967742,0.22592640947,0.300852803092,0.411354356829,0.577546335264,0.795409917442
12.3225806452,-23.3870967742,0.22374148355,0.297303690693,0.406178398673,0.570914699472,0.785263653541
12.3225806452,-22.1612903226,0.306652322404,0.404380943562,0.551779578589,0.779603564855,1.0697308323
12.3225806452,-20.935483871,0.463197762318,0.591052413159,0.801319521176,1.15849123459,1.56919000951
12.3225806452,-19.7096774194,0.799887926609,0.976449128481,1.36843002087,1.90208480918,2.56014765193
12.3225806452,-18.4838709677,0.830908999152,1.11703248713,1.55929358281,2.18234761012,2.94654823283
12.3225806452,-17.2580645161,0.589093829127,0.783005024082,1.07116146313,1.46398229006,1.639188
12.3225806452,-16.0322580645,0.407710566985,0.541306958652,0.739141266291,1.00764190033,1.036222
12.3225806452,-14.8064516129,0.310931075627,0.412836851441,0.563988181682,0.736507,0.736507
12.3225806452,-13.5806451613,0.255135455545,0.338796962843,0.46291951898,0.584356,0.584356
12.3225806452,-12.3548387097,0.219970306485,0.292106488802,0.399381680546,0.495258,0.495258
12.3225806452,-11.1290322581,0.196560886119,0.261221045364,0.357078909669,0.438337,0.438337
12.3225806452,-9.90322580645,0.180697890051,0.240135304927,0.328261362541,0.400339,0.400339
12.3225806452,-8.67741935484,0.169843248539,0.225679024324,0.308541252007,0.374707,0.374707
12.3225806452,-7.45161290323,0.162654501095,0.21610793129,0.295477328504,0.357915,0.357915
12.3225806452,-6.22580645161,0.158377575643,0.210414242504,0.287701403904,0.348007,0.348007
12.3225806452,-5.0,0.156603219003,0.208051372443,0.284470011851,0.343951,0.343951
12.3225806452,-3.77419354839,0.157166245362,0.208799480989,0.285482462582,0.345351,0.345351
12.3225806452,-2.54838709677,0.160107697183,0.212713610372,0.290812604227,0.352341,0.352341
12.3225806452,-1.32258064516,0.165681281515,0.220132723809,0.300918507928,0.365624,0.365624
12.3225806452,-0.0967741935484,0.174404058468,0.231749723029,0.316735620255,0.386656,0.386656
12.3225806452,1.12903225806,0.187244109803,0.248762649328,0.34000963779,0.418088,0.418088
12.3225806452,2.35483870968,0.20589566371,0.273367368236,0.373593006699,0.464741,0.464741
12.3225806452,3.58064516129,0.232853993452,0.309139454531,0.422321849713,0.535913,0.535913
12.3225806452,4.8064516129,0.273153343003,0.362473575286,0.4949724711,0.651658,0.651658
12.3225806452,6.03225806452,0.335174675193,0.444789792127,0.607308391321,0.827119098007,0.831563
12.3225806452,7.25806451613,0.431832244963,0.57362171008,0.784287472791,1.06993382267,1.144219
12.3225806452,8.48387096774,0.550794303571,0.736550785561,1.01668298825,1.40410552308,1.86826840463
12.3225806452,9.70967741935,0.5576001361,0.751489545483,1.07161583109,1.50477903713,2.07049843239
12.3225806452,10.935483871,0.495200167758,0.585278205516,0.839478154744,1.16564103836,1.61956101365
12.3225806452,12.1612903226,0.332592793988,0.422603676707,0.572716017857,0.830748474417,1.12422026154
12.3225806452,13.3870967742,0.240787512935,0.3164914362,0.431824428657,0.611693951191,0.839062896693
13.4838709677,-23.3870967742,0.202965571664,0.270015019591,0.369012559257,0.51832286055,0.713367051082
13.4838709677,-22.1612903226,0.271711985103,0.360923540106,0.49311756681,0.693332014369,0.953728934073
13.4838709677,-20.935483871,0.395811873479,0.521999661444,0.712349647761,1.00649227024,1.38135577146
13.4838709677,-19.7096774194,0.674065758096,0.846588615081,1.14364558296,1.67240438316,2.25855347868
13.4838709677,-18.4838709677,57.1647090373,57.1646518433,57.1646518433,3.79831659184,5.06442212245
13.4838709677,-17.2580645161,0.844899334528,1.1257505193,1.54371420192,2.11445438485,2.575983
13.4838709677,-16.0322580645,0.510787554886,0.678633994044,0.927168283862,1.26361112121,1.314403
13.4838709677,-14.8064516129,0.361484755157,0.479924154514,0.655919426855,0.874738,0.874738
13.4838709677,-13.5806451613,0.284266093174,0.377539727897,0.516143917289,0.657255,0.657255
13.4838709677,-12.3548387097,0.238855056984,0.317222351527,0.433722290797,0.539432,0.539432
13.4838709677,-11.1290322581,0.209651202229,0.278605840217,0.380915346848,0.468031,0.468031
13.4838709677,-9.90322580645,0.190189706609,0.252777759894,0.345563308407,0.421956,0.421956
13.4838709677,-8.67741935484,0.176934118687,0.235137691427,0.321473287729,0.391482,0.391482
13.4838709677,-7.45161290323,0.168034396283,0.223275798823,0.305276139006,0.370419,0.370419
13.4838709677,-6.22580645161,0.162434043605,0.215810823827,0.295074380476,0.357241,0.357241
13.4838709677,-5.0,0.159558719283,0.211974260398,0.289823208652,0.35049,0.35049
13.4838709677,-3.77419354839,0.159127735861,0.211391774079,0.289010781508,0.349478,0.349478
13.4838709677,-2.54838709677,0.161084426881,0.2139882355,0.292533150885,0.354107,0.354107
13.4838709677,-1.32258064516,0.165579255986,0.219965016465,0.300659823686,0.364839,0.364839
13.4838709677,-0.0967741935484,0.172992745004,0.229832744502,0.314077471895,0.382819,0.382819
13.4838709677,1.12903225806,0.184025903222,0.244503148082,0.334087015722,0.410205,0.410205
13.4838709677,2.35483870968,0.200070874176,0.26560260504,0.362934540862,0.450908,0.450908
13.4838709677,3.58064516129,0.22282108077,0.295776577322,0.403974746697,0.512289,0.512289
13.4838709677,4.8064516129,0.255575762481,0.339125729582,0.463031292758,0.60952,0.60952
13.4838709677,6.03225806452,0.303123734087,0.402105948902,0.549277248568,0.748102274415,0.760243
13.4838709677,7.25806451613,0.37014307067,0.491892200087,0.672808522008,0.918594105575,0.995633
13.4838709677,8.48387096774,0.447134812501,0.597001241248,0.823164623479,1.13505791721,1.5064647032
13.4838709677,9.70967741935,0.471855109205,0.635841621264,0.887129768173,1.25216699783,1.70619873306
13.4838709677,10.935483871,0.465644419735,0.606062135183,0.807812008898,1.1157016441,1.54223227932
13.4838709677,12.1612903226,0.343934685821,0.400008361003,0.580711468599,0.815369928137,1.14454955063
13.4838709677,13.3870967742,0.250851515163,0.320594793545,0.434967517717,0.628289215319,0.85224059899
14.6451612903,-23.3870967742,0.182468342651,0.241925755446,0.330505970844,0.465375316154,0.640085809964
14.6451612903,-22.1612903226,0.238000456156,0.315558213795,0.431088447391,0.606980449474,0.834803969596
14.6451612903,-20.935483871,0.332229505348,0.440005746101,0.600972489528,0.846790757948,1.16413933217
14.6451612903,-19.7096774194,0.523479445304,0.688053276103,0.938556767778,1.32932727863,1.82296552675
14.6451612903,-18.4838709677,1.07492557628,1.2759281437,1.8141361672,2.58464791351,3.58765214806
14.6451612903,-17.2580645161,1.44162250352,1.93058974667,2.67494011761,3.71545868553,4.97549017943
14.6451612903,-16.0322580645,0.717879733066,0.953124430553,1.30229479984,1.77564048016,1.90913
14.6451612903,-14.8064516129,0.44622408651,0.592701560145,0.809957223819,1.052115,1.052115
14.6451612903,-13.5806451613,0.329529868103,0.437645824493,0.598362025234,0.744411,0.744411
14.6451612903,-12.3548387097,0.266808066063,0.354624095925,0.484763142853,0.592869,0.592869
14.6451612903,-11.1290322581,0.22896172836,0.304236704133,0.415969617626,0.504904,0.504904
14.6451612903,-9.90322580645,0.204283531774,0.271423417672,0.371127113613,0.449453,0.449453
14.6451612903,-8.67741935484,0.187642791406,0.249324178179,0.340903545839,0.413262,0.413262
14.6451612903,-7.45161290323,0.176387731456,0.234388247624,0.320462297188,0.389362,0.389362
14.6451612903,-6.22580645161,0.169096645372,0.224661113709,0.307163976331,0.372033,0.372033
14.6451612903,-5.0,0.164892644334,0.219047861541,0.299478057823,0.36207,0.36207
14.6451612903,-3.77419354839,0.163341858887,0.21696875384,0.296613171363,0.358398,0.358398
14.6451612903,-2.54838709677,0.164273351439,0.218195138053,0.298254919196,0.360643,0.360643
14.6451612903,-1.32258064516,0.167731346668,0.222788173211,0.304481133476,0.369031,0.369031
14.6451612903,-0.0967741935484,0.173972321689,0.231093636345,0.315752292913,0.384452,0.384452
14.6451612903,1.12903225806,0.183487941474,0.243782029072,0.33302334937,0.408705,0.408705
14.6451612903,2.35483870968,0.197441226952,0.262076403301,0.358037086607,0.445091,0.445091
14.6451612903,3.58064516129,0.216877251166,0.28785175288,0.393125244654,0.499738,0.499738
14.6451612903,4.8064516129,0.244021479642,0.323722462472,0.441981577916,0.584897,0.584897
14.6451612903,6.03225806452,0.28112585721,0.373288821538,0.509725853102,0.69464071074,0.716629
14.6451612903,7.25806451613,0.329692644087,0.438425000268,0.600133688843,0.819907402844,0.907396
14.6451612903,8.48387096774,0.380439677443,0.507940676128,0.700342199,0.965659317922,1.28158511764
14.6451612903,9.70967741935,0.397796775681,0.537321037273,0.74914206421,1.05238329334,1.42903549465
14.6451612903,10.935483871,0.362711063436,0.584783247673,0.70786840969,1.02449015633,1.38829820631
14.6451612903,12.1612903226,0.339641054365,0.405526707583,0.577187482639,0.80158657968,1.09192003083
14.6451612903,13.3870967742,0.254602928432,0.308646256526,0.429360188087,0.619286805594,0.850679314078
15.8064516129,-23.3870967742,0.163269503717,0.2151984591,0.293758251704,0.415361996627,0.570461790371
15.8064516129,-22.1612903226,0.207582933701,0.273528593922,0.373364631866,0.528022802618,0.725119011442
15.8064516129,-20.935483871,0.278181103271,0.366328624142,0.499982435508,0.707384240497,0.97121855678
15.8064516129,-19.7096774194,0.406739752841,0.534481462688,0.729212570673,1.03320451177,1.41751507869
15.8064516129,-18.4838709677,0.707139121343,0.917710229744,1.24916729399,1.78522299694,2.43814299027
15.8064516129,-17.2580645161,1.89597002952,2.34970592322,3.25474659969,4.52024588422,6.12046379079
15.8064516129,-16.0322580645,1.26559291066,1.68012953481,2.29739077247,3.13538282869,3.763716
15.8064516129,-14.8064516129,0.609019106394,0.808830202013,1.10524633392,1.390569,1.390569
15.8064516129,-13.5806451613,0.404334288088,0.537217931124,0.734502574628,0.890427,0.890427
15.8064516129,-12.3548387097,0.31028696768,0.412120472992,0.563584087599,0.676831,0.676831
15.8064516129,-11.1290322581,0.257558992439,0.342072557708,0.467807220741,0.561046,0.561046
15.8064516129,-9.90322580645,0.224748864246,0.29852420632,0.408235913171,0.490729,0.490729
15.8064516129,-8.67741935484,0.203142736687,0.269875174628,0.369023567942,0.445697,0.445697
15.8064516129,-7.45161290323,0.188580460271,0.250595126224,0.342604794037,0.416656,0.416656
15.8064516129,-6.22580645161,0.178989454843,0.237793994117,0.325100142969,0.393761,0.393761
15.8064516129,-5.0,0.173061834503,0.229878546358,0.314260809731,0.379706,0.379706
15.8064516129,-3.77419354839,0.170139668442,0.225968599352,0.308885126579,0.372863,0.372863
15.8064516129,-2.54838709677,0.169898148068,0.225631631726,0.308380232899,0.372491,0.372491
15.8064516129,-1.32258064516,0.17225777576,0.228762820414,0.31259715946,0.378553,0.378553
15.8064516129,-0.0967741935484,0.177340794473,0.235537576744,0.321763310006,0.391698,0.391698
15.8064516129,1.12903225806,0.18549780654,0.246397585906,0.336551674755,0.41345,0.41345
15.8064516129,2.35483870968,0.197616322406,0.262278035308,0.35819507377,0.446689,0.446689
15.8064516129,3.58064516129,0.214198581906,0.284276880904,0.388292010157,0.496758,0.496758
15.8064516129,4.8064516129,0.236708777223,0.314186139099,0.429077095485,0.574137,0.574137
15.8064516129,6.03225806452,0.266131308614,0.353298979302,0.482957228798,0.658576160287,0.693137
15.8064516129,7.25806451613,0.301475782205,0.400951711701,0.549675720337,0.75175906927,0.856925
15.8064516129,8.48387096774,0.333957019099,0.447010023099,0.616547943058,0.851258998475,1.1311524877
15.8064516129,9.70967741935,0.345503438006,0.464612759653,0.647030811198,0.908193221622,1.22920383751
15.8064516129,10.935483871,0.323085325263,0.450565549017,0.619452327842,0.86992614271,1.19189882577
15.8064516129,12.1612903226,0.318046717614,0.39872729003,0.547142469096,0.758852449341,1.03225984001
15.8064516129,13.3870967742,0.251405963896,0.294213693467,0.42503405187,0.589778648474,0.831199790482
16.9677419355,-23.3870967742,0.145858351309,0.190907933867,0.260319953058,0.369904086281,0.507011299039
16.9677419355,-22.1612903226,0.181117295879,0.236778737621,0.322807198716,0.459074722115,0.629000655095
16.9677419355,-20.935483871,0.234146979048,0.305603555826,0.41652328083,0.593035443049,0.812113085893
16.9677419355,-19.7096774194,0.32205111289,0.419164130521,0.571023246222,0.814600187617,1.11446750062
16.9677419355,-18.4838709677,0.493660522791,0.638178322263,0.86827177239,1.24454186128,1.69839885223
16.9677419355,-17.2580645161,0.961412225777,1.19860406749,1.62083551869,2.37794610497,3.22307197116
16.9677419355,-16.0322580645,2.38748290555,3.21381396882,4.47603874949,6.28075706549,8.49668718478
16.9677419355,-14.8064516129,1.0123102611,1.34489745663,1.83748561612,2.243955,2.243955
16.9677419355,-13.5806451613,0.544610534352,0.72399727862,0.989936421842,1.161957,1.161957
16.9677419355,-12.3548387097,0.38161174649,0.507281020991,0.693698238498,0.815605,0.815605
16.9677419355,-11.1290322581,0.301524550698,0.400644326645,0.547924988396,0.648491,0.648491
16.9677419355,-9.90322580645,0.255067524955,0.338710745298,0.463251327993,0.552947,0.552947
16.9677419355,-8.67741935484,0.225620369111,0.299697249085,0.409802457313,0.493721,0.493721
16.9677419355,-7.45161290323,0.206089230134,0.273857815437,0.374379170623,0.455672,0.455672
16.9677419355,-6.22580645161,0.193168014754,0.256609053192,0.35079089365,0.424761,0.424761
16.9677419355,-5.0,0.184846028669,0.245499227747,0.33557738918,0.405135,0.405135
16.9677419355,-3.77419354839,0.180104313937,0.239165747872,0.326879056877,0.394214,0.394214
16.9677419355,-2.54838709677,0.178391010514,0.23687172163,0.323688469873,0.390716,0.390716
16.9677419355,-1.32258064516,0.179454088869,0.238289482736,0.325550721059,0.39425,0.39425
16.9677419355,-0.0967741935484,0.183271072434,0.243388417187,0.332408323552,0.405211,0.405211
16.9677419355,1.12903225806,0.190075225596,0.252354310391,0.3447080067,0.424886,0.424886
16.9677419355,2.35483870968,0.200393806969,0.26594949801,0.363018548978,0.455864,0.455864
16.9677419355,3.58064516129,0.214381534854,0.284627642807,0.388587583831,0.50301,0.50301
16.9677419355,4.8064516129,0.232839975796,0.309160316394,0.422172398,0.575254513027,0.575782
16.9677419355,6.03225806452,0.255754976103,0.339820088985,0.464709148152,0.634285076406,0.686224
16.9677419355,7.25806451613,0.280890143156,0.373727598632,0.513015207511,0.703292509403,0.833951
16.9677419355,8.48387096774,0.301051520809,0.402461933523,0.556223356874,0.769039426129,1.02440333455
16.9677419355,9.70967741935,0.304579959764,0.409566392038,0.570264343035,0.800569033774,1.08351260863
16.9677419355,10.935483871,0.285546479193,0.383640253212,0.543768483039,0.765284320503,1.05187937736
16.9677419355,12.1612903226,0.282516801562,0.381217134806,0.493445889265,0.676763047725,0.950685459789
16.9677419355,13.3870967742,0.241774940849,0.287968795682,0.410570622631,0.570113607544,0.780128232372
18.1290322581,-23.3870967742,0.130369913861,0.169423949165,0.230743840935,0.329536308284,0.45064375014
18.1290322581,-22.1612903226,0.158501568817,0.205560173492,0.279856282519,0.400257449789,0.546969416242
18.1290322581,-20.935483871,0.19874230005,0.25704415687,0.349771342429,0.501224593234,0.684282347968
18.1290322581,-19.7096774194,0.260524191284,0.335592909433,0.456306432883,0.655764680136,0.893925903981
18.1290322581,-18.4838709677,0.36628888458,0.468467093897,0.636056179268,0.918746703367,1.24885813426
18.1290322581,-17.2580645161,0.585137474204,0.734737677006,0.993406706967,1.4538897621,1.96417516923
18.1290322581,-16.0322580645,1.26505288176,1.48288753638,2.14060257138,2.9718895521,4.18598119695
18.1290322581,-14.8064516129,2.29118086663,3.047416292,4.17360650156,5.70124174972,7.47738208435
18.1290322581,-13.5806451613,0.879599742367,1.16883882084,1.5980930352,1.798478,1.798478
18.1290322581,-12.3548387097,0.516059354289,0.68561984024,0.937564123047,1.072338,1.072338
18.1290322581,-11.1290322581,0.374782705472,0.498084628188,0.681031511063,0.793935,0.793935
18.1290322581,-9.90322580645,0.302188921987,0.40147119824,0.549009842831,0.650598,0.650598
18.1290322581,-8.67741935484,0.25913725544,0.344186926847,0.470604867406,0.56656,0.56656
18.1290322581,-7.45161290323,0.231520969634,0.30763651118,0.420500846861,0.512254,0.512254
18.1290322581,-6.22580645161,0.213427453502,0.283487334306,0.387478844139,0.469065,0.469065
18.1290322581,-5.0,0.201538216956,0.267626923754,0.36576368622,0.441309,0.441309
18.1290322581,-3.77419354839,0.194193596559,0.25783330278,0.352325741115,0.424735,0.424735
18.1290322581,-2.54838709677,0.190458226294,0.252864991083,0.345468253648,0.41716,0.41716
18.1290322581,-1.32258064516,0.189836722584,0.252052702179,0.344267421542,0.417666,0.417666
18.1290322581,-0.0967741935484,0.192073396298,0.255077274073,0.348268853444,0.426315,0.426315
18.1290322581,1.12903225806,0.197368153224,0.261920358785,0.357740725642,0.444158,0.444158
18.1290322581,2.35483870968,0.205633240052,0.272908670428,0.372669669213,0.473585,0.473585
18.1290322581,3.58064516129,0.217026849474,0.287984066895,0.393287106952,0.519213,0.519213
18.1290322581,4.8064516129,0.231521061715,0.307557691367,0.420221339107,0.573151905653,0.590051
18.1290322581,6.03225806452,0.248451683274,0.330303300047,0.452209865219,0.618314786086,0.694915
18.1290322581,7.25806451613,0.264838448469,0.35301668595,0.485382922727,0.666813043357,0.834377
18.1290322581,8.48387096774,0.275166963941,0.368426596933,0.50950530882,0.706784975296,0.944415639366
18.1290322581,9.70967741935,0.271611656879,0.365813522498,0.511434179447,0.718041027402,0.972427651568
18.1290322581,10.935483871,0.258140328875,0.347353225365,0.482089915409,0.684409994498,0.935937918346
18.1290322581,12.1612903226,0.242324304211,0.356383097603,0.428558104453,0.616661798748,0.838138089146
18.1290322581,13.3870967742,0.227364959956,0.276787486162,0.388288299139,0.539229383186,0.724801093223
19.2903225806,-23.3870967742,0.116748683633,0.150712818025,0.205006136483,0.294167297706,0.401328676211
19.2903225806,-22.1612903226,0.139328703906,0.179382759626,0.243879181913,0.350610655944,0.477858303085
19.2903225806,-20.935483871,0.170273772944,0.218478449553,0.296831240889,0.427772854523,0.582259811884
19.2903225806,-19.7096774194,0.214941978432,0.274512607127,0.372606015937,0.538757510747,0.73195587337
19.2903225806,-18.4838709677,0.284397943643,0.360655507315,0.488782623654,0.710331871058,0.962141359715
19.2903225806,-17.2580645161,0.405646262838,0.507691362186,0.685935194797,1.00633722669,1.36167687791
19.2903225806,-16.0322580645,0.665310710802,0.802196581826,1.1228560127,1.61721859703,2.22771738375
19.2903225806,-14.8064516129,1.50452660249,1.84116516522,2.57530884024,3.57914204115,4.82188905046
19.2903225806,-13.5806451613,1.99548778887,2.64870987143,3.61729174782,4.778229,4.778229
19.2903225806,-12.3548387097,0.837175483404,1.11200915642,1.52005606309,1.675471,1.675471
19.2903225806,-11.1290322581,0.515027240557,0.684176041669,0.935405094738,1.06963,1.06963
19.2903225806,-9.90322580645,0.382002447678,0.507673407983,0.694071001908,0.817361,0.817361
19.2903225806,-8.67741935484,0.311968959339,0.414357238202,0.566438468267,0.683766,0.683766
19.2903225806,-7.45161290323,0.26977241597,0.358439501138,0.489828302856,0.597826,0.597826
19.2903225806,-6.22580645161,0.242942009557,0.322645981676,0.440903040641,0.534041,0.534041
19.2903225806,-5.0,0.225318757088,0.299159734749,0.408761038915,0.493428,0.493428
19.2903225806,-3.77419354839,0.213951885368,0.284036582373,0.388032395108,0.468362,0.468362
19.2903225806,-2.54838709677,0.2072181953,0.275096844142,0.375734642322,0.45498,0.45498
19.2903225806,-1.32258064516,0.204159287874,0.271081243631,0.370138022131,0.451461,0.451461
19.2903225806,-0.0967741935484,0.204334833554,0.27121443036,0.370450552295,0.457352,0.457352
19.2903225806,1.12903225806,0.20755522565,0.275454526654,0.376009685836,0.473416,0.473416
19.2903225806,2.35483870968,0.213327103996,0.283241986059,0.386781327378,0.501894,0.501894
19.2903225806,3.58064516129,0.221599635882,0.29435506836,0.402080885168,0.547366,0.547366
19.2903225806,4.8064516129,0.23198700811,0.308330876628,0.421864883925,0.576103662987,0.618909
19.2903225806,6.03225806452,0.242858747321,0.323072948001,0.443441337797,0.607774435652,0.720441
19.2903225806,7.25806451613,0.251477594979,0.335697260367,0.462876023682,0.638140090486,0.84675525232
19.2903225806,8.48387096774,0.253767785842,0.34012246425,0.47195849423,0.656997094114,0.880982903195
19.2903225806,9.70967741935,0.246697940824,0.331139129111,0.46322730672,0.652091947027,0.885761116085
19.2903225806,10.935483871,0.230348345491,0.311843448952,0.432953089209,0.618050510332,0.847326501787
19.2903225806,12.1612903226,0.208212940554,0.328359358861,0.391070578581,0.570511435934,0.774769936234
19.2903225806,13.3870967742,0.210538230801,0.262066141446,0.361544066611,0.501647963185,0.680362124848
20.4516129032,-23.3870967742,0.104833979353,0.134542890917,0.182799511984,0.263393593376,0.358543848082
20.4516129032,-22.1612903226,0.123096687125,0.157516515189,0.213884478175,0.308831355689,0.419903439965
20.4516129032,-20.935483871,0.147230844142,0.187723953785,0.254710170792,0.368724611467,0.50059855865
20.4516129032,-19.7096774194,0.180374881138,0.228938309426,0.310324923182,0.450702797922,0.610705256175
20.4516129032,-18.4838709677,0.228326228169,0.288019075309,0.389866112353,0.568739427109,0.768517137723
20.4516129032,-17.2580645161,0.303075144953,0.378772208659,0.511572175747,0.751317330755,1.01730879349
20.4516129032,-16.0322580645,0.43391855834,0.533043749837,0.73199373933,1.06587068533,1.45507016
20.4516129032,-14.8064516129,0.714630061705,0.835007131566,1.20727902149,1.70618513496,2.38707779434
20.4516129032,-13.5806451613,1.57910428443,1.99795804881,2.72750843288,3.78658759107,5.17103011262
20.4516129032,-12.3548387097,1.93374218266,2.5712629729,3.51766770605,4.566198,4.566198
20.4516129032,-11.1290322581,0.861715282499,1.14481680187,1.56467587199,1.760237,1.760237
20.4516129032,-9.90322580645,0.539335881112,0.716659819872,0.979421310323,1.15247,1.15247
20.4516129032,-8.67741935484,0.403385841141,0.535929190818,0.732245952602,0.894623,0.894623
20.4516129032,-7.45161290323,0.330942093883,0.439697753432,0.600724380223,0.737312,0.737312
20.4516129032,-6.22580645161,0.287666126967,0.382024863743,0.521852008887,0.634475,0.634475
20.4516129032,-5.0,0.259968876046,0.34515408282,0.471440004762,0.57134,0.57134
20.4516129032,-3.77419354839,0.241888521082,0.321128660417,0.438550526547,0.532263,0.532263
20.4516129032,-2.54838709677,0.230301046506,0.305792770726,0.417497172534,0.509785,0.509785
20.4516129032,-1.32258064516,0.223559748874,0.296735783031,0.405302781557,0.500304,0.500304
20.4516129032,-0.0967741935484,0.22070301042,0.29291148887,0.399826696354,0.502438,0.502438
20.4516129032,1.12903225806,0.22057421488,0.29292472872,0.400014508317,0.516491,0.516491
20.4516129032,2.35483870968,0.223191103394,0.296557483654,0.405270898726,0.544566,0.544566
20.4516129032,3.58064516129,0.227724711557,0.302646667981,0.414210836194,0.565497044248,0.59142
20.4516129032,4.8064516129,0.233052386454,0.310276949846,0.425413360532,0.582383565999,0.666799
20.4516129032,6.03225806452,0.237746374939,0.317231354043,0.436290240861,0.600145086132,0.7667
20.4516129032,7.25806451613,0.239206282102,0.320368072485,0.442861461187,0.613047126298,0.817504159574
20.4516129032,8.48387096774,0.235113738408,0.316296397275,0.440133055301,0.61446748592,0.827890092899
20.4516129032,9.70967741935,0.225119854262,0.303052442578,0.422522891322,0.596101586404,0.81266993292
20.4516129032,10.935483871,0.213639932875,0.285327841405,0.394810591477,0.561396716353,0.766144313725
20.4516129032,12.1612903226,0.185573796545,0.300272760871,0.358691540982,0.522517605184,0.709369275602
20.4516129032,13.3870967742,0.193551978598,0.245233520655,0.333757936512,0.462436385276,0.631859148192
21.6129032258,-23.3870967742,0.0944333839009,0.120606892107,0.16369880239,0.236689971421,0.321559642694
21.6129032258,-22.1612903226,0.109327585753,0.139221734087,0.1888468471,0.273622247762,0.371280269179
21.6129032258,-20.935483871,0.128411117214,0.16297175729,0.220899652649,0.32083970159,0.434717057404
21.6129032258,-19.7096774194,0.153575713427,0.194135898165,0.262906019685,0.382943695834,0.517946831147
21.6129032258,-18.4838709677,0.188015963433,0.23653136898,0.319963325837,0.467670706165,0.631288282367
21.6129032258,-17.2580645161,0.237566648954,0.297050920094,0.401242125548,0.589066340172,0.797432131045
21.6129032258,-16.0322580645,0.314097105869,0.389436315231,0.529741119173,0.775391305583,1.05386782382
21.6129032258,-14.8064516129,0.445848350646,0.545004323162,0.752235046955,1.09232178136,1.49472008076
21.6129032258,-13.5806451613,0.718940906079,0.84675957886,1.21440343181,1.72511674879,2.40389543499
21.6129032258,-12.3548387097,1.51487961685,1.84537358891,2.59376328229,3.60914510588,4.85434795094
21.6129032258,-11.1290322581,1.99533627205,2.66803265969,3.68461154354,5.08799248076,6.283156
21.6129032258,-9.90322580645,0.945824673229,1.25577823383,1.7163715139,2.128562,2.128562
21.6129032258,-8.67741935484,0.58904360401,0.782015176538,1.06865753931,1.368107,1.368107
21.6129032258,-7.45161290323,0.439274546571,0.583084878171,0.796255111628,0.997203,0.997203
21.6129032258,-6.22580645161,0.359679640641,0.477488373466,0.652291295117,0.804716,0.804716
21.6129032258,-5.0,0.312169559376,0.414562123425,0.566123560235,0.695952,0.695952
21.6129032258,-3.77419354839,0.281999288541,0.374341894223,0.511306885755,0.630747,0.630747
21.6129032258,-2.54838709677,0.26232011108,0.348138341066,0.475447510873,0.592312,0.592312
21.6129032258,-1.32258064516,0.249455149195,0.331123782484,0.452224648153,0.572897,0.572897
21.6129032258,-0.0967741935484,0.241353515449,0.320512056926,0.437841775478,0.569131,0.569131
21.6129032258,1.12903225806,0.236762633404,0.314771116213,0.430271427205,0.580399,0.580399
21.6129032258,2.35483870968,0.234864110277,0.312305085236,0.42753483872,0.583847087434,0.608577
21.6129032258,3.58064516129,0.234486663488,0.311975434502,0.42777622233,0.585818326658,0.658875
21.6129032258,4.8064516129,0.234153785607,0.312198157963,0.429205211869,0.589739021947,0.742591
21.6129032258,6.03225806452,0.232455855903,0.310427582303,0.428663536824,0.592646820092,0.788219638577
21.6129032258,7.25806451613,0.227392247638,0.304990533455,0.423632078537,0.589375702677,0.790661421953
21.6129032258,8.48387096774,0.218871068558,0.294167283854,0.410779169028,0.575686753513,0.78004091473
21.6129032258,9.70967741935,0.205668445077,0.275922987299,0.388386826158,0.548444408523,0.749315026681
21.6129032258,10.935483871,0.188157609885,0.262075946629,0.360788970047,0.516365702584,0.70679090672
21.6129032258,12.1612903226,0.172691476925,0.273527017971,0.325933568938,0.475375955282,0.645551527212
21.6129032258,13.3870967742,0.177842996874,0.227503155936,0.307328384512,0.425374329991,0.583608140248
22.7741935484,-23.3870967742,0.0853525582817,0.10858967881,0.147264471259,0.213514735249,0.289600118926
22.7741935484,-22.1612903226,0.0976027180917,0.123843318368,0.167852154316,0.243830738357,0.330335429267
22.7741935484,-20.935483871,0.112889540342,0.142824013953,0.193451258414,0.28160512977,0.381018535521
22.7741935484,-19.7096774194,0.132383483001,0.166960784484,0.225980808376,0.329704226829,0.4454585743
22.7741935484,-18.4838709677,0.1579192008,0.198495844554,0.268452096146,0.39262382063,0.530201805554
22.7741935484,-17.2580645161,0.192535967638,0.241150453404,0.325864135703,0.477818321644,0.64632238251
22.7741935484,-16.0322580645,0.241641709071,0.301553964545,0.407477798121,0.598564797165,0.81103973564
22.7741935484,-14.8064516129,0.315823026128,0.392672776377,0.532628492137,0.780849272168,1.05987833496
22.7741935484,-13.5806451613,0.438786283975,0.543205045991,0.740124382288,1.0825432444,1.47237808931
22.7741935484,-12.3548387097,0.675379327999,0.827218640696,1.13971383609,1.657408746,2.26568224021
22.7741935484,-11.1290322581,1.26240199997,1.47963927228,2.13964624992,2.97399163507,4.20724974844
22.7741935484,-9.90322580645,1.82350597274,2.43961482199,3.41338477701,4.81644914232,6.62308506337
22.7741935484,-8.67741935484,1.04325618579,1.38831827135,1.90526347942,2.61043122131,3.260113
22.7741935484,-7.45161290323,0.653841664683,0.868054653442,1.18735350721,1.61991326152,1.633157
22.7741935484,-6.22580645161,0.484023175636,0.642741753077,0.878200115543,1.146499,1.146499
22.7741935484,-5.0,0.393711057163,0.522989251735,0.71446252991,0.920415,0.920415
22.7741935484,-3.77419354839,0.34002503568,0.451670983622,0.617045368631,0.796781,0.796781
22.7741935484,-2.54838709677,0.305624627088,0.405878765756,0.554701811172,0.725706,0.725706
22.7741935484,-1.32258064516,0.282290874761,0.375158685512,0.513023140231,0.68718,0.68718
22.7741935484,-0.0967741935484,0.266470953181,0.354107327455,0.484620991282,0.661866149254,0.672578
22.7741935484,1.12903225806,0.255199638688,0.339478292509,0.46508953446,0.636081007236,0.679005
22.7741935484,2.35483870968,0.246607913787,0.32869874165,0.451157617013,0.618583211789,0.70771
22.7741935484,3.58064516129,0.239959641143,0.320148681013,0.440415258236,0.605900594869,0.764754
22.7741935484,4.8064516129,0.233235021132,0.311578601475,0.430447596222,0.594832822195,0.79164998069
22.7741935484,6.03225806452,0.225415094536,0.302094295176,0.418782481312,0.582167924318,0.779791628138
22.7741935484,7.25806451613,0.215077988335,0.289599356379,0.403115627424,0.563901115249,0.762084474885
22.7741935484,8.48387096774,0.20363248175,0.273287537574,0.383008839758,0.539329545506,0.733770743987
22.7741935484,9.70967741935,0.188968317256,0.255525589607,0.358442732007,0.506907251558,0.694069784956
22.7741935484,10.935483871,0.204649639944,0.26018070122,0.351455925923,0.484173775297,0.661869926317
22.7741935484,12.1612903226,0.164689441645,0.248423411785,0.294328475026,0.430498592508,0.584957677393
22.7741935484,13.3870967742,0.163865203243,0.209753234968,0.283210315695,0.391961652246,0.537911423368
23.935483871,-23.3870967742,0.0774110836212,0.0981996715932,0.133087278303,0.193361712748,0.261930070671
23.935483871,-22.1612903226,0.0875703151943,0.11083471587,0.150134291037,0.21848554985,0.295663543258
23.935483871,-20.935483871,0.0999637631572,0.126229919724,0.170898327831,0.249114915285,0.336760757184
23.935483871,-19.7096774194,0.115331963897,0.145310012222,0.196628304995,0.287084504397,0.387688441799
23.935483871,-18.4838709677,0.134764861299,0.169449189353,0.229183710441,0.335109303904,0.452462831459
23.935483871,-17.2580645161,0.159930517869,0.200773135227,0.271450897829,0.397368277382,0.536922733317
23.935483871,-16.0322580645,0.193502970681,0.242737114137,0.328135367773,0.480612394356,0.649629406107
23.935483871,-14.8064516129,0.240028962427,0.301299991777,0.407383040401,0.596410475286,0.805900826319
23.935483871,-13.5806451613,0.307835918132,0.387502882971,0.524326738259,0.766084303442,1.03434061437
23.935483871,-12.3548387097,0.4137074735,0.523568177579,0.709411464176,1.03258705058,1.39783941784
23.935483871,-11.1290322581,0.595779815592,0.757502101,1.02778195486,1.49122758581,2.02358982814
23.935483871,-9.90322580645,0.949616183306,1.16870933719,1.60372398483,2.34157909874,3.19297097337
23.935483871,-8.67741935484,1.24950941421,1.95729428949,2.33381330667,3.4223940088,4.67051086809
23.935483871,-7.45161290323,0.989942411528,1.33219273399,1.85697308684,2.59739284377,3.502375304
23.935483871,-6.22580645161,0.684049699869,0.912688042222,1.2570310891,1.73101240225,2.151718
23.935483871,-5.0,0.514794856883,0.68567927689,0.941020586455,1.29043469584,1.430551
23.935483871,-3.77419354839,0.418940342031,0.557771762747,0.764991080867,1.04791422127,1.126564
23.935483871,-2.54838709677,0.359669462958,0.47890253273,0.656873260491,0.899953673678,0.970295
23.935483871,-1.32258064516,0.320444005393,0.426812012858,0.585717428513,0.802967076286,0.886596
23.935483871,-0.0967741935484,0.292534568615,0.390219956129,0.535861450816,0.736020119966,0.847786
23.935483871,1.12903225806,0.272052828181,0.362914373433,0.499480374866,0.687427025587,0.843518
23.935483871,2.35483870968,0.255845588593,0.341719697288,0.471518418141,0.650721716705,0.864486874923
23.935483871,3.58064516129,0.241976084916,0.323679646046,0.447837067366,0.62046170947,0.82774179032
23.935483871,4.8064516129,0.228550510304,0.307092472156,0.426122531404,0.593156914497,0.79568972613
23.935483871,6.03225806452,0.215144395689,0.289984838196,0.403847430655,0.565728259164,0.763672348466
23.935483871,7.25806451613,0.201465413621,0.27273068022,0.380516195672,0.536113654917,0.728343919628
23.935483871,8.48387096774,0.188900381719,0.254594899564,0.354592696811,0.502975712393,0.688096022533
23.935483871,9.70967741935,0.182014739681,0.239648835907,0.332328490551,0.46944943387,0.641522641373
23.935483871,10.935483871,7.64635661537,7.64634913541,0.331729020408,0.497593530612,0.663458040816
23.935483871,12.1612903226,0.157605782984,0.224973852841,0.277709189274,0.388651787028,0.54055106376
23.935483871,13.3870967742,0.15142453647,0.192548812507,0.261321128914,0.361932889216,0.495294722243
25.0967741935,-23.3870967742,0.0704483663617,0.0891822654947,0.120808736837,0.175782648839,0.237894596115
25.0967741935,-22.1612903226,0.0789405639913,0.0997536272566,0.13507353464,0.196792225933,0.266111647722
25.0967741935,-20.935483871,0.0890994887306,0.112405687748,0.152147689377,0.221930822285,0.299878852733
25.0967741935,-19.7096774194,0.101402630223,0.127752569907,0.172866070813,0.252400378537,0.340835448459
25.0967741935,-18.4838709677,0.116516070397,0.146663742941,0.198415590973,0.289890420732,0.391303195718
25.0967741935,-17.2580645161,0.135392378089,0.170405014478,0.230531079801,0.336841168762,0.454663535781
25.0967741935,-16.0322580645,0.159435534942,0.200878559659,0.271830448066,0.396886269628,0.535995165936
25.0967741935,-14.8064516129,0.190784856285,0.241040778591,0.326397909092,0.475618736375,0.643173228543
25.0967741935,-13.5806451613,0.232827993635,0.295645998483,0.400815708603,0.581961441823,0.788805986958
25.0967741935,-12.3548387097,0.291154380725,0.372568158363,0.505974475018,0.730638631814,0.993631001658
25.0967741935,-11.1290322581,0.37533087673,0.484918285312,0.659894143194,0.946472246292,1.29207989789
25.0967741935,-9.90322580645,0.501800280924,0.652479521626,0.889160037591,1.2696531949,1.73749886002
25.0967741935,-8.67741935484,0.693976758201,0.882056337861,1.19735000605,1.73793436161,2.35890407644
25.0967741935,-7.45161290323,0.926265727615,1.11845201633,1.58363998846,2.20510799511,2.97693488951
25.0967741935,-6.22580645161,35.2453060582,35.2453060582,35.2453060582,35.2453060582,35.2453060582
25.0967741935,-5.0,0.610336901305,0.82043006838,1.14836490591,1.61185892015,2.18545695702
25.0967741935,-3.77419354839,0.490525847309,0.658059420333,0.913366664917,1.27123905249,1.70694675702
25.0967741935,-2.54838709677,0.407668137632,0.546771999396,0.756683865181,1.05049264424,1.40437910192
25.0967741935,-1.32258064516,0.351668218194,0.47134058449,0.652217852947,0.903967450816,1.20712117139
25.0967741935,-0.0967741935484,0.311776500365,0.417356003872,0.578309021776,0.802075443023,1.07183605102
25.0967741935,1.12903225806,0.28143264226,0.377315947923,0.523217124374,0.727477159751,0.973919789653
25.0967741935,2.35483870968,0.257987979272,0.346006350453,0.480453712754,0.669635239524,0.89911777236
25.0967741935,3.58064516129,0.237996703217,0.319796012608,0.445052656475,0.622080490011,0.838353797986
25.0967741935,4.8064516129,0.219374356704,0.296296004702,0.412841921564,0.579683486555,0.7862767794
25.0967741935,6.03225806452,0.204419546084,0.275038898231,0.383607975855,0.540524350132,0.736917734218
25.0967741935,7.25806451613,0.189676631932,0.254782144153,0.356079013744,0.504216571109,0.688469020766
25.0967741935,8.48387096774,0.175506783547,0.235456393177,0.331958006034,0.468240078166,0.642738168875
25.0967741935,9.70967741935,8.03250634534,8.03249848764,8.03249848764,0.522722571429,0.696963428571
25.0967741935,10.935483871,0.142200688298,0.233436268619,0.279551589912,0.406761380404,0.552093757857
25.0967741935,12.1612903226,0.149635392694,0.203238364303,0.261651283923,0.358311635057,0.504860916072
25.0967741935,13.3870967742,0.140126498725,0.176228275358,0.241209794114,0.334421362301,0.455513788475
26.2580645161,-23.3870967742,0.0643250667858,0.0813205789916,0.110124185182,0.160391327782,0.216929600589
26.2580645161,-22.1612903226,0.071477384085,0.0902464751339,0.122175459071,0.178108123527,0.240749943858
26.2580645161,-20.935483871,0.0798888524788,0.100765393636,0.13638437942,0.19896588189,0.268819481407
26.2580645161,-19.7096774194,0.0898724380653,0.113293277666,0.153320794555,0.223766149981,0.302248447166
26.2580645161,-18.4838709677,0.101844444107,0.128393758099,0.173760507663,0.253585911619,0.342541476154
26.2580645161,-17.2580645161,0.116366453939,0.146844403646,0.198777899781,0.289894493559,0.391770562412
26.2580645161,-16.0322580645,0.134208794738,0.169734822379,0.22988496539,0.334730244068,0.452832681106
26.2580645161,-14.8064516129,0.156444404948,0.198614787743,0.269238209609,0.390961263039,0.529824329878
26.2580645161,-13.5806451613,0.184588068494,0.235703865254,0.319927124518,0.462656775415,0.628560189385
26.2580645161,-12.3548387097,0.220791629237,0.284156181315,0.386330247228,0.555582114897,0.757210223738
26.2580645161,-11.1290322581,0.268079503967,0.348264160812,0.474358325531,0.677670458208,0.926803383348
26.2580645161,-9.90322580645,0.330416206933,0.433053404472,0.590780305104,0.838789081735,1.15047880742
26.2580645161,-8.67741935484,0.411895716649,0.541089406037,0.738504384991,1.04685348986,1.43681473967
26.2580645161,-7.45161290323,0.512310581903,0.65745657146,0.893677707665,1.28783689096,1.7530145351
26.2580645161,-6.22580645161,0.611822330008,0.717025837315,1.03604275322,1.43910500609,2.03140963196
26.2580645161,-5.0,0.599874250403,0.822264260276,1.05519523028,1.44951097474,2.0508222771
26.2580645161,-3.77419354839,0.484781534419,0.776429765443,0.943370794455,1.36149228781,1.84173356671
26.2580645161,-2.54838709677,0.414401696185,0.551612039939,0.778036939966,1.09586228474,1.50349562126
26.2580645161,-1.32258064516,0.35534168134,0.479010396578,0.668547968303,0.942965292956,1.28432462721
26.2580645161,-0.0967741935484,0.310526311289,0.419604876317,0.584990717938,0.824811413727,1.12041367742
26.2580645161,1.12903225806,0.277038487342,0.373118486987,0.521435228706,0.733391038987,0.997869756465
26.2580645161,2.35483870968,0.250478253179,0.3365790898,0.470288931674,0.662196338013,0.901664380418
26.2580645161,3.58064516129,0.227102389397,0.305768473546,0.427420063575,0.603943694783,0.822334404766
26.2580645161,4.8064516129,0.207535760908,0.280536877763,0.390940511968,0.552941912043,0.757162269296
26.2580645161,6.03225806452,0.192622960557,0.255395280489,0.358595864817,0.508945428488,0.698870221347
26.2580645161,7.25806451613,0.183096901656,0.238315801747,0.335325369813,0.471897356753,0.645995503015
26.2580645161,8.48387096774,8.07814065734,8.07813275501,8.07813275501,0.525692265306,0.700923020408
26.2580645161,9.70967741935,0.146966571429,6.78250496194,6.78250496194,6.7825066641,0.587866285714
26.2580645161,10.935483871,0.145368918922,0.208856917241,0.256388287887,0.360945212864,0.499533206452
26.2580645161,12.1612903226,0.140528431289,0.183313259014,0.24385785452,0.336628236285,0.465792105756
26.2580645161,13.3870967742,0.129650899532,0.160981854426,0.222494201294,0.308744156578,0.418307991395
27.4193548387,-23.3870967742,0.0589220327434,0.0744337689571,0.100779861789,0.146860960943,0.19855886544
27.4193548387,-22.1612903226,0.0649886513272,0.0820330358658,0.111048820004,0.161916699695,0.218835906723
27.4193548387,-20.935483871,0.0720173893025,0.0908680690083,0.122997469982,0.179391681341,0.242408769212
27.4193548387,-19.7096774194,0.0802164992303,0.10122516852,0.137020902204,0.199828495465,0.270041061206
27.4193548387,-18.4838709677,0.0898508077873,0.113476573271,0.153635365443,0.223925902536,0.302724374558
27.4193548387,-17.2580645161,0.10125960111,0.128110755288,0.173520553251,0.252590002365,0.341754507996
27.4193548387,-16.0322580645,0.114879637813,0.145770924622,0.19757442405,0.286999605926,0.388829130539
27.4193548387,-14.8064516129,0.131273536258,0.167301910746,0.226978966101,0.328687022127,0.446158841376
27.4193548387,-13.5806451613,0.151161555846,0.193798729324,0.26326250859,0.37961777019,0.516569048167
27.4193548387,-12.3548387097,0.175445537965,0.226626082782,0.308321764998,0.442237217311,0.603527183675
27.4193548387,-11.1290322581,0.205199809946,0.267338083578,0.364292984599,0.519367515611,0.710929755105
27.4193548387,-9.90322580645,0.241518899462,0.317312874963,0.433007958632,0.613701896374,0.842271403877
27.4193548387,-8.67741935484,0.285096697408,0.376673971879,0.514459235761,0.72627757064,0.998296907093
27.4193548387,-7.45161290323,0.335108048926,0.441587187596,0.602869264645,0.852604502587,1.17085431721
27.4193548387,-6.22580645161,0.387143670336,0.498016004613,0.67696085758,0.973625318401,1.3255158711
27.4193548387,-5.0,0.43059185118,0.50654293029,0.727149852585,1.03092823874,1.4372219802
27.4193548387,-3.77419354839,0.445641239244,0.539789614707,0.760897693129,1.05770784093,1.41929709396
27.4193548387,-2.54838709677,0.396689589761,0.552109156085,0.698177290182,0.953609379735,1.3581077085
27.4193548387,-1.32258064516,0.339478877551,15.6669448643,15.6669448643,15.6669487961,1.3579155102
27.4193548387,-0.0967741935484,0.282717930433,0.464201775931,0.555152575481,0.806837596245,1.09323826458
27.4193548387,1.12903225806,0.261463807659,0.363755159835,0.499824633369,0.698717868577,0.956165108689
27.4193548387,2.35483870968,0.242247104486,0.310379327211,0.445235670075,0.621313386767,0.862105046206
27.4193548387,3.58064516129,0.213649573488,0.28774829063,0.396302360433,0.570624332286,0.779854453561
27.4193548387,4.8064516129,0.209674591537,0.271717912953,0.368597582507,0.526042876234,0.712586791101
27.4193548387,6.03225806452,8.9331576587,8.93314891995,8.93314891995,0.581333265306,0.775111020408
27.4193548387,7.25806451613,7.77173360649,7.77172600389,0.337168367347,0.50575255102,0.674336734694
27.4193548387,8.48387096774,0.14362922449,6.62848645316,6.62848645316,6.62848811666,0.574516897959
27.4193548387,9.70967741935,0.145186334054,0.209560222213,0.256240358712,0.362262362234,0.499586848982
27.4193548387,10.935483871,0.140163215195,0.186168909505,0.244103785833,0.335918511046,0.468551426249
27.4193548387,12.1612903226,0.130703124753,0.165253501314,0.225269108784,0.312179225681,0.426174719474
27.4193548387,13.3870967742,0.119824782465,0.14690304199,0.204981933865,0.284597112935,0.383606527964
