-0.483870967742,-0.483870967742,0.142411294682,0.193446332012,0.274096711394,0.392738419184,0.545637392608
-0.483870967742,-0.451612903226,0.151481785283,0.205769015766,0.291565184297,0.41777948619,0.580449935301
-0.483870967742,-0.41935483871,0.161035912729,0.218748821212,0.309965403493,0.444157520932,0.617124244368
-0.483870967742,-0.387096774194,0.171029865244,0.232326391857,0.329212780929,0.471750859155,0.655491693947
-0.483870967742,-0.354838709677,0.181393873483,0.246407044019,0.349173538544,0.500368660525,0.695286222638
-0.483870967742,-0.322580645161,0.192028024801,0.260854827889,0.369653481665,0.529733059899,0.736121217336
-0.483870967742,-0.290322580645,0.202796954692,0.275485592717,0.390392431995,0.559469491245,0.777479215898
-0.483870967742,-0.258064516129,0.213526514487,0.290063584883,0.411055262965,0.589098801246,0.818690461071
-0.483870967742,-0.225806451613,0.22400477955,0.304300273808,0.431232316756,0.618032467477,0.858938883722
-0.483870967742,-0.193548387097,0.233983065187,0.317857912269,0.450444521239,0.645584745948,0.897266970208
-0.483870967742,-0.161290322581,0.243185111492,0.330360658273,0.468159593656,0.670990524117,0.932613266929
-0.483870967742,-0.129032258065,0.251319600598,0.341413124276,0.483816143728,0.693445865479,0.96385544069
-0.483870967742,-0.0967741935484,0.258098401487,0.350624175826,0.496859319093,0.712153118405,0.989885897887
-0.483870967742,-0.0645161290323,0.263259003143,0.357635996677,0.506783629175,0.726386162061,1.00969130012
-0.483870967742,-0.0322580645161,0.266587023141,0.362157721712,0.513176882458,0.73555493751,1.0224492519
-0.483870967742,0.0,0.267937793493,0.363992189198,0.515759549275,0.739258144418,1.02760261459
-0.483870967742,0.0322580645161,0.267250509663,0.363058044597,0.514417892842,0.737330812649,1.02491916444
-0.483870967742,0.0645161290323,0.264556637114,0.359397202425,0.509210753892,0.729859999865,1.01452108966
-0.483870967742,0.0967741935484,0.259974538269,0.353170582541,0.500368497317,0.717174633697,0.996866129209
-0.483870967742,0.129032258065,0.253698203037,0.344642200111,0.488265048489,0.699811702348,0.972702862964
-0.483870967742,0.161290322581,0.2459771987,0.334150170035,0.47338050208,0.678460569939,0.94299079046
-0.483870967742,0.193548387097,0.237093252579,0.322078726852,0.456259481712,0.653902469892,0.90881923594
-0.483870967742,0.225806451613,0.227338857286,0.308824681737,0.437464934509,0.626945187634,0.871311888693
-0.483870967742,0.258064516129,0.216996924693,0.294772570074,0.417541471718,0.598371300278,0.831559132692
-0.483870967742,0.290322580645,0.206325697471,0.28027345917,0.396986552851,0.568893826458,0.790551986945
-0.483870967742,0.322580645161,0.195550071575,0.265632795759,0.376233206533,0.53913322381,0.749156445154
-0.483870967742,0.354838709677,0.184856276076,0.251103768833,0.355639647099,0.509604395299,0.708086165099
-0.483870967742,0.387096774194,0.174391959508,0.236886727129,0.335490590764,0.480714423886,0.667908984829
-0.483870967742,0.41935483871,0.164268583365,0.223132996265,0.315999576893,0.452770094425,0.629050073763
-0.483870967742,0.451612903226,0.154564838597,0.209949837521,0.297318513561,0.425988836174,0.591812542065
-0.483870967742,0.483870967742,0.145332853131,0.197407885178,0.279546890848,0.400513334693,0.556392861657
-0.451612903226,-0.483870967742,0.152141874725,0.20666385001,0.292829890693,0.419580206033,0.582928742795
-0.451612903226,-0.451612903226,0.162539545835,0.220789788053,0.312854777643,0.448286078263,0.622836177266
-0.451612903226,-0.41935483871,0.173590085544,0.235802613249,0.334137792784,0.47879679667,0.665256459236
-0.451612903226,-0.387096774194,0.185258741627,0.251655656192,0.356611896283,0.511016343794,0.710056720322
-0.451612903226,-0.354838709677,0.19747951761,0.268258928998,0.380149193019,0.544762362268,0.756983328611
-0.451612903226,-0.322580645161,0.21014712566,0.285469470643,0.404547163839,0.579744518118,0.805632912801
-0.451612903226,-0.290322580645,0.223109807956,0.303080904741,0.429512315986,0.6155420167,0.855420864386
-0.451612903226,-0.258064516129,0.236161660976,0.32081431188,0.454648454662,0.651587385385,0.905558117717
-0.451612903226,-0.225806451613,0.249040920748,0.338313026939,0.479450208099,0.687154588955,0.955036108818
-0.451612903226,-0.193548387097,0.26142948871,0.355145847668,0.503304587131,0.721365641341,1.00263269959
-0.451612903226,-0.161290322581,0.272962696339,0.370816591276,0.525508930172,0.753211464,1.04694270922
-0.451612903226,-0.129032258065,0.283245538573,0.384788481001,0.545301274362,0.78159990774,1.08644430388
-0.451612903226,-0.0967741935484,0.291878032628,0.396517934132,0.561911909325,0.805425448983,1.11960051707
-0.451612903226,-0.0645161290323,0.298488493669,0.405500149338,0.574624568653,0.823660536904,1.14497762266
-0.451612903226,-0.0322580645161,0.302769264922,0.41131677011,0.582847800364,0.835455552962,1.16139345271
-0.451612903226,0.0,0.304510469702,0.413681787206,0.586177577226,0.840230614581,1.16803886066
-0.451612903226,0.0322580645161,0.303623628896,0.4124763886,0.584446056948,0.837743940975,1.16457652656
-0.451612903226,0.0645161290323,0.300154228331,0.407761796373,0.577740967703,0.828123060447,1.15118436939
-0.451612903226,0.0967741935484,0.294275438273,0.399772744318,0.566396134316,0.811845836104,1.12852831236
-0.451612903226,0.129032258065,0.286265627746,0.388888282219,0.55095049809,0.789686112327,1.09768642591
-0.451612903226,0.161290322581,0.276480298046,0.375591214492,0.532087763087,0.762625937376,1.06002717046
-0.451612903226,0.193548387097,0.265313364869,0.360417347689,0.510567509004,0.731756537396,1.01706874863
-0.451612903226,0.225806451613,0.253164589815,0.343909584309,0.487160204141,0.698181831564,0.970351190846
-0.451612903226,0.258064516129,0.240410613286,0.326580249413,0.46259102888,0.662943289609,0.921322661219
-0.451612903226,0.290322580645,0.227385597748,0.308882877793,0.437503295356,0.626963576779,0.871268576307
-0.451612903226,0.322580645161,0.214370459458,0.291199209324,0.412437393297,0.591018969086,0.821267913974
-0.451612903226,0.354838709677,0.201588720009,0.273833023597,0.387824066776,0.555725415005,0.772178747954
-0.451612903226,0.387096774194,0.189209081769,0.25701377277,0.363987968254,0.521548738301,0.724647764954
-0.451612903226,0.41935483871,0.177351426781,0.24090401991,0.341159155405,0.488819138151,0.679134519122
-0.451612903226,0.451612903226,0.166094023888,0.22561006291,0.319487755906,0.457750538355,0.635935701505
-0.451612903226,0.483870967742,0.155480515467,0.211191304563,0.29905819529,0.428464892989,0.595219137137
-0.41935483871,-0.483870967742,0.162538165582,0.220785870765,0.312844164692,0.448257137328,0.622767190521
-0.41935483871,-0.451612903226,0.174461432931,0.236984332543,0.335808467382,0.481176215859,0.668532251517
-0.41935483871,-0.41935483871,0.187256638195,0.254367076322,0.360452204577,0.516504721704,0.717650404718
-0.41935483871,-0.387096774194,0.200906814189,0.272912138187,0.386744033761,0.554197640064,0.770061621279
-0.41935483871,-0.354838709677,0.21535866855,0.292546743354,0.414579927535,0.594107215992,0.825559820453
-0.41935483871,-0.322580645161,0.2305099961,0.313131816807,0.443762683231,0.635951127467,0.883751954774
-0.41935483871,-0.290322580645,0.246196640593,0.334444713295,0.473976357518,0.679274988656,0.944011019217
-0.41935483871,-0.258064516129,0.262181323239,0.356163042707,0.504762764064,0.723423477833,1.00542284982
-0.41935483871,-0.225806451613,0.278143849282,0.377851521639,0.535503972028,0.767510731241,1.06675648358
-0.41935483871,-0.193548387097,0.293678680817,0.398959694751,0.565418495172,0.810414934259,1.12645104287
-0.41935483871,-0.161290322581,0.308302261723,0.418829674899,0.593573333224,0.850798301615,1.18264497764
-0.41935483871,-0.129032258065,0.321472946313,0.436725557521,0.618925268713,0.887163731851,1.23325247202
-0.41935483871,-0.0967741935484,0.332627194472,0.451882257364,0.6403887044,0.917953527458,1.27610368291
-0.41935483871,-0.0645161290323,0.341229549966,0.463570977511,0.656932837353,0.941685816843,1.30913774931
-0.41935483871,-0.0322580645161,0.346828014316,0.47117845686,0.667687988409,0.957114030943,1.3306138405
-0.41935483871,0.0,0.349110669216,0.474279954994,0.672053622936,0.963375867198,1.33933045852
-0.41935483871,0.0322580645161,0.34794644194,0.47269699667,0.669780038857,0.960111775212,1.33478547361
-0.41935483871,0.0645161290323,0.343402948675,0.46652222954,0.660998810457,0.947509885116,1.31724341575
-0.41935483871,0.0967741935484,0.335737032802,0.45610506744,0.646207628449,0.926285956116,1.28769732202
-0.41935483871,0.129032258065,0.325361284853,0.442004772129,0.626199353254,0.897578277605,1.24773807255
-0.41935483871,0.161290322581,0.312789623474,0.42492121124,0.601966858432,0.862813348271,1.19935088136
-0.41935483871,0.193548387097,0.298582569833,0.405615741986,0.57458953674,0.823538490473,1.14468998132
-0.41935483871,0.225806451613,0.283292254475,0.384839160358,0.545130474266,0.781282482974,1.08588697265
-0.41935483871,0.258064516129,0.267424231877,0.363278092037,0.514563559793,0.737439433404,1.02488397437
-0.41935483871,0.290322580645,0.251410604834,0.341519520267,0.483720828585,0.693205017017,0.96334149141
-0.41935483871,0.322580645161,0.235598963473,0.320036503122,0.45327064928,0.649538038156,0.902597341096
-0.41935483871,0.354838709677,0.220253149791,0.299186817054,0.423721855476,0.607166576348,0.843661556265
-0.41935483871,0.387096774194,0.205560076634,0.279224090225,0.395432189458,0.56660445406,0.787249966953
-0.41935483871,0.41935483871,0.191640416894,0.260313063165,0.368635148395,0.52818493721,0.733824617912
-0.41935483871,0.451612903226,0.178562731411,0.242546055832,0.343461322635,0.492095820142,0.68364453704
-0.41935483871,0.483870967742,0.166354332209,0.225960470693,0.319962909562,0.45841100483,0.636812705636
-0.387096774194,-0.483870967742,0.173590522648,0.235798840779,0.334121442063,0.478741907647,0.665115570101
-0.387096774194,-0.451612903226,0.187259651468,0.254368945448,0.360448685438,0.516482322825,0.717581303268
-0.387096774194,-0.41935483871,0.202081214489,0.274504967247,0.388996770313,0.557407373482,0.774480897802
-0.387096774194,-0.387096774194,0.218070817763,0.296228372027,0.419795486128,0.601561541569,0.835876565323
-0.387096774194,-0.354838709677,0.235202313159,0.319503535181,0.452794259588,0.648874391895,0.901684444985
-0.387096774194,-0.322580645161,0.253390447932,0.344214809226,0.487829040395,0.699108028421,0.971587138788
-0.387096774194,-0.290322580645,0.272471280017,0.370139393721,0.524582196624,0.751810918533,1.04491947353
-0.387096774194,-0.258064516129,0.292180863181,0.396918335616,0.562544800784,0.806251722275,1.12065758228
-0.387096774194,-0.225806451613,0.312135763779,0.424032230271,0.600977374654,0.861371121649,1.19732130644
-0.387096774194,-0.193548387097,0.331822136949,0.450781449929,0.63888871494,0.915748195518,1.27292291905
-0.387096774194,-0.161290322581,0.350597557,0.476293518096,0.675039482525,0.967604631825,1.34508073372
-0.387096774194,-0.129032258065,0.367713301856,0.499550242774,0.70798662237,1.0148681928,1.41086342737
-0.387096774194,-0.0967741935484,0.382362995196,0.519457429504,0.736176761569,1.0553108267,1.46715897478
-0.387096774194,-0.0645161290323,0.393757959608,0.534942042835,0.758091711147,1.0867523527,1.51093046335
-0.387096774194,-0.0322580645161,0.401220081625,0.545081494906,0.77242643303,1.10731763563,1.53956333288
-0.387096774194,0.0,0.404272069606,0.549228407645,0.778264107535,1.11569169419,1.55122430149
-0.387096774194,0.0322580645161,0.402712746935,0.547108700703,0.775219471442,1.11132043025,1.54513752805
-0.387096774194,0.0645161290323,0.396646348405,0.538864755438,0.763496667369,1.0944961419,1.52171184995
-0.387096774194,0.0967741935484,0.386467181557,0.525031132995,0.743855808427,1.06631232805,1.48247345448
-0.387096774194,0.129032258065,0.372798168401,0.506455298764,0.717499361338,1.028492841,1.42982317157
-0.387096774194,0.161290322581,0.356401636443,0.484173350336,0.685897164685,0.983149516679,1.36670293321
-0.387096774194,0.193548387097,0.338086606959,0.459285692455,0.650605315071,0.932519506434,1.29623284678
-0.387096774194,0.225806451613,0.31862659771,0.432842677952,0.613115423831,0.878739069259,1.22138634265
-0.387096774194,0.258064516129,0.298701682807,0.405768563069,0.574735755064,0.823687886205,1.14478215921
-0.387096774194,0.290322580645,0.278868151043,0.378819684678,0.536537850324,0.768903370014,1.06855992798
-0.387096774194,0.322580645161,0.259550917434,0.352573108314,0.499339108375,0.715557550395,0.994348172053
-0.387096774194,0.354838709677,0.241051111431,0.327438044295,0.463718871113,0.66447964007,0.923301969954
-0.387096774194,0.387096774194,0.223563274228,0.303678422214,0.430050565465,0.616205283834,0.856164410473
-0.387096774194,0.41935483871,0.207195926156,0.281441795364,0.398543217056,0.571033128623,0.793347792469
-0.387096774194,0.451612903226,0.191992761645,0.260787525101,0.369279967224,0.529082113172,0.735018262223
-0.387096774194,0.483870967742,0.177950368551,0.241710709135,0.342253203941,0.490340637768,0.681156766613
-0.354838709677,-0.483870967742,0.185265247603,0.251657127366,0.356595748872,0.510940873404,0.709841191448
-0.354838709677,-0.451612903226,0.200919489497,0.272924146787,0.386747219557,0.554162175657,0.769925245495
-0.354838709677,-0.41935483871,0.218082923681,0.296241548706,0.419806951943,0.601554923464,0.835815456573
-0.354838709677,-0.387096774194,0.236823416837,0.321702281806,0.455906326325,0.653308530753,0.907807817564
-0.354838709677,-0.354838709677,0.257165846005,0.34933985493,0.495092524187,0.709490995378,0.986002160258
-0.354838709677,-0.322580645161,0.279066804268,0.379095469258,0.537281005201,0.769983016649,1.07019387807
-0.354838709677,-0.290322580645,0.302385259737,0.410777832261,0.582199519873,0.834396372415,1.15983470292
-0.354838709677,-0.258064516129,0.326848050415,0.44401562888,0.62932088646,0.901972619476,1.25386461566
-0.354838709677,-0.225806451613,0.352012660947,0.478207961972,0.677790725163,0.971489996591,1.35057037579
-0.354838709677,-0.193548387097,0.37723861124,0.51248454266,0.726372974407,1.04117557909,1.44747212638
-0.354838709677,-0.161290322581,0.401673589694,0.545687818102,0.773423400018,1.10867151254,1.54127600572
-0.354838709677,-0.129032258065,0.424274565142,0.576399571068,0.816931798849,1.17109105271,1.62815340642
-0.354838709677,-0.0967741935484,0.443870377255,0.603027981006,0.854640747143,1.22519552557,1.70347836756
-0.354838709677,-0.0645161290323,0.459274000619,0.623960914135,0.884265817925,1.26770431094,1.76266812007
-0.354838709677,-0.0322580645161,0.469437743324,0.63777272548,0.903789557981,1.29571956775,1.80168238168
-0.354838709677,0.0,0.473611945032,0.643444488927,0.911772957675,1.30717396879,1.81763554456
-0.354838709677,0.0322580645161,0.471474953188,0.640539784744,0.907601311341,1.3011837807,1.80929597261
-0.354838709677,0.0645161290323,0.463194421369,0.629285968043,0.89160023006,1.27821788371,1.77731463233
-0.354838709677,0.0967741935484,0.449393089858,0.610529294841,0.86497352121,1.24000424683,1.72410441195
-0.354838709677,0.129032258065,0.431040206263,0.585587798796,0.829589706551,1.18922653611,1.6534021632
-0.354838709677,0.161290322581,0.409293914097,0.556035153635,0.787679758873,1.12908865968,1.56967595129
-0.354838709677,0.193548387097,0.385342809978,0.523487703247,0.741531990229,1.06287801404,1.47750926889
-0.354838709677,0.225806451613,0.360280232415,0.489430722149,0.693252040732,0.993617152642,1.38110849204
-0.354838709677,0.258064516129,0.335023242841,0.455111169996,0.644604945909,0.923836233652,1.28400235703
-0.354838709677,0.290322580645,0.31028012283,0.421491061633,0.596955066141,0.855493166455,1.18891192602
-0.354838709677,0.322580645161,0.286555254145,0.389255516948,0.551272354365,0.789979130079,1.0977699201
-0.354838709677,0.354838709677,0.264173142187,0.358845823091,0.508180130727,0.728187086337,1.01182022148
-0.354838709677,0.387096774194,0.243314851674,0.330507098736,0.468025753864,0.670613116917,0.931750009146
-0.354838709677,0.41935483871,0.22405159874,0.30433634938,0.430946430666,0.617453706605,0.857827209662
-0.354838709677,0.451612903226,0.20637858318,0.280326723501,0.396931624386,0.568691553805,0.790029389947
-0.354838709677,0.483870967742,0.190239971819,0.25840243382,0.365873254518,0.524171868652,0.728136961231
-0.322580645161,-0.483870967742,0.197497566909,0.268272224346,0.380141893819,0.544673174459,0.756691892621
-0.322580645161,-0.451612903226,0.215389493603,0.292579098275,0.414604244892,0.594072764367,0.825363862409
-0.322580645161,-0.41935483871,0.235238876519,0.319545842466,0.452839289876,0.648883576534,0.901579622183
-0.322580645161,-0.387096774194,0.257195297263,0.34937513612,0.495134558999,0.709519164818,0.985976520418
-0.322580645161,-0.354838709677,0.281368564611,0.382217474919,0.541702637386,0.776285330138,1.07891362235
-0.322580645161,-0.322580645161,0.307798109482,0.418126082268,0.592618218451,0.849290450053,1.18053781716
-0.322580645161,-0.290322580645,0.336409823905,0.4570002426,0.647737061152,0.928330678117,1.29055566616
-0.322580645161,-0.258064516129,0.366959393943,0.49850888794,0.706587559953,1.01273015935,1.40801904986
-0.322580645161,-0.225806451613,0.398970216074,0.54200378935,0.768248495186,1.10116909099,1.53107125971
-0.322580645161,-0.193548387097,0.431667512472,0.586433233062,0.831224732839,1.19150481205,1.65671268516
-0.322580645161,-0.161290322581,0.463934770583,0.630279820683,0.893359800931,1.28064756948,1.78061728368
-0.322580645161,-0.129032258065,0.494311885774,0.671559361305,0.951840013774,1.36455559348,1.89726050382
-0.322580645161,-0.0967741935484,0.521070427796,0.707923441217,1.00333478434,1.4384478933,2.00015499909
-0.322580645161,-0.0645161290323,0.542384174613,0.736888603437,1.04432479617,1.49727216349,2.08208112087
-0.322580645161,-0.0322580645161,0.55658170855,0.756183285426,1.07159622971,1.53641140651,2.13660037652
-0.322580645161,0.0,0.562441194499,0.764146536485,1.08280191334,1.55249431969,2.15900668661
-0.322580645161,0.0322580645161,0.559433767658,0.760058521518,1.07693168743,1.54406416541,2.14726747557
-0.322580645161,0.0645161290323,0.547835956765,0.744295011101,1.05452331092,1.51189640739,2.10246562333
-0.322580645161,0.0967741935484,0.528669639108,0.718245686918,1.01755117156,1.45882815218,2.02855385837
-0.322580645161,0.129032258065,0.503491305492,0.684027368209,0.96901428177,1.38916787404,1.93154265305
-0.322580645161,0.161290322581,0.474106127948,0.644093050796,0.9123889188,1.30790821952,1.81839315112
-0.322580645161,0.193548387097,0.442294169237,0.600861623808,0.851101354517,1.21996970581,1.6959657518
-0.322580645161,0.225806451613,0.409611632753,0.556449679393,0.788149843776,1.12965357202,1.57025140494
-0.322580645161,0.258064516129,0.37728817506,0.512528233096,0.725898951993,1.04035655242,1.44597755064
-0.322580645161,0.290322580645,0.346205880898,0.470293711543,0.666045972833,0.954509575504,1.3265276514
-0.322580645161,0.322580645161,0.316931479805,0.43051808482,0.609682012645,0.873676787739,1.21407450046
-0.322580645161,0.354838709677,0.289778045137,0.393625736597,0.557408195418,0.798718984578,1.10981197936
-0.322580645161,0.387096774194,0.264869609185,0.359784496024,0.509461501677,0.729974130918,1.01420622709
-0.322580645161,0.41935483871,0.242199097115,0.32898504058,0.465827628049,0.667419298524,0.927222292581
-0.322580645161,0.451612903226,0.221676014047,0.301103845088,0.426330995587,0.610800623272,0.848503427992
-0.322580645161,0.483870967742,0.203161404981,0.275951572022,0.390702960767,0.559732132578,0.777510630566
-0.290322580645,-0.483870967742,0.210182476817,0.285501693437,0.404557563857,0.579648225217,0.805263706417
-0.290322580645,-0.451612903226,0.23056894121,0.313197526148,0.443825716017,0.635935178644,0.883505355431
-0.290322580645,-0.41935483871,0.253467896114,0.34430698398,0.487935764967,0.699166690069,0.971475451786
-0.290322580645,-0.387096774194,0.279149412918,0.37919756822,0.537409538229,0.770091547547,1.0702051769
-0.290322580645,-0.354838709677,0.307860991779,0.418205320503,0.592722299937,0.84939425467,1.1806092877
-0.290322580645,-0.322580645161,0.339788314968,0.461583200669,0.654232715985,0.937589627752,1.30340014441
-0.290322580645,-0.290322580645,0.37499809039,0.509421747854,0.722067007952,1.03486298451,1.43882584246
-0.290322580645,-0.258064516129,0.413354258326,0.561537729474,0.795962022918,1.14084001042,1.58635011072
-0.290322580645,-0.225806451613,0.454411634566,0.617325782204,0.875056909796,1.25428600551,1.74423479676
-0.290322580645,-0.193548387097,0.497291778742,0.675592557335,0.957651882879,1.37277045757,1.90905804597
-0.290322580645,-0.161290322581,0.540566753263,0.734397772825,1.04099040976,1.49233895046,2.07528312062
-0.290322580645,-0.129032258065,0.582200262745,0.790975473743,1.12114378808,1.60735541725,2.23502649867
-0.290322580645,-0.0967741935484,0.619608034106,0.841814120534,1.19313298513,1.7106699195,2.37891218187
-0.290322580645,-0.0645161290323,0.649903571969,0.882988478281,1.25139465699,1.79429566804,2.49540855195
-0.290322580645,-0.0322580645161,0.670331478086,0.910752520169,1.29063012882,1.85061729703,2.57388408186
-0.290322580645,0.0,0.678817309514,0.922284742088,1.3068547341,1.87390618083,2.60634550263
-0.290322580645,0.0322580645161,0.674447009052,0.916345197645,1.298325086,1.86165880852,2.5892874174
-0.290322580645,0.0645161290323,0.657702242368,0.893584714134,1.2659790296,1.81521753419,2.52458618723
-0.290322580645,0.0967741935484,0.630331298927,0.85638329832,1.21319156901,1.73943664132,2.41901583068
-0.290322580645,0.129032258065,0.594929321708,0.808268132353,1.14495794825,1.64149476246,2.28259045406
-0.290322580645,0.161290322581,0.554389726145,0.753171821804,1.06684949015,1.52939283907,2.12647192695
-0.290322580645,0.193548387097,0.511423017492,0.69478032422,0.984083736958,1.41062753066,1.96110621093
-0.290322580645,0.225806451613,0.468252080725,0.636115114277,0.900940331718,1.29133858377,1.79504739081
-0.290322580645,0.258064516129,0.426498652489,0.579378517216,0.820537871716,1.17599806027,1.63452257796
-0.290322580645,0.290322580645,0.387207622314,0.525990993652,0.744886304892,1.06749100407,1.48353973882
-0.290322580645,0.322580645161,0.350952315714,0.476730134332,0.675089296044,0.967394649664,1.34428715969
-0.290322580645,0.354838709677,0.31795773506,0.431901933352,0.611577327869,0.876323717159,1.21761496619
-0.290322580645,0.387096774194,0.288214432372,0.391492550072,0.554329426351,0.794245157254,1.1034708361
-0.290322580645,0.41935483871,0.261568744931,0.355292630308,0.503049823612,0.720731536094,1.00125342308
-0.290322580645,0.451612903226,0.237788970693,0.322987427327,0.457290861683,0.655138529229,0.910063210748
-0.290322580645,0.483870967742,0.21661014608,0.294216180011,0.416540362213,0.596730423334,0.828871374044
-0.258064516129,-0.483870967742,0.223167484441,0.303138604686,0.42954825746,0.615443944274,0.85496699833
-0.258064516129,-0.451612903226,0.246294899111,0.334557628107,0.474095946419,0.6792963053,0.943721005194
-0.258064516129,-0.41935483871,0.272609174413,0.370306584121,0.524785392245,0.751956491801,1.0448427863
-0.258064516129,-0.387096774194,0.302553033659,0.410987557252,0.582471911393,0.834652792244,1.15996902052
-0.258064516129,-0.354838709677,0.336583012553,0.457220794608,0.648033679149,0.928647451982,1.29084343277
-0.258064516129,-0.322580645161,0.375127887271,0.50958892721,0.722297488122,1.03512638758,1.43911524701
-0.258064516129,-0.290322580645,0.418517740076,0.568541841683,0.805898264446,1.15500612881,1.60604987096
-0.258064516129,-0.258064516129,0.466869604287,0.634239084945,0.899059800076,1.28861124994,1.79208234733
-0.258064516129,-0.225806451613,0.519921570927,0.706325196156,1.00127014318,1.4352149314,1.99616640919
-0.258064516129,-0.193548387097,0.576804592815,0.783619891836,1.11084815633,1.59241176353,2.21490040957
-0.258064516129,-0.161290322581,0.6357921007,0.863779749368,1.22445681075,1.75541938248,2.44155989152
-0.258064516129,-0.129032258065,0.694088512468,0.943004862716,1.3366980821,1.91649573415,2.66529280925
-0.258064516129,-0.0967741935484,0.747800371346,1.01600265173,1.44005855542,2.0648576789,2.87176669536
-0.258064516129,-0.0645161290323,0.792241391602,1.0764065205,1.5255187624,2.18754536652,3.04272702514
-0.258064516129,-0.0322580645161,0.822688689821,1.11779212349,1.58398682802,2.27149508937,3.15973995099
-0.258064516129,0.0,0.835441015499,1.13512766808,1.60836545038,2.30649988133,3.20854520622
-0.258064516129,0.0322580645161,0.828844001778,1.12615872835,1.59549011257,2.28800492544,3.18278315088
-0.258064516129,0.0645161290323,0.803775731432,1.09208455731,1.54707938328,2.21848526974,3.08590224442
-0.258064516129,0.0967741935484,0.76338481269,1.03718261608,1.46920006481,2.10666337726,2.93007628082
-0.258064516129,0.129032258065,0.712181022318,0.967585012838,1.37053509014,1.96501916328,2.73273173285
-0.258064516129,0.161290322581,0.654946394723,0.889796243618,1.26028425089,1.8067707457,2.51230746732
-0.258064516129,0.193548387097,0.595869902117,0.809511019535,1.14650797098,1.64349398077,2.2849376172
-0.258064516129,0.225806451613,0.53810388946,0.731010443429,1.03527177177,1.48389158825,2.06274787192
-0.258064516129,0.258064516129,0.483701091542,0.657085343894,0.930526847785,1.33362926919,1.85361272648
-0.258064516129,0.290322580645,0.433782365179,0.589256753891,0.834425777096,1.19579209165,1.66181785153
-0.258064516129,0.322580645161,0.388783451125,0.528116101786,0.747806315408,1.07157413493,1.48901168155
-0.258064516129,0.354838709677,0.348691595729,0.473645687582,0.670641540907,0.960931196606,1.33512405411
-0.258064516129,0.387096774194,0.31323373016,0.425472855318,0.602403896201,0.863099401843,1.19908043018
-0.258064516129,0.41935483871,0.282004738468,0.383047332621,0.542311600987,0.776956849394,1.07931156844
-0.258064516129,0.451612903226,0.254553381584,0.345754520678,0.489493286286,0.701249086074,0.974068286976
-0.258064516129,0.483870967742,0.230429271439,0.312983365808,0.443081834458,0.63473109271,0.881612856772
-0.225806451613,-0.483870967742,0.236245673636,0.320901316279,0.454714226849,0.651485475801,0.905003256182
-0.225806451613,-0.451612903226,0.262329095759,0.356335630913,0.504954900532,0.723494801401,1.00508883023
-0.225806451613,-0.41935483871,0.292399393034,0.397187087059,0.562880839189,0.806524652296,1.12065705752
-0.225806451613,-0.387096774194,0.327137774394,0.444381181771,0.629804497512,0.902459003157,1.25422201997
-0.225806451613,-0.354838709677,0.367304875742,0.49895141313,0.707193010816,1.013403995,1.40871397009
-0.225806451613,-0.322580645161,0.413710100078,0.56199840486,0.796606064355,1.1415992241,1.58725405689
-0.225806451613,-0.290322580645,0.467138258059,0.63458995368,0.899556629486,1.28921979385,1.7928644566
-0.225806451613,-0.258064516129,0.5282142368,0.717575056621,1.01724415425,1.45799450799,2.02793216509
-0.225806451613,-0.225806451613,0.597159599965,0.811256444274,1.15008858254,1.64853664809,2.29326486706
-0.225806451613,-0.193548387097,0.673420835142,0.914884130863,1.29701500799,1.85931430703,2.58664909057
-0.225806451613,-0.161290322581,0.755163771525,1.02596831522,1.45446562342,2.08523990797,2.90088348976
-0.225806451613,-0.129032258065,0.838718340173,1.13952181836,1.6153501362,2.31614483591,3.22165240824
-0.225806451613,-0.0967741935484,0.91822500066,1.24758385541,1.76835227532,2.53579485909,3.52715048558
-0.225806451613,-0.0645161290323,0.985893042298,1.339564719,1.89845865613,2.72262077535,3.78757220533
-0.225806451613,-0.0322580645161,1.03324755604,1.40393956407,1.98937203593,2.85318808678,3.96963771632
-0.225806451613,0.0,1.05330812641,1.43121109049,2.02769886231,2.9082353449,4.04641937805
-0.225806451613,0.0322580645161,1.04286553038,1.41701683601,2.00732296596,2.87896312492,4.00562473848
-0.225806451613,0.0645161290323,1.00364836972,1.36370472238,1.93161886269,2.77021970237,3.85401878753
-0.225806451613,0.0967741935484,0.941667450875,1.27944885939,1.81215919158,2.59865638274,3.61486825812
-0.225806451613,0.129032258065,0.86515309577,1.17544369256,1.66477422783,2.3870368815,3.31995495428
-0.225806451613,0.161290322581,0.782262494754,1.06278023274,1.50514622034,2.15788910432,3.00072239145
-0.225806451613,0.193548387097,0.699514830882,0.950321775342,1.34581698435,1.92922731648,2.68226845017
-0.225806451613,0.225806451613,0.621257355453,0.84397320589,1.19515118889,1.71304538676,2.38129331118
-0.225806451613,0.258064516129,0.549861768084,0.746957886936,1.05771028,1.51588248782,2.10688208338
-0.225806451613,0.290322580645,0.486242941659,0.660513788071,0.935252291519,1.34024740306,1.86250366185
-0.225806451613,0.322580645161,0.430388640076,0.584625408226,0.82775395036,1.18609416585,1.64806691754
-0.225806451613,0.354838709677,0.381778778381,0.518583523774,0.734209511072,1.05197295928,1.46153943255
-0.225806451613,0.387096774194,0.339665799272,0.46137045606,0.653176899889,0.935805418976,1.30001343164
-0.225806451613,0.41935483871,0.30323975758,0.411885545509,0.583094592381,0.835349217698,1.16035761238
-0.225806451613,0.451612903226,0.271720821936,0.369068178642,0.522459373428,0.748443968396,1.03955991689
-0.225806451613,0.483870967742,0.244401154333,0.331956619399,0.469907586458,0.673130791646,0.934890608691
-0.193548387097,-0.483870967742,0.249150807509,0.338428187014,0.47954093447,0.687035922618,0.954346730769
-0.193548387097,-0.451612903226,0.278346855589,0.378090573025,0.535776112456,0.767632874481,1.06635781963
-0.193548387097,-0.41935483871,0.312452770949,0.424423702435,0.601474682653,0.861799054872,1.19741394847
-0.193548387097,-0.387096774194,0.352462444585,0.478778074754,0.678554083397,0.97228470238,1.35124293831
-0.193548387097,-0.354838709677,0.399559464834,0.542763167972,0.769296002283,1.10236624342,1.5323965088
-0.193548387097,-0.322580645161,0.45511855143,0.618245803869,0.87635143538,1.25584675865,1.74618183188
-0.193548387097,-0.290322580645,0.520662030331,0.707295985299,1.00265461812,1.4369452905,1.99847166745
-0.193548387097,-0.258064516129,0.597731886351,0.812012246565,1.15117526047,1.6499282412,2.29519698862
-0.193548387097,-0.225806451613,0.687602279905,0.934124837604,1.32436210632,1.89832088842,2.64121388476
-0.193548387097,-0.193548387097,0.790724833902,1.07425177492,1.52306562955,2.18337365874,3.03814727803
-0.193548387097,-0.161290322581,0.90581513569,1.23065437444,1.74478372922,2.50151883796,3.48082293355
-0.193548387097,-0.129032258065,1.02858051279,1.39750068729,1.98118963843,2.84084479113,3.95233064075
-0.193548387097,-0.0967741935484,1.15043867419,1.56313422234,2.21569777982,3.17755945941,4.42035221576
-0.193548387097,-0.0645161290323,1.25816799659,1.70958582319,2.4228022448,3.47501913742,4.83514434191
-0.193548387097,-0.0322580645161,1.33579592921,1.81512603958,2.5717617612,3.68902436211,5.13369287944
-0.193548387097,0.0,1.36919651366,1.8605457651,2.63551855499,3.78061793721,5.26151658761
-0.193548387097,0.0322580645161,1.3516576946,1.83670405028,2.60130892581,3.73144512788,5.19292606671
-0.193548387097,0.0645161290323,1.28686226444,1.7486078293,2.47630675085,3.551832846,4.94239560199
-0.193548387097,0.0967741935484,1.18715396505,1.6130524794,2.28424426268,3.27594134834,4.55767227444
-0.193548387097,0.129032258065,1.06841814577,1.45164412691,2.0556395762,2.94764993996,4.10005467765
-0.193548387097,0.161290322581,0.944986787879,1.28387142751,1.81802579405,2.60652480635,3.62474268466
-0.193548387097,0.193548387097,0.826915748355,1.12340157262,1.5907448476,2.28032301888,3.17041982203
-0.193548387097,0.225806451613,0.719752055039,0.977771854526,1.38447172361,1.98436067748,2.75837139247
-0.193548387097,0.258064516129,0.62561888728,0.849860140979,1.20329501498,1.72446584778,2.39667001936
-0.193548387097,0.290322580645,0.544523639753,0.739673273202,1.04722877567,1.50064220436,2.08526737717
-0.193548387097,0.322580645161,0.4753991106,0.645756553522,0.914214389066,1.30991540494,1.819982956
-0.193548387097,0.354838709677,0.416757859799,0.566087728961,0.80138571342,1.14815879005,1.59505042078
-0.193548387097,0.387096774194,0.367056647918,0.498567653276,0.70576956568,1.01109843961,1.40449813578
-0.193548387097,0.41935483871,0.324868275372,0.441255949969,0.624615843252,0.894783303999,1.24281751985
-0.193548387097,0.451612903226,0.288947767442,0.392460587,0.555524742953,0.795769003846,1.10520734233
-0.193548387097,0.483870967742,0.258241239125,0.350749409919,0.49646849494,0.71114237444,0.98760856261
-0.161290322581,-0.483870967742,0.261558525516,0.355278574348,0.503403558967,0.721198537194,1.00174797782
-0.161290322581,-0.451612903226,0.293934795485,0.399260359967,0.565761083263,0.810564541985,1.12593466554
-0.161290322581,-0.41935483871,0.332246311938,0.451305698722,0.639557757998,0.91633027068,1.27308381553
-0.161290322581,-0.387096774194,0.377877595131,0.513296894442,0.727466174047,1.04232982773,1.4485035937
-0.161290322581,-0.354838709677,0.432570615819,0.587599660572,0.832842774761,1.19337958495,1.65885963238
-0.161290322581,-0.322580645161,0.498491744063,0.677158590685,0.959867314346,1.3754758584,1.91252699606
-0.161290322581,-0.290322580645,0.578281197876,0.78556306737,1.11363205693,1.59593093135,2.21969970436
-0.161290322581,-0.258064516129,0.675023372353,0.917003896343,1.30007992504,1.8632795639,2.5922694392
-0.161290322581,-0.225806451613,0.79201684508,1.0759675551,1.52556326939,2.18665810264,3.04291841245
-0.161290322581,-0.193548387097,0.93213213247,1.26636043538,1.79559512528,2.57400778064,3.58257161949
-0.161290322581,-0.161290322581,1.09639056511,1.48957618212,2.11209333046,3.02814335619,4.21482486603
-0.161290322581,-0.129032258065,1.28138925909,1.7410053788,2.46840505264,3.53959239213,4.92585289567
-0.161290322581,-0.0967741935484,1.47566525783,2.00508612493,2.84230182609,4.07652147297,5.67159739089
-0.161290322581,-0.0645161290323,1.65671943125,2.25124242866,3.19029516302,4.57648335801,6.36902626464
-0.161290322581,-0.0322580645161,1.79272299462,2.43618822165,3.45109827281,4.95129498282,6.8921805396
-0.161290322581,0.0,1.85255999695,2.51757647047,3.56513211416,5.11514858061,7.12091948503
-0.161290322581,0.0322580645161,1.82073805429,2.47431244366,3.50307417678,5.0258717269,6.99625426941
-0.161290322581,0.0645161290323,1.70597460799,2.31825329757,3.28190434425,4.70796817913,6.55257636179
-0.161290322581,0.0967741935484,1.53600418118,2.0871399772,2.95480049099,4.2379937376,5.89697724949
-0.161290322581,0.129032258065,1.34351163573,1.82544804733,2.5844334254,3.70605445192,5.15532844212
-0.161290322581,0.161290322581,1.15422245439,1.56814761756,2.22019944442,3.18312225107,4.42662522458
-0.161290322581,0.193548387097,0.982854119243,1.33524134447,1.89043052056,2.709837467,3.76744639275
-0.161290322581,0.225806451613,0.835021827942,1.1343464043,1.60595046007,2.30168139693,3.19924463078
-0.161290322581,0.258064516129,0.710847800956,0.965619106647,1.36701196626,1.95896429261,2.72232956001
-0.161290322581,0.290322580645,0.607901313067,0.825747031105,1.16893828031,1.67492884367,2.32721488643
-0.161290322581,0.322580645161,0.522950716147,0.710332212812,1.00550844556,1.44061713405,2.0013649384
-0.161290322581,0.354838709677,0.452816845869,0.615053774146,0.870599134434,1.24722863601,1.73249668354
-0.161290322581,0.387096774194,0.394713875087,0.536122389934,0.758844533876,1.08705574941,1.50985132858
-0.161290322581,0.41935483871,0.346327152978,0.470393141282,0.665787790718,0.953697346938,1.3245144316
-0.161290322581,0.451612903226,0.305785949109,0.415323167738,0.587826495339,0.841983682841,1.16928172407
-0.161290322581,0.483870967742,0.271597838251,0.368884156554,0.52208759576,0.747791597134,1.03841403772
-0.129032258065,-0.483870967742,0.273094809273,0.370944042932,0.52557877895,0.752937580388,1.0457685956
-0.129032258065,-0.451612903226,0.30859573415,0.419170025699,0.593949621603,0.850913040218,1.18190451927
-0.129032258065,-0.41935483871,0.351118332451,0.476934959725,0.675853361633,0.968288092876,1.34509878039
-0.129032258065,-0.387096774194,0.402508579208,0.546748063413,0.774850119285,1.11016958962,1.54260027976
-0.129032258065,-0.354838709677,0.465196314528,0.631909474331,0.895625858776,1.28327530702,1.78365546061
-0.129032258065,-0.322580645161,0.542385784394,0.736774314035,1.04436176896,1.49647623651,2.08064761133
-0.129032258065,-0.290322580645,0.638292528019,0.867073227194,1.22919100906,1.76144197986,2.44987318533
-0.129032258065,-0.258064516129,0.758385861119,1.03023704334,1.46066021268,2.0933098656,2.91245543362
-0.129032258065,-0.225806451613,0.909511983991,1.23557139019,1.75196425714,2.51103128673,3.49480491178
-0.129032258065,-0.193548387097,1.09956694259,1.49381454569,2.11831064479,3.03647894711,4.22727910114
-0.129032258065,-0.161290322581,1.33595147971,1.81503626336,2.57389670648,3.69012164235,5.13798448065
-0.129032258065,-0.129032258065,1.62131528585,2.2028678341,3.12367236349,4.47923182816,6.23595847524
-0.129032258065,-0.0967741935484,1.94485547487,2.64266663429,3.74646914035,5.37366492639,7.4769400922
-0.129032258065,-0.0645161290323,2.27015156046,3.08497772584,4.37159924594,6.27203504925,8.7306474692
-0.129032258065,-0.0322580645161,2.53017286082,3.43865299657,4.8696829123,6.98807668838,9.73061027483
-0.129032258065,0.0,2.64839795234,3.59953328716,5.09433072389,7.31151625185,10.1810457728
-0.129032258065,0.0322580645161,2.58427894763,3.51231191719,4.97225191056,7.136565475,9.93512596573
-0.129032258065,0.0645161290323,2.3615066726,3.20930378401,4.5413645228,6.51759558765,9.07180417671
-0.129032258065,0.0967741935484,2.04991976251,2.78556896739,3.94202812814,5.65427956821,7.86849556632
-0.129032258065,0.129032258065,1.72177982016,2.33942679859,3.31120889216,4.74823663308,6.60513310871
-0.129032258065,0.161290322581,1.42288605081,1.93313901711,2.7363689982,3.92296447573,5.4551660921
-0.129032258065,0.193548387097,1.17099183838,1.59079784512,2.25181512172,3.2276041175,4.48680323307
-0.129032258065,0.225806451613,0.966811955888,1.31334067627,1.85902437584,2.66413471803,3.70253460107
-0.129032258065,0.258064516129,0.803994111809,1.09211513138,1.54582101073,2.21497063937,3.0776416921
-0.129032258065,0.290322580645,0.674630531858,0.916359695391,1.29699597613,1.85821877934,2.58149554664
-0.129032258065,0.322580645161,0.571502857642,0.776257955761,1.09865544152,1.57390864135,2.18621837957
-0.129032258065,0.354838709677,0.488716149826,0.663795340125,0.939454375237,1.34573873344,1.86906984328
-0.129032258065,0.387096774194,0.421679717934,0.57273371874,0.810553803279,1.16102337024,1.61237335126
-0.129032258065,0.41935483871,0.366889971889,0.49830973822,0.705210714753,1.0100809399,1.40264833941
-0.129032258065,0.451612903226,0.321689260216,0.436913053874,0.618311156829,0.885578694747,1.22968145861
-0.129032258065,0.483870967742,0.284060141104,0.385802104717,0.545972696695,0.781946235977,1.08572572566
-0.0967741935484,-0.483870967742,0.283352270925,0.384872128068,0.545282726884,0.781128228093,1.08484561686
-0.0967741935484,-0.451612903226,0.321770059682,0.437058517645,0.619262525239,0.887132395942,1.23211695492
-0.0967741935484,-0.41935483871,0.368293340584,0.500256103763,0.708861721045,1.0155237137,1.41050339589
-0.0967741935484,-0.387096774194,0.425271035059,0.577657450283,0.818610874787,1.17279772643,1.62932185662
-0.0967741935484,-0.354838709677,0.495917779039,0.673628839168,0.954708041277,1.36784331745,1.90086648399
-0.0967741935484,-0.322580645161,0.584687757409,0.794223885189,1.12574795015,1.61298502295,2.2422975417
-0.0967741935484,-0.290322580645,0.697826255849,0.947926815255,1.34377802485,1.92550401061,2.67775883264
-0.0967741935484,-0.258064516129,0.844150964381,1.14672278292,1.62581058608,2.32980664184,3.24135301744
-0.0967741935484,-0.225806451613,1.03608892786,1.40749694172,1.99581432365,2.86029700585,3.98111641547
-0.0967741935484,-0.193548387097,1.29076169073,1.75352856278,2.48680989963,3.56438631842,4.96317048092
-0.0967741935484,-0.161290322581,1.63019487117,2.21475607119,3.14120348131,4.50306276034,6.2722058595
-0.0967741935484,-0.129032258065,2.07748104864,2.82261146153,4.00329427264,5.74019996216,7.99584666274
-0.0967741935484,-0.0967741935484,2.6411375794,3.58878545159,5.08880815568,7.29905534821,10.1617269885
-0.0967741935484,-0.0645161290323,3.27659270307,4.45288624276,6.31013260812,9.05457530678,12.6064254808
-0.0967741935484,-0.0322580645161,3.83771198698,5.21634000352,7.38337147187,10.5986526052,14.7624877889
-0.0967741935484,0.0,4.10633109466,5.58194419598,7.92127174119,11.3662043518,15.8239933613
-0.0967741935484,0.0322580645161,3.95582716554,5.37715051652,7.63567108897,10.9528778865,15.2436085628
-0.0967741935484,0.0645161290323,3.46475137098,4.70900340561,6.67746198427,9.57930260362,13.3306900514
-0.0967741935484,0.0967741935484,2.83734224413,3.85566373632,5.4574112968,7.82991657771,10.8945096893
-0.0967741935484,0.129032258065,2.24571962704,3.05126461297,4.31725359299,6.19033557629,8.61018960838
-0.0967741935484,0.161290322581,1.76211642075,2.39392753493,3.38767900383,4.85604616329,6.75140024994
-0.0967741935484,0.193548387097,1.39074123275,1.88923945434,2.67357982036,3.83152416871,5.32514637668
-0.0967741935484,0.225806451613,1.1113634074,1.50962971693,2.13634807969,3.06105417292,4.25317169769
-0.0967741935484,0.258064516129,0.901190514813,1.22408550279,1.73221448836,2.48165207522,3.44739856256
-0.0967741935484,0.290322580645,0.741570298199,1.00723993407,1.4253186612,2.04176036637,2.83586629742
-0.0967741935484,0.322580645161,0.618709927286,0.840343972363,1.18912202356,1.7032722829,2.36543493702
-0.0967741935484,0.354838709677,0.522759908387,0.710009268704,1.00467648715,1.43898667002,1.99821355426
-0.0967741935484,0.387096774194,0.44674192231,0.606753468486,0.858558353687,1.22964388096,1.70738777294
-0.0967741935484,0.41935483871,0.385690200297,0.523828406265,0.741214791236,1.06154090327,1.47388460074
-0.0967741935484,0.451612903226,0.336034482144,0.456384332952,0.645779631748,0.924834195994,1.28401639191
-0.0967741935484,0.483870967742,0.295176377596,0.400890211737,0.567255405314,0.812359040646,1.12781514932
-0.0645161290323,-0.483870967742,0.291919123417,0.39650250449,0.561720375532,0.804630991821,1.11739535029
-0.0645161290323,-0.451612903226,0.332873592453,0.45213287601,0.640573019469,0.917605931108,1.2743269404
-0.0645161290323,-0.41935483871,0.382929589196,0.520127726379,0.736961320132,1.05570978704,1.46617574571
-0.0645161290323,-0.387096774194,0.444934520691,0.604355024987,0.856374416372,1.22681194629,1.70389431728
-0.0645161290323,-0.354838709677,0.522910260295,0.710278782422,1.00656711591,1.44202926112,2.00339791388
-0.0645161290323,-0.322580645161,0.622657999088,0.845781478656,1.19872934092,1.71740330676,2.3867914405
-0.0645161290323,-0.290322580645,0.752745979278,1.02250364685,1.44939053927,2.07663756676,2.88718422927
-0.0645161290323,-0.258064516129,0.926138504847,1.25806233123,1.78356519002,2.55559895441,3.55471410453
-0.0645161290323,-0.225806451613,1.16292015496,1.57974975224,2.24001295867,3.20988459366,4.46710484779
-0.0645161290323,-0.193548387097,1.49480602889,2.03066085164,2.87993040526,4.12831540765,5.74709624797
-0.0645161290323,-0.161290322581,1.97206219324,2.67911644648,3.80029374087,5.45061930569,7.58908109558
-0.0645161290323,-0.129032258065,2.67127207041,3.62923365343,5.14865977007,7.38670431869,10.2881845077
-0.0645161290323,-0.0967741935484,3.68982644511,5.01354512158,7.1118962721,10.1992713725,14.2143942561
-0.0645161290323,-0.0645161290323,5.06770094662,6.8870890035,9.76279365971,14.0093169878,19.5051529444
-0.0645161290323,-0.0322580645161,6.52570036929,8.87117509333,12.5777547799,18.0555061984,25.1474157902
-0.0645161290323,0.0,7.32135738394,9.9756746675,14.1435951573,20.2735065678,28.2506058936
-0.0645161290323,0.0322580645161,6.87836365151,9.36892893831,13.274555737,19.0335014004,26.5070382073
-0.0645161290323,0.0645161290323,5.52131846938,7.51276313059,10.6716816335,15.2966828697,21.2725712068
-0.0645161290323,0.0967741935484,4.08725863058,5.55397022588,7.86913805454,11.2854195155,15.6962969081
-0.0645161290323,0.129032258065,2.95926542761,4.02045067877,5.68606670433,8.15405409328,11.3379207903
-0.0645161290323,0.161290322581,2.17022493845,2.94810687405,4.17024535121,5.9760252627,8.30500011936
-0.0645161290323,0.193548387097,1.63139669638,2.21596505569,3.13477071122,4.49116195856,6.23933736702
-0.0645161290323,0.225806451613,1.25899078429,1.71002843267,2.41909624747,3.46527485776,4.81296955715
-0.0645161290323,0.258064516129,0.995427440251,1.35199488806,1.91261574885,2.73945809959,3.80423049093
-0.0645161290323,0.290322580645,0.803982541479,1.09194580488,1.54474817523,2.21238524386,3.07192473213
-0.0645161290323,0.322580645161,0.661428383709,0.898318030603,1.27084112112,1.81999471538,2.52686640935
-0.0645161290323,0.354838709677,0.552860460402,0.750857723536,1.06224412328,1.52120068286,2.11188718935
-0.0645161290323,0.387096774194,0.46850032201,0.636280163515,0.900163611261,1.28905328014,1.78951228113
-0.0645161290323,0.41935483871,0.401775334213,0.545656174145,0.771967817226,1.10544994703,1.53457430639
-0.0645161290323,0.451612903226,0.348163995647,0.47284333812,0.668966456826,0.957938690043,1.32976479839
-0.0645161290323,0.483870967742,0.304484470087,0.413520649343,0.585048300931,0.837760164726,1.16291620296
-0.0322580645161,-0.483870967742,0.29841240942,0.405314330388,0.574154691582,0.82239096354,1.14195482504
-0.0322580645161,-0.451612903226,0.341350560714,0.463637285082,0.656810103264,0.940800699781,1.30640641305
-0.0322580645161,-0.41935483871,0.394202884317,0.535428621633,0.758560217417,1.08656820931,1.50886249422
-0.0322580645161,-0.387096774194,0.460247803217,0.625139554519,0.885724083356,1.26874969229,1.76190388035
-0.0322580645161,-0.354838709677,0.544224462462,0.739209871328,1.04743615677,1.50043706062,2.08372174448
-0.0322580645161,-0.322580645161,0.653180495156,0.887214456861,1.25728358808,1.80110190359,2.50199422552
-0.0322580645161,-0.290322580645,0.797939091188,1.08385744163,1.53613856666,2.20066128827,3.05816882076
-0.0322580645161,-0.258064516129,0.995760911518,1.35258586052,1.9172946641,2.74683472008,3.81885661646
-0.0322580645161,-0.225806451613,1.27539294527,1.73246338446,2.45622055622,3.5191498428,4.89520233368
-0.0322580645161,-0.193548387097,1.68720902221,2.29193011635,3.25014556998,4.65787545996,6.48217788032
-0.0322580645161,-0.161290322581,2.32468648521,3.15800179347,4.47953339862,6.42530618172,8.94191061819
-0.0322580645161,-0.129032258065,3.37194098469,4.5808764209,6.49986134742,9.33220451864,12.9880041275
-0.0322580645161,-0.0967741935484,5.20671603596,7.07393689309,10.0399871508,14.4260053618,20.0824653606
-0.0322580645161,-0.0645161290323,8.54608191988,11.6125534635,16.479065264,23.657508097,32.9741571196
-0.0322580645161,-0.0322580645161,13.8552339691,18.8360582619,26.6859510533,38.3224444991,53.3939798751
-0.0322580645161,0.0,17.946985917,24.3254926354,34.51144383,49.4851261076,68.8912790781
-0.0322580645161,0.0322580645161,15.5750434321,21.1189430828,29.9398052581,42.9010526275,59.6907492523
-0.0322580645161,0.0645161290323,9.99790967555,13.6230014232,19.3150445549,27.6504541882,38.4881939185
-0.0322580645161,0.0967741935484,6.06464594327,8.23910976718,11.678879024,16.7358830128,23.2533715713
-0.0322580645161,0.129032258065,3.85381149314,5.2346803137,7.40556901361,10.6130877022,14.7428569155
-0.0322580645161,0.161290322581,2.60812717355,3.54233491038,5.00722651847,7.17535607917,9.9655650563
-0.0322580645161,0.193548387097,1.86430887755,2.53197182254,3.5795782061,5.12608243205,7.11863839307
-0.0322580645161,0.225806451613,1.39223388298,1.89078610754,2.67340094121,3.82799281938,5.31387365343
-0.0322580645161,0.258064516129,1.07644346017,1.46189337554,2.06717657864,2.95984868005,4.10824383484
-0.0322580645161,0.290322580645,0.855797513816,1.16222881296,1.64357012111,2.35326931274,3.26620850061
-0.0322580645161,0.322580645161,0.695991578531,0.945199632858,1.33674736683,1.91394351882,2.65639754253
-0.0322580645161,0.354838709677,0.576745773234,0.783253849617,1.10778366181,1.58610933557,2.20136959665
-0.0322580645161,0.387096774194,0.48550809308,0.659348305404,0.932587902958,1.33526715107,1.85321647734
-0.0322580645161,0.41935483871,0.414200978052,0.562509247042,0.795655797154,1.13921015539,1.58110969975
-0.0322580645161,0.451612903226,0.357445108398,0.485431746269,0.686659951826,0.983154342562,1.36452236996
-0.0322580645161,0.483870967742,0.311552795267,0.423107101964,0.598522346147,0.856962739901,1.18938421584
0.0,-0.483870967742,0.302517343418,0.410882009894,0.58198028706,0.833542836798,1.15732279161
0.0,-0.451612903226,0.346735294052,0.470941332918,0.667077961499,0.955434495537,1.32657527047
0.0,-0.41935483871,0.401406539894,0.545199354261,0.77230087032,1.10615420981,1.53586279284
0.0,-0.387096774194,0.470105599934,0.638510963667,0.904532209781,1.29556456148,1.79887842625
0.0,-0.354838709677,0.558075632841,0.758000039201,1.07387377843,1.5381342756,2.1357193281
0.0,-0.322580645161,0.673261348631,0.914456162579,1.29562898152,1.85579034158,2.57683426243
0.0,-0.290322580645,0.828164327679,1.12486272296,1.59388665429,2.2830438301,3.17027752102
0.0,-0.258064516129,1.04338656572,1.41720781053,2.00835063954,2.87677725681,3.99603007668
0.0,-0.225806451613,1.35484512177,1.84028077393,2.60825867494,3.73618327289,5.19184146496
0.0,-0.193548387097,1.82979348625,2.48544819897,3.52328579296,5.04706380701,7.01689672649
0.0,-0.161290322581,2.60640233264,3.54041362107,5.01993409098,7.19156501574,10.0042639934
0.0,-0.129032258065,4.0068522379,5.44291565939,7.7199307484,11.0708896889,15.3986763275
0.0,-0.0967741935484,6.93438846095,9.42017106685,13.3672596928,19.1974879144,26.6955111544
0.0,-0.0645161290323,14.8000426718,20.155066711,28.6207888363,41.0990096342,57.2228107801
0.0,-0.0322580645161,51.2353123312,69.9308357271,99.3017163153,142.827065562,199.257472582
0.0,0.0,0.0202019944071,0.0202019944071,0.0202019944071,0.0202019944071,0.0202019944071
0.0,0.0322580645161,96.7956427627,130.848377189,184.096607531,262.159674344,361.030170656
0.0,0.0645161290323,20.5431334297,27.8815386304,39.3356876758,56.1628736233,77.7095647316
0.0,0.0967741935484,8.59071385038,11.6948056511,16.565808033,23.6491857314,32.7795830837
0.0,0.129032258065,4.71221382096,6.39713738621,9.06464457318,12.9625292048,17.9543183028
0.0,0.161290322581,2.96897261869,4.03104541846,5.70413098895,8.16316206283,11.3168339679
0.0,0.193548387097,2.04004615673,2.7699980001,3.9164573464,5.60724281614,7.77717821124
0.0,0.225806451613,1.48740860987,2.01970191275,2.85406358702,4.08731919592,5.67072437011
0.0,0.258064516129,1.13226198807,1.53750383825,2.17278839465,3.11085791056,4.31683502155
0.0,0.290322580645,0.89061675768,1.20939940184,1.70947098709,2.44675858387,3.39557741553
0.0,0.322580645161,0.718806125571,0.976106720513,1.37993868177,1.97522813741,2.74053194931
0.0,0.354838709677,0.592302998099,0.804332211394,1.13724444576,1.62791973366,2.25862262184
0.0,0.387096774194,0.496474668804,0.674206524441,0.953360136301,1.36474919312,1.89359912495
0.0,0.41935483871,0.422150250651,0.573279515455,0.810714022291,1.1605877906,1.61039659088
0.0,0.451612903226,0.363345760099,0.493427123627,0.697839782264,0.999028459915,1.38627299477
0.0,0.483870967742,0.316023940663,0.429165672846,0.606995006828,0.868994033688,1.20587273747
0.0322580645161,-0.483870967742,0.304024546136,0.41292013793,0.584796137456,0.83751347174,1.16270663611
0.0322580645161,-0.451612903226,0.348713879524,0.473616664947,0.670775002646,0.96064692398,1.33364636851
0.0322580645161,-0.41935483871,0.404055547224,0.548781641973,0.777251327101,1.11313681695,1.54533587564
0.0322580645161,-0.387096774194,0.47373458295,0.643418756231,0.911314736642,1.30513207767,1.8118624167
0.0322580645161,-0.354838709677,0.563182289226,0.764905933445,1.08341789711,1.55160042411,2.15399846157
0.0322580645161,-0.322580645161,0.680677563931,0.924487512614,1.30949007442,1.87535239296,2.60339596775
0.0322580645161,-0.290322580645,0.839353050842,1.1399977223,1.61479821073,2.31255915694,3.21024380104
0.0322580645161,-0.258064516129,1.06107075307,1.44112913126,2.04139385806,2.92342477595,4.0580518081
0.0322580645161,-0.225806451613,1.38447256186,1.88035798521,2.66358364999,3.81429641139,5.29431315367
0.0322580645161,-0.193548387097,1.88326143194,2.55777033332,3.6229909874,5.18783169652,7.19993375453
0.0322580645161,-0.161290322581,2.7127592967,3.6842593336,5.21766913753,7.47022006121,10.3651006768
0.0322580645161,-0.129032258065,4.24728901964,5.76778324013,8.16325026448,11.6829085461,16.2002395822
0.0322580645161,-0.0967741935484,7.56293834526,10.26436815,14.4939433688,20.7084709727,28.6609876682
0.0322580645161,-0.0645161290323,16.1257550384,21.7952559,30.6355681087,43.2993998222,50.91182
0.0322580645161,-0.0322580645161,27.9187030214,28.757812,28.757812,28.757812,28.757812
0.0322580645161,0.0,0.109657,0.109657,0.109657,0.109657,0.109657
0.0322580645161,0.0322580645161,0.232028,0.232028,0.232028,0.232028,0.232028
0.0322580645161,0.0645161290323,21.4824785121,28.8159731342,35.937356,35.937356,35.937356
0.0322580645161,0.0967741935484,9.58803369874,12.9443950601,18.2194017202,25.8340273887,35.3906341559
0.0322580645161,0.129032258065,5.04108380625,6.85246910493,9.66717487692,13.7895097678,19.0236840564
0.0322580645161,0.161290322581,3.09928305036,4.21027743879,5.96551931862,8.51234351221,11.7786921434
0.0322580645161,0.193548387097,2.10436149272,2.85628742223,4.04424026755,5.78109026762,8.00140284601
0.0322580645161,0.225806451613,1.52234325323,2.06666720004,2.92311992312,4.18207956673,5.79468651161
0.0322580645161,0.258064516129,1.15275452762,1.56508502986,2.21219926021,3.16654521813,4.3902508947
0.0322580645161,0.290322580645,0.903394502756,1.22660760454,1.73297426729,2.48138039001,3.44162463067
0.0322580645161,0.322580645161,0.727172132686,0.987380828678,1.39526547704,1.99720573262,2.77080534555
0.0322580645161,0.354838709677,0.598004940259,0.812017602538,1.14771372502,1.64247860935,2.27891067053
0.0322580645161,0.387096774194,0.500491702348,0.679622657207,0.960747663776,1.37503816514,1.90746471361
0.0322580645161,0.41935483871,0.42506036606,0.577204415487,0.816074506196,1.16805919252,1.62034062703
0.0322580645161,0.451612903226,0.36550525633,0.496339321467,0.701821884807,1.00458242447,1.39367537081
0.0322580645161,0.483870967742,0.31765923238,0.431372172609,0.61001341592,0.873208238667,1.2114943415
0.0645161290323,-0.483870967742,0.302855087421,0.411321738768,0.582453431637,0.83409166422,1.15781879074
0.0645161290323,-0.451612903226,0.347166992974,0.47150361727,0.66767702639,0.956122835264,1.32718521754
0.0645161290323,-0.41935483871,0.401966039886,0.545926308398,0.773065022093,1.10702206345,1.53660598662
0.0645161290323,-0.387096774194,0.470839198162,0.639463579323,0.905512918383,1.29665978507,1.79976981733
0.0645161290323,-0.354838709677,0.559048670167,0.75925959731,1.07513300917,1.53950439138,2.13673480712
0.0645161290323,-0.322580645161,0.674560715194,0.916131835693,1.29722461582,1.85744589759,2.577839075
0.0645161290323,-0.290322580645,0.829891791615,1.12707250744,1.59581042597,2.28484053462,3.17068504745
0.0645161290323,-0.258064516129,1.04559478594,1.41998404963,2.01029727158,2.87802047999,3.99324057473
0.0645161290323,-0.225806451613,1.35724323508,1.84315179738,2.60876694013,3.73421702452,5.17990456969
0.0645161290323,-0.193548387097,1.83038212378,2.4854853556,3.51618979077,5.031556097,6.97611774932
0.0645161290323,-0.161290322581,2.59484695941,3.52273805538,4.97900627666,7.11937708478,9.85951683053
0.0645161290323,-0.129032258065,3.92455889955,5.32438543313,7.52214309491,10.7423927181,14.839425499
0.0645161290323,-0.0967741935484,6.3884418909,8.6780443128,12.2241135191,17.3515922054,23.7997121842
0.0645161290323,-0.0645161290323,10.6195434682,14.2925114317,19.20654,19.20654,19.20654
0.0645161290323,-0.0322580645161,13.9384780963,14.881647,14.881647,14.881647,14.881647
0.0645161290323,0.0,13.586103,13.586103,13.586103,13.586103,13.586103
0.0645161290323,0.0322580645161,14.027433,14.027433,14.027433,14.027433,14.027433
0.0645161290323,0.0645161290323,12.3267624854,16.4803945509,16.597612,16.597612,16.597612
0.0645161290323,0.0967741935484,7.67930391956,10.3726652244,14.5218521241,20.4495435672,24.699362
0.0645161290323,0.129032258065,4.5980198024,6.22855294466,8.76158951475,12.4346890692,17.0918085207
0.0645161290323,0.161290322581,2.94405055757,4.00365187955,5.65301756285,8.05708434975,11.1101032175
0.0645161290323,0.193548387097,2.03426538312,2.76252829222,3.91382157277,5.58302369527,7.72156302922
0.0645161290323,0.225806451613,1.48783224229,2.01924653806,2.85931327998,4.08569175432,5.6514696765
0.0645161290323,0.258064516129,1.13384729828,1.53913293921,2.1771651546,3.11389391473,4.31264512263
0.0645161290323,0.290322580645,0.892139935217,1.21117074559,1.71208835556,2.45009490567,3.39573398405
0.0645161290323,0.322580645161,0.720042808024,0.977606071879,1.38127319503,1.97740771256,2.74185506133
0.0645161290323,0.354838709677,0.593263030518,0.805519006768,1.13810638429,1.62918308509,2.25971597943
0.0645161290323,0.387096774194,0.497212469846,0.675129226692,0.954113128664,1.36536420033,1.89421796123
0.0645161290323,0.41935483871,0.422718492731,0.573995797118,0.811341029683,1.16107359106,1.61063588241
0.0645161290323,0.451612903226,0.363787054306,0.493986325873,0.698352603101,0.99946700813,1.38625915779
0.0645161290323,0.483870967742,0.316369853061,0.429606418654,0.607411969424,0.869372894298,1.2059406152
0.0967741935484,-0.483870967742,0.299070384557,0.406172331629,0.575077394431,0.823458292094,1.14291615973
0.0967741935484,-0.451612903226,0.342189387846,0.464729836715,0.657972686971,0.9421338548,1.30757891435
0.0967741935484,-0.41935483871,0.395285260507,0.536835623519,0.760037198676,1.08824230474,1.5102840862
0.0967741935484,-0.387096774194,0.461659999767,0.626972279665,0.887608715573,1.27084876441,1.76358815348
0.0967741935484,-0.354838709677,0.546085388447,0.741618267853,1.04983892178,1.50303698689,2.08560595333
0.0967741935484,-0.322580645161,0.655646443522,0.890389769873,1.26029912772,1.80419945004,2.5031745522
0.0967741935484,-0.290322580645,0.801184503186,1.08800181845,1.53973133772,2.20395284584,3.05721369933
0.0967741935484,-0.258064516129,0.999865803378,1.35774067272,1.92088197025,2.74899046193,3.81209475123
0.0967741935484,-0.225806451613,1.27984747607,1.73777906544,2.45721249147,3.51531778593,4.87212513095
0.0967741935484,-0.193548387097,1.68911084244,2.29298378383,3.23962501915,4.63137131818,6.41592538533
0.0967741935484,-0.161290322581,2.31042826792,3.13498641356,4.42831576028,6.3273844214,8.74744888669
0.0967741935484,-0.129032258065,3.28152725416,4.44709855922,6.29155567995,8.95255953696,12.3367446498
0.0967741935484,-0.0967741935484,4.79364856884,6.49344252081,9.12346970718,12.9153903336,17.6553877113
0.0967741935484,-0.0645161290323,6.79666647185,9.15033137885,12.7576563221,13.204458,13.204458
0.0967741935484,-0.0322580645161,8.46254609082,11.005559,11.005559,11.005559,11.005559
0.0967741935484,0.0,9.07745027285,10.280573,10.280573,10.280573,10.280573
0.0967741935484,0.0322580645161,8.83871646608,10.531304,10.531304,10.531304,10.531304
0.0967741935484,0.0645161290323,7.51947034162,10.0892428091,11.916726,11.916726,11.916726
0.0967741935484,0.0967741935484,5.46060451127,7.37170048138,10.3188964839,14.5120599057,15.587779
0.0967741935484,0.129032258065,3.74202536125,5.06151831606,7.11376360041,10.0789296084,13.811519707
0.0967741935484,0.161290322581,2.58682726843,3.51259486612,4.94428223536,7.04717573357,9.70370764107
0.0967741935484,0.193548387097,1.85825908697,2.52789981639,3.57582879805,5.09361148145,7.03877078139
0.0967741935484,0.225806451613,1.3938488997,1.89113394986,2.68002037915,3.82496740412,5.28845393205
0.0967741935484,0.258064516129,1.07947135651,1.46504546892,2.07395493511,2.96379415144,4.10002804165
0.0967741935484,0.290322580645,0.858679094992,1.16559222826,1.64855608714,2.35780854078,3.26529827393
0.0967741935484,0.322580645161,0.698342992719,0.948052485981,1.34006180299,1.91759152287,2.65742930525
0.0967741935484,0.354838709677,0.578582329417,0.785527398389,1.10984718217,1.58872852207,2.20266826601
0.0967741935484,0.387096774194,0.486927412229,0.661125496974,0.934044874201,1.33703061816,1.8542890112
0.0967741935484,0.41935483871,0.415300047128,0.563895550333,0.796871456914,1.14032692666,1.58185535625
0.0967741935484,0.451612903226,0.35830252052,0.486518989368,0.687657414778,0.984010095913,1.36496523716
0.0967741935484,0.483870967742,0.312227160318,0.423966399137,0.599335683362,0.857703990898,1.18958114783
0.129032258065,-0.483870967742,0.292866321604,0.39773637896,0.563047423685,0.806162714165,1.11876640556
0.129032258065,-0.451612903226,0.334074298135,0.453695755971,0.642235763519,0.919507401808,1.27598587501
0.129032258065,-0.41935483871,0.384468050983,0.522127137053,0.739056778482,1.05807656973,1.46816152908
0.129032258065,-0.387096774194,0.446926005611,0.606937023818,0.859025726424,1.2297491367,1.70619222549
0.129032258065,-0.354838709677,0.52550792612,0.713636738804,1.00991082938,1.44561944776,2.00541371966
0.129032258065,-0.322580645161,0.626058183062,0.850154744727,1.20287115171,1.7216066352,2.38779638065
0.129032258065,-0.290322580645,0.757158425292,1.02813136629,1.4542509813,2.08099015631,2.88537423514
0.129032258065,-0.258064516129,0.931646470275,1.26496394471,1.78837570494,2.55830681544,3.54544960892
0.129032258065,-0.225806451613,1.16907457584,1.58707550739,2.24227084551,3.20583639368,4.44217039449
0.129032258065,-0.193548387097,1.49895056822,2.03428102048,2.87266619334,4.10728927026,5.6835225506
0.129032258065,-0.161290322581,1.96308921755,2.66256209965,3.76603403015,5.37212602177,7.41217310202
0.129032258065,-0.129032258065,2.61434734844,3.54849315669,5.01363569767,7.12366658343,9.806503797
0.129032258065,-0.0967741935484,3.49987850587,4.73558154155,6.65465545592,9.42187016154,12.8850815776
0.129032258065,-0.0645161290323,4.50260804044,6.0785499422,8.50673213105,11.032535,11.032535
0.129032258065,-0.0322580645161,5.35860178729,7.20478460705,9.454291,9.454291,9.454291
0.129032258065,0.0,5.74781180211,7.71012778373,8.914272,8.914272,8.914272
0.129032258065,0.0322580645161,5.56525460358,7.47304537556,9.102185,9.102185,9.102185
0.129032258065,0.0645161290323,4.85042037499,6.5311675656,9.10395714899,10.118968,10.118968
0.129032258065,0.0967741935484,3.84119259704,5.19054261801,7.27764118402,10.2599086904,12.648403
0.129032258065,0.129032258065,2.9026488225,3.92736441003,5.51820027149,7.81680232349,10.7113300925
0.129032258065,0.161290322581,2.16014860868,2.93256358808,4.12588381945,5.87702494712,8.08550219455
0.129032258065,0.193548387097,1.63029260571,2.21793637633,3.13408881181,4.46414737822,6.15916479067
0.129032258065,0.225806451613,1.26262248213,1.71366691085,2.4277258551,3.46207517255,4.78536203409
0.129032258065,0.258064516129,0.999818435719,1.35671186492,1.92146780397,2.74403048075,3.79328769569
0.129032258065,0.290322580645,0.8079469821,1.09659730953,1.55171964657,2.21813630126,3.0696294051
0.129032258065,0.322580645161,0.664683115324,0.90227633567,1.27582818691,1.82495433736,2.5277024391
0.129032258065,0.354838709677,0.555427218628,0.754037420242,1.0656654517,1.52501446016,2.11347077998
0.129032258065,0.387096774194,0.470501691175,0.638787348243,0.902437760751,1.29183943358,1.79103968688
0.129032258065,0.41935483871,0.403337260151,0.547627560437,0.773704085221,1.10742016627,1.53580463398
0.129032258065,0.451612903226,0.349390097981,0.474398894767,0.670397893571,0.959286481733,1.33066512835
0.129032258065,0.483870967742,0.305455007228,0.41475695962,0.586221211702,0.838832081958,1.16352033183
0.161290322581,-0.483870967742,0.284546328223,0.386427460952,0.546953455001,0.783050995558,1.08655210109
0.161290322581,-0.451612903226,0.323272622393,0.439013451673,0.621339754405,0.889499653858,1.23415911039
0.161290322581,-0.41935483871,0.370201363993,0.502734644813,0.711456534881,1.01844061658,1.41291149688
0.161290322581,-0.387096774194,0.427714450953,0.580824584583,0.821857148616,1.17637200282,1.63178755882
0.161290322581,-0.354838709677,0.499065629902,0.677695709767,0.958749520677,1.37214410019,1.90298757428
0.161290322581,-0.322580645161,0.588747640491,0.799440922552,1.13068024841,1.61792531887,2.24324711042
0.161290322581,-0.290322580645,0.703011292557,0.95453045434,1.34948642076,1.93051541113,2.6755550858
0.161290322581,-0.258064516129,0.850578712582,1.15476066424,1.63164695187,2.33318310978,3.2334604678
0.161290322581,-0.225806451613,1.0434889278,1.41636601146,1.99974996669,2.86053361027,3.9610808344
0.161290322581,-0.193548387097,1.29723746616,1.76018774284,2.48724448263,3.55352579488,4.91225998859
0.161290322581,-0.161290322581,1.62884805819,2.20874287176,3.12639885956,4.45573224978,6.14823122328
0.161290322581,-0.129032258065,2.05314168175,2.78845893765,3.93867840392,5.59744151252,7.70350374045
0.161290322581,-0.0967741935484,2.57118782958,3.48539527679,4.9023317049,6.94674581088,9.51397473943
0.161290322581,-0.0645161290323,3.10555182171,4.19676068325,5.88979888735,8.31857706877,10.331368
0.161290322581,-0.0322580645161,3.54031564526,4.77678006303,6.68392951205,8.934666,8.934666
0.161290322581,0.0,3.74129733167,5.0434343897,7.04359325847,8.450865,8.450865
0.161290322581,0.0322580645161,3.64346606883,4.91192035303,6.86377460637,8.61957,8.61957
0.161290322581,0.0645161290323,3.27532253664,4.4245258585,6.19578498585,8.72339677763,9.526028
0.161290322581,0.0967741935484,2.76045776334,3.73189779209,5.23708487205,7.40373609077,10.108642599
0.161290322581,0.129032258065,2.22861029866,3.01920809327,4.24220521847,6.01502865945,8.2522225043
0.161290322581,0.161290322581,1.76263254798,2.39355462016,3.36944264958,4.79813119468,6.60098712101
0.161290322581,0.193548387097,1.39426797196,1.89655861078,2.67914765328,3.81573681079,5.26162874258
0.161290322581,0.225806451613,1.11684888033,1.51631543555,2.14733221319,3.06082163039,4.2298391544
0.161290322581,0.258064516129,0.906792695223,1.23032942624,1.74258756805,2.48760080799,3.43818272691
0.161290322581,0.290322580645,0.7463027463,1.01283454933,1.43371315749,2.04858815352,2.83331723614
0.161290322581,0.322580645161,0.6226189341,0.845112675889,1.19535275443,1.70927336718,2.36640012476
0.161290322581,0.354838709677,0.525876017251,0.713876476405,1.00915395266,1.44375747147,2.00014256575
0.161290322581,0.387096774194,0.449199162525,0.609834771493,0.861710820794,1.23326768628,1.70933825897
0.161290322581,0.41935483871,0.387626799807,0.52627448392,0.7433931384,1.06422606795,1.47554852166
0.161290322581,0.451612903226,0.337567715004,0.458330799276,0.647577810144,0.926786144345,1.28532353198
0.161290322581,0.483870967742,0.296398752797,0.402447844895,0.568737583176,0.813750598773,1.12878832517
0.193548387097,-0.483870967742,0.27448661994,0.372756651138,0.527523771829,0.755169392659,1.04773195762
0.193548387097,-0.451612903226,0.310331851219,0.421428067297,0.596345817496,0.853634871594,1.18422424025
0.193548387097,-0.41935483871,0.353300647245,0.479768323938,0.678814990273,0.971602567855,1.34770184271
0.193548387097,-0.387096774194,0.405269599984,0.550323807567,0.778510729375,1.11417551367,1.54519635206
0.193548387097,-0.354838709677,0.468702709566,0.636436061308,0.900119630868,1.28802162254,1.78587602913
0.193548387097,-0.322580645161,0.546836821209,0.742491042291,1.04976904161,1.501840968,2.08164909259
0.193548387097,-0.290322580645,0.643885009074,0.874191560645,1.23538472196,1.76683174592,2.44870066186
0.193548387097,-0.258064516129,0.765298468104,1.03888409884,1.46731354811,2.09867267774,2.90757485714
0.193548387097,-0.225806451613,0.917605315281,1.24536847456,1.75892157273,2.5151080306,3.48092599221
0.193548387097,-0.193548387097,1.10774208377,1.50291328718,2.12452608237,3.03406989299,4.19187917603
0.193548387097,-0.161290322581,1.34060976437,1.8178323184,2.57358332781,3.66731133329,5.0607624212
0.193548387097,-0.129032258065,1.61670340349,2.19545344629,3.10255275704,4.41047260684,6.07567812611
0.193548387097,-0.0967741935484,1.92517881029,2.61418080951,3.67962949562,5.22814935659,7.17571236203
0.193548387097,-0.0645161290323,2.22670255988,3.01095733038,4.23819784453,6.001713541,8.20983376123
0.193548387097,-0.0322580645161,2.45373862208,3.3205763394,4.66068068697,6.5897565783,8.98920382167
0.193548387097,0.0,2.56057351867,3.4606406152,4.85467198643,6.85024073034,8.641167
0.193548387097,0.0322580645161,2.50573913697,3.39000569491,4.75844412023,6.71710053515,8.817642
0.193548387097,0.0645161290323,2.31752077107,3.13314429307,4.39768990631,6.22123745664,8.49568169659
0.193548387097,0.0967741935484,2.03816751713,2.75876557789,3.87465706624,5.48695639296,7.51784592636
0.193548387097,0.129032258065,1.72339321913,2.3379519023,3.28539433157,4.67275672083,6.41609483176
0.193548387097,0.161290322581,1.42947082678,1.94211406051,2.73678451473,3.89696601267,5.36343317872
0.193548387097,0.193548387097,1.17700322852,1.60127098074,2.26270796257,3.22213721059,4.44452542134
0.193548387097,0.225806451613,0.973640902041,1.32175969995,1.87174508642,2.66773471169,3.68609355451
0.193548387097,0.258064516129,0.810351077485,1.09940665146,1.55711009255,2.22240902559,3.07122243916
0.193548387097,0.290322580645,0.679933366394,0.922699998497,1.30612646583,1.86590639964,2.57986527018
0.193548387097,0.322580645161,0.575818589024,0.781544844238,1.10566852191,1.58064367821,2.18757067047
0.193548387097,0.354838709677,0.492196846445,0.668124813415,0.944652280709,1.35119189797,1.87136331135
0.193548387097,0.387096774194,0.424457747447,0.576222111274,0.814346962696,1.16527099412,1.61469758199
0.193548387097,0.41935483871,0.369104438471,0.501109033033,0.707945838693,1.01332175708,1.40467795967
0.193548387097,0.451612903226,0.323460197662,0.439162355175,0.620400112424,0.888015368601,1.23133483612
0.193548387097,0.483870967742,0.285484220444,0.387617702321,0.547706922782,0.783756550218,1.08701310817
0.225806451613,-0.483870967742,0.263097896693,0.357282284759,0.505551227205,0.723656724727,1.00388926852
0.225806451613,-0.451612903226,0.295836287537,0.401732032451,0.568381547981,0.813529895927,1.12843154777
0.225806451613,-0.41935483871,0.334609011628,0.454371972793,0.642761141407,0.919899608386,1.27578067771
0.225806451613,-0.387096774194,0.380828254321,0.517116492439,0.731375323405,1.04658565023,1.45118790073
0.225806451613,-0.354838709677,0.436263384991,0.592364118897,0.837576559705,1.19835111753,1.66117408946
0.225806451613,-0.322580645161,0.50310421761,0.683078758448,0.965490206477,1.3810271938,1.91378368862
0.225806451613,-0.290322580645,0.583997227681,0.792837451451,1.12008686437,1.60194836988,2.22022105144
0.225806451613,-0.258064516129,0.682031800529,0.925791678137,1.30722324481,1.87020131217,2.59024058131
0.225806451613,-0.225806451613,0.800288975263,1.08608697109,1.53432878304,2.19345738456,3.03487423344
0.225806451613,-0.193548387097,0.941125593425,1.27683112645,1.80522996913,2.57779160324,3.56099176104
0.225806451613,-0.161290322581,1.10443400748,1.49770596861,2.12012165298,3.02204538118,4.17073434443
0.225806451613,-0.129032258065,1.2861941156,1.74610139394,2.4692453984,3.51176028091,4.84310192969
0.225806451613,-0.0967741935484,1.47477514637,2.00477115866,2.82819957751,4.02031573892,5.52647204266
0.225806451613,-0.0645161290323,1.65192147703,2.24218550549,3.15326657646,4.48091035377,6.14836549747
0.225806451613,-0.0322580645161,1.78410448816,2.41791597773,3.39475629708,4.814949088,6.5941733804
0.225806451613,0.0,1.84239370041,2.49105031137,3.50038283164,4.96245621731,6.79139759954
0.225806451613,0.0322580645161,1.80730542551,2.45274263457,3.44869407433,4.88736482328,6.68986072425
0.225806451613,0.0645161290323,1.70619695842,2.31177408683,3.2467564726,4.60354665616,6.30962287017
0.225806451613,0.0967741935484,1.54164843095,2.09133709499,2.93817023734,4.17802994912,5.73434734236
0.225806451613,0.129032258065,1.3519803561,1.83616704995,2.58552269993,3.67952432009,5.05953396023
0.225806451613,0.161290322581,1.16313030309,1.58112115105,2.23056860451,3.17633080644,4.37400552516
0.225806451613,0.193548387097,0.9902094917,1.34676515678,1.90431106068,2.71129417657,3.74289833904
0.225806451613,0.225806451613,0.84254941036,1.14332428149,1.61941768452,2.3085127991,3.18945490858
0.225806451613,0.258064516129,0.717522511446,0.973453425647,1.37856850817,1.96756289359,2.71876441531
0.225806451613,0.290322580645,0.613453789525,0.83245716659,1.17831054377,1.68317571776,2.32691210217
0.225806451613,0.322580645161,0.527455057132,0.715878027544,1.01287894374,1.44777700802,2.00325820682
0.225806451613,0.354838709677,0.456492848668,0.619638049832,0.876200385458,1.25309633538,1.73514909737
0.225806451613,0.387096774194,0.397685216855,0.539860089167,0.763045662542,1.09171272461,1.51248644788
0.225806451613,0.41935483871,0.348724506034,0.473426857663,0.668909303801,0.957327679757,1.32683621934
0.225806451613,0.451612903226,0.307724116025,0.417786751186,0.590129827315,0.844780051557,1.17120955276
0.225806451613,0.483870967742,0.273171475755,0.370891343895,0.524014117447,0.749927469777,1.03995716622
0.258064516129,-0.483870967742,0.250788701675,0.340559657023,0.481824618034,0.689642274329,0.956595847363
0.258064516129,-0.451612903226,0.280348997596,0.380692447896,0.538533486304,0.770743545519,1.06894872191
0.258064516129,-0.41935483871,0.314911835814,0.427613903473,0.604806391084,0.865498136287,1.2001608935
0.258064516129,-0.387096774194,0.355492165878,0.482699593679,0.682569841342,0.976641017261,1.35398226511
0.258064516129,-0.354838709677,0.403295684691,0.54758197317,0.77409662016,1.10739189893,1.53480165453
0.258064516129,-0.322580645161,0.459711620677,0.624141521,0.881987301919,1.26141649777,1.74841783249
0.258064516129,-0.290322580645,0.526282890084,0.714454236344,1.00915470121,1.44358112546,2.0003324143
0.258064516129,-0.258064516129,0.604547394204,0.82058527641,1.15886521607,1.65770902803,2.29552825212
0.258064516129,-0.225806451613,0.695648548005,0.944063565698,1.33386412503,1.90671984438,2.63788659738
0.258064516129,-0.193548387097,0.799776045089,1.08509159853,1.5341659498,2.19091580575,3.02697197699
0.258064516129,-0.161290322581,0.915150356975,1.2411823852,1.75654909623,2.50502486072,3.45753116728
0.258064516129,-0.129032258065,1.03693874659,1.40737502175,1.99153124487,2.83489171512,3.91197953527
0.258064516129,-0.0967741935484,1.15715835196,1.57258032102,2.22193596278,3.15982606694,4.35301802777
0.258064516129,-0.0645161290323,1.26379093785,1.71779852835,2.42288771157,3.4448927628,4.73609344103
0.258064516129,-0.0322580645161,1.34158228738,1.82206777771,2.56571075053,3.6475200553,5.01020661338
0.258064516129,0.0,1.37565643078,1.86735314929,2.62658376898,3.73403700658,5.12625429511
0.258064516129,0.0322580645161,1.35941237229,1.84511419311,2.59474928177,3.68931763405,5.06508897699
0.258064516129,0.0645161290323,1.29604764883,1.75965526613,2.47616878797,3.52175025634,4.83804399362
0.258064516129,0.0967741935484,1.1972037921,1.62635417741,2.29123455304,3.26002443417,4.4827815844
0.258064516129,0.129032258065,1.07840183187,1.46586750977,2.0677449003,2.94338272279,4.0515408947
0.258064516129,0.161290322581,0.953693227384,1.29728640167,1.83263226695,2.6092967497,3.59708933272
0.258064516129,0.193548387097,0.835146782714,1.13457004908,1.60551204311,2.28635612315,3.15808930962
0.258064516129,0.225806451613,0.727406698095,0.986623451928,1.39779186202,1.99325359845,2.75373605047
0.258064516129,0.258064516129,0.63226011543,0.857798874282,1.21457233779,1.73371509782,2.39545466388
0.258064516129,0.290322580645,0.550064675989,0.746435120597,1.05643871788,1.50911563636,2.0863073532
0.258064516129,0.322580645161,0.479927078156,0.651361244946,0.921587048625,1.31722223588,1.82246321838
0.258064516129,0.354838709677,0.420488376508,0.570755213196,0.807119110933,1.15420311387,1.59802066022
0.258064516129,0.387096774194,0.370111299608,0.502417715758,0.710170957007,1.01597051322,1.40737243091
0.258064516129,0.41935483871,0.327363287584,0.444418174529,0.627966740875,0.898649679026,1.24535498258
0.258064516129,0.451612903226,0.290987554641,0.395056300932,0.558058115986,0.798805547816,1.10734029855
0.258064516129,0.483870967742,0.259914360622,0.352885332768,0.498530184297,0.713509916682,0.989348365456
0.290322580645,-0.483870967742,0.237938040358,0.323103172777,0.457072194383,0.65416994546,0.907302741899
0.290322580645,-0.451612903226,0.264376139907,0.358994893559,0.507773134325,0.726666216937,1.00770576019
0.290322580645,-0.41935483871,0.294883403105,0.400408490766,0.566247609903,0.810253471627,1.12341792732
0.290322580645,-0.387096774194,0.330157971928,0.448288953742,0.633814067993,0.906799264889,1.25698773904
0.290322580645,-0.354838709677,0.370976050539,0.503686731042,0.711928441652,1.01836169906,1.41130453068
0.290322580645,-0.322580645161,0.418155463735,0.567706630259,0.802110806206,1.14716834141,1.59017850767
0.290322580645,-0.290322580645,0.472506558439,0.641434946906,0.905901189697,1.29607318465,1.79571839913
0.290322580645,-0.258064516129,0.534643684765,0.725691820607,1.02496081431,1.46607373723,2.0300167025
0.290322580645,-0.225806451613,0.60471129836,0.820661534951,1.159570856,1.65760916181,2.29334900271
0.290322580645,-0.193548387097,0.682020908209,0.925379485164,1.30827013917,1.86867779528,2.58250577803
0.290322580645,-0.161290322581,0.764513914326,1.03702475987,1.46719590206,2.09347756434,2.88973892121
0.290322580645,-0.129032258065,0.848233634308,1.1501954754,1.62881892336,2.32096598859,3.20360983058
0.290322580645,-0.0967741935484,0.927372389461,1.25949755428,1.78147123812,2.53474897627,3.49781011396
0.290322580645,-0.0645161290323,0.994616302067,1.35213638827,1.91047601925,2.71753466853,3.74443204866
0.290322580645,-0.0322580645161,1.04209221105,1.41700916436,2.00022383284,2.84500278461,3.91426673807
0.290322580645,0.0,1.0628827838,1.44481242891,2.03813871545,2.89900390926,3.98744299805
0.290322580645,0.0322580645161,1.05299722568,1.43122645153,2.01855239818,2.87150089481,3.94974834413
0.290322580645,0.0645161290323,1.01401310222,1.37839376967,1.94449154853,2.76675999769,3.8069214454
0.290322580645,0.0967741935484,0.951800851701,1.29417031722,1.82666781422,2.59989826243,3.57924620385
0.290322580645,0.129032258065,0.874428716497,1.18944319136,1.68021025335,2.39206462785,3.29711353828
0.290322580645,0.161290322581,0.790935072267,1.07497850337,1.52055670541,2.16445958798,2.98899174749
0.290322580645,0.193548387097,0.707740541918,0.960411484588,1.36010508824,1.93834792692,2.67742787965
0.290322580645,0.225806451613,0.628630412289,0.85273137233,1.20769951327,1.72288448071,2.38012524292
0.290322580645,0.258064516129,0.556220084217,0.754669602062,1.06832794771,1.52527642742,2.10733657684
0.290322580645,0.290322580645,0.491585853974,0.667091082438,0.944014791342,1.34864181148,1.8646728303
0.290322580645,0.322580645161,0.434810176875,0.590128207775,0.834873020583,1.19331338682,1.65106751402
0.290322580645,0.354838709677,0.385455374525,0.523198610498,0.739864694254,1.05799926594,1.46475769702
0.290322580645,0.387096774194,0.342714306536,0.46522154131,0.657607430971,0.940728564219,1.30305024398
0.290322580645,0.41935483871,0.305760414945,0.415084832111,0.586539661881,0.839317296209,1.16303623485
0.290322580645,0.451612903226,0.273805446576,0.371723938662,0.525120548664,0.751613313164,1.04183198228
0.290322580645,0.483870967742,0.24612874622,0.334163750491,0.472050979913,0.675645677373,0.93676804563
0.322580645161,-0.483870967742,0.224876617238,0.305361636463,0.43192911433,0.618149252145,0.857269477885
0.322580645161,-0.451612903226,0.248340282624,0.337214434938,0.476912377685,0.682459528983,0.94631463352
0.322580645161,-0.41935483871,0.275062010424,0.373487307723,0.528114399264,0.755638128042,1.04758959407
0.322580645161,-0.387096774194,0.305497027775,0.414796433603,0.586390560809,0.838893942533,1.1627388481
0.322580645161,-0.354838709677,0.340112349806,0.461773592569,0.65261114092,0.933449730081,1.29379023919
0.322580645161,-0.322580645161,0.37934100834,0.515002487959,0.727571195881,1.0407089365,1.44248153187
0.322580645161,-0.290322580645,0.423535428118,0.574950865148,0.811949108828,1.16177953025,1.60957023969
0.322580645161,-0.258064516129,0.472803233359,0.641757619796,0.906466533297,1.29658143081,1.7953469228
0.322580645161,-0.225806451613,0.526833475507,0.714992407442,1.01026420963,1.44430022672,1.99849112152
0.322580645161,-0.193548387097,0.584680246121,0.793361099598,1.12151070364,1.60230058924,2.21514351809
0.322580645161,-0.161290322581,0.644509454882,0.874360959724,1.23671575742,1.76548545678,2.43799796457
0.322580645161,-0.129032258065,0.703395530473,0.954017045641,1.35028673593,1.92578931166,2.65843434396
0.322580645161,-0.0967741935484,0.757349347965,1.02713484403,1.45454071944,2.07228216926,2.86056486409
0.322580645161,-0.0645161290323,0.801692742462,1.08894269968,1.54042038752,2.192283208,3.02603382932
0.322580645161,-0.0322580645161,0.832128220441,1.13116303158,1.59906304755,2.27534225485,3.13826420425
0.322580645161,0.0,0.844826898781,1.14903062557,1.62362340912,2.31035985988,3.18465594528
0.322580645161,0.0322580645161,0.838261077501,1.14032043493,1.61101602773,2.29266481368,3.15967010161
0.322580645161,0.0645161290323,0.813128128281,1.10616338163,1.56285437436,2.22453010259,3.06647665353
0.322580645161,0.0967741935484,0.77242935721,1.05053351806,1.48506200224,2.11385333714,2.91633492981
0.322580645161,0.129032258065,0.721079989226,0.979666205233,1.38601217746,1.97313316219,2.72471927131
0.322580645161,0.161290322581,0.663393841428,0.900280499704,1.27479823709,1.81647105678,2.50877600113
0.322580645161,0.193548387097,0.603599259323,0.818698578152,1.15960569096,1.6537373582,2.28430989699
0.322580645161,0.225806451613,0.544953889796,0.739302490169,1.04671119868,1.49384715726,2.06365842406
0.322580645161,0.258064516129,0.489623015628,0.664351656467,0.940263967484,1.34276912621,1.85551509522
0.322580645161,0.290322580645,0.438807663046,0.595489247452,0.842561081296,1.20387061149,1.66481401303
0.322580645161,0.322580645161,0.39299644863,0.533385491424,0.754515950584,1.07853263326,1.49238706877
0.322580645161,0.354838709677,0.352235367621,0.478108934474,0.676067905912,0.966789598395,1.33850362516
0.322580645161,0.387096774194,0.316208041771,0.429238967691,0.606734386078,0.867943949834,1.2022077627
0.322580645161,0.41935483871,0.284493845278,0.386211569388,0.545741832275,0.780916818277,1.0820647139
0.322580645161,0.451612903226,0.256634984876,0.348409715326,0.492193962382,0.704459389959,0.976418289478
0.322580645161,0.483870967742,0.232172558345,0.315212462106,0.445260943502,0.637317323559,0.883575484603
0.354838709677,-0.483870967742,0.211877241253,0.287705688831,0.406919122588,0.582328343963,0.807533196891
0.354838709677,-0.451612903226,0.232576299612,0.31580440805,0.446592041852,0.639038998086,0.886040111523
0.354838709677,-0.41935483871,0.255847681893,0.347392602533,0.491171261986,0.702743411996,0.974183840665
0.354838709677,-0.387096774194,0.281970969832,0.382848063697,0.541177730788,0.774174376019,1.07295784227
0.354838709677,-0.354838709677,0.311198923277,0.422512445545,0.597079683324,0.853986389673,1.18375450075
0.354838709677,-0.322580645161,0.343720699745,0.466639830505,0.659211896667,0.943005267281,1.30700542767
0.354838709677,-0.290322580645,0.379616626165,0.515331577493,0.727741719838,1.04135858383,1.44273095128
0.354838709677,-0.258064516129,0.418746813465,0.568392679987,0.802861317093,1.14843587763,1.59031594459
0.354838709677,-0.225806451613,0.460630750897,0.625167982532,0.883319744866,1.26297208001,1.74789479407
0.354838709677,-0.193548387097,0.50434144874,0.684397250952,0.967364042605,1.38241572971,1.91183489369
0.354838709677,-0.161290322581,0.548392337277,0.744054549812,1.05214853071,1.50266085233,2.07637116906
0.354838709677,-0.129032258065,0.590676429664,0.80128389016,1.13363476169,1.61793298317,2.23362502229
0.354838709677,-0.0967741935484,0.628555058176,0.852511320773,1.20673795056,1.72102536148,2.37595611529
0.354838709677,-0.0645161290323,0.65912059059,0.893813751289,1.2658354234,1.80405436517,2.49057742687
0.354838709677,-0.0322580645161,0.679647603816,0.922242635891,1.30562651869,1.85968778733,2.56738352618
0.354838709677,0.0,0.688117620715,0.934286778099,1.32216619377,1.88254882913,2.59899263226
0.354838709677,0.0322580645161,0.68365965672,0.928447511079,1.31374054296,1.87036160966,2.58228947797
0.354838709677,0.0645161290323,0.666752302072,0.905365037079,1.28125974354,1.82443460514,2.51908112595
0.354838709677,0.0967741935484,0.639102160029,0.867441235317,1.22803369722,1.74933737455,2.41563561148
0.354838709677,0.129032258065,0.603264484882,0.818279641915,1.1590201579,1.65191431105,2.28135239944
0.354838709677,0.161290322581,0.562126664056,0.762440009342,1.07981244953,1.53994224505,2.12693200901
0.354838709677,0.193548387097,0.51843379515,0.703289524972,0.995720779056,1.42085822016,1.96263643549
0.354838709677,0.225806451613,0.474468881456,0.643744060743,0.911142092146,1.30088136254,1.79705379232
0.354838709677,0.258064516129,0.431908481133,0.586080181727,0.829305561024,1.18462085445,1.63756739265
0.354838709677,0.290322580645,0.391850078528,0.531786299304,0.752308934193,1.07509273176,1.48705747139
0.354838709677,0.322580645161,0.354895135491,0.481684341111,0.681300879929,0.9739731437,1.3478790002
0.354838709677,0.354838709677,0.321316801266,0.436145841718,0.616677660316,0.88190850279,1.22106580525
0.354838709677,0.387096774194,0.291067190807,0.395112431503,0.558469305169,0.798916361761,1.10661798151
0.354838709677,0.41935483871,0.263983649268,0.358367767247,0.506385523828,0.724599291997,1.00402071648
0.354838709677,0.451612903226,0.239831150473,0.325595321897,0.459961974611,0.658316681813,0.912438066187
0.354838709677,0.483870967742,0.218337521515,0.296427592727,0.418717415418,0.599325921564,0.830874815948
0.387096774194,-0.483870967742,0.199154021869,0.270426025335,0.382451805113,0.54729159566,0.758902806089
0.387096774194,-0.451612903226,0.217331413352,0.295100972303,0.417284422193,0.597078934942,0.827813578591
0.387096774194,-0.41935483871,0.237516290556,0.32249879,0.455942748337,0.652316607385,0.904230664521
0.387096774194,-0.387096774194,0.259863486221,0.352828720489,0.498713812833,0.71340659145,0.988726647639
0.387096774194,-0.354838709677,0.284486995744,0.386244112916,0.545802164379,0.780629776066,1.08213269446
0.387096774194,-0.322580645161,0.311426646136,0.422796882651,0.59726640208,0.854422549109,1.18422751526
0.387096774194,-0.290322580645,0.340614153296,0.462389645046,0.653000808987,0.934426764525,1.29462988688
0.387096774194,-0.258064516129,0.371808547376,0.504691681916,0.712886258798,1.01980111645,1.41232732503
0.387096774194,-0.225806451613,0.404501435133,0.54901369845,0.775686719646,1.10923077126,1.53542546746
0.387096774194,-0.193548387097,0.437891377558,0.594263682117,0.839867895886,1.20050423633,1.6608214851
0.387096774194,-0.161290322581,0.470817860361,0.638869287557,0.903217903336,1.29044888391,1.78410177702
0.387096774194,-0.129032258065,0.501780565666,0.680793959614,0.962848364041,1.37494975557,1.89958673495
0.387096774194,-0.0967741935484,0.529012113157,0.717645914101,1.01535517172,1.44918699914,2.00081199862
0.387096774194,-0.0645161290323,0.550658765542,0.746921700428,1.05715621017,1.50813066498,2.0822298826
0.387096774194,-0.0322580645161,0.565043587679,0.766360530399,1.08499943098,1.54725039958,2.13628944794
0.387096774194,0.0,0.570952136412,0.774327481987,1.09651716685,1.56328073843,2.15849312859
0.387096774194,0.0322580645161,0.567864375851,0.770126611542,1.09069054384,1.55484176013,2.14694173391
0.387096774194,0.0645161290323,0.556060587766,0.754139093835,1.06805039761,1.52270194474,2.10269048518
0.387096774194,0.0967741935484,0.536561310013,0.727741960697,1.03057035143,1.46961458638,2.02952545806
0.387096774194,0.129032258065,0.510926247386,0.693038446404,0.981267177874,1.39978729853,1.93324094045
0.387096774194,0.161290322581,0.480977759631,0.652486190635,0.923663480143,1.3181445919,1.82062319336
0.387096774194,0.193548387097,0.448526939295,0.608535350239,0.861256565308,1.22960234529,1.69844697564
0.387096774194,0.225806451613,0.415168533195,0.563340172481,0.797120417805,1.13850361687,1.57351191496
0.387096774194,0.258064516129,0.382167935276,0.518618396807,0.733695380399,1.04831548192,1.44965610593
0.387096774194,0.290322580645,0.350440447735,0.475609629683,0.672731441798,0.961542462136,1.33030935314
0.387096774194,0.322580645161,0.320573061373,0.435112474456,0.61535613469,0.879804069613,1.21774342055
0.387096774194,0.354838709677,0.292921617211,0.397609210347,0.562128692339,0.803961251621,1.11325142147
0.387096774194,0.387096774194,0.267569405686,0.363218139126,0.513352065427,0.734406712684,1.01731240624
0.387096774194,0.41935483871,0.244510093367,0.33193281386,0.469011221307,0.671132488314,0.929954340241
0.387096774194,0.451612903226,0.223651114418,0.303628932482,0.428920417241,0.613890267812,0.850861094104
0.387096774194,0.483870967742,0.204848632919,0.278113628108,0.392846952875,0.562287904912,0.779514490412
0.41935483871,-0.483870967742,0.186865740971,0.253737911637,0.358829238858,0.513472236542,0.711974666366
0.41935483871,-0.451612903226,0.202777445246,0.275336812232,0.389315900425,0.557043835219,0.772275111547
0.41935483871,-0.41935483871,0.220239286101,0.299038032658,0.422754286851,0.604819107013,0.83836082567
0.41935483871,-0.387096774194,0.23932250335,0.324937616308,0.459273765362,0.656977442442,0.910565027315
0.41935483871,-0.354838709677,0.260053387275,0.353070058228,0.498915711647,0.713568369629,0.989203839037
0.41935483871,-0.322580645161,0.282388007316,0.383374871285,0.5415834674,0.774765595899,1.07385116913
0.41935483871,-0.290322580645,0.306183270299,0.415655185313,0.587012544744,0.840031738453,1.16391568613
0.41935483871,-0.258064516129,0.331177651714,0.449551616346,0.63499504744,0.9084497066,1.25826276871
0.41935483871,-0.225806451613,0.356899953383,0.484426953994,0.684399689734,0.97882972572,1.35519078928
0.41935483871,-0.193548387097,0.382689500968,0.519382115298,0.73396178174,1.04935574903,1.4521681183
0.41935483871,-0.161290322581,0.407665366792,0.553225252756,0.781997235756,1.11761983897,1.54586346489
0.41935483871,-0.129032258065,0.43075407446,0.584499625463,0.826441638035,1.180687638,1.63223871707
0.41935483871,-0.0967741935484,0.450756786232,0.611582206284,0.864982938534,1.23528512656,1.70682613994
0.41935483871,-0.0645161290323,0.466463730847,0.632838560329,0.895287086566,1.27812532278,1.76517359792
0.41935483871,-0.0322580645161,0.476811772877,0.6468330196,0.915293850379,1.30632780945,1.80376285713
0.41935483871,0.0,0.481045105364,0.652547499078,0.923535894263,1.31785276796,1.81973977316
0.41935483871,0.0322580645161,0.478843744195,0.649551681405,0.919385941989,1.31183862465,1.81151409425
0.41935483871,0.0645161290323,0.470377353085,0.638077718619,0.903167556191,1.2887538528,1.77972862621
0.41935483871,0.0967741935484,0.456277838235,0.618978181996,0.876096089596,1.25030901896,1.72673514947
0.41935483871,0.129032258065,0.437526736125,0.593579312752,0.840068180346,1.19916454706,1.65620186935
0.41935483871,0.161290322581,0.41530316829,0.563473757825,0.797356792191,1.13851294475,1.57284305372
0.41935483871,0.193548387097,0.390821326588,0.530302375081,0.750306022619,1.07165645162,1.48113841782
0.41935483871,0.225806451613,0.365200449316,0.495581499563,0.701075866693,1.00165178253,1.38499841778
0.41935483871,0.258064516129,0.339386761051,0.460591613716,0.651480824276,0.931072967361,1.28795371433
0.41935483871,0.290322580645,0.314109259486,0.426321053086,0.602925616987,0.86191984205,1.19276202614
0.41935483871,0.322580645161,0.289895057511,0.393485282931,0.556393501728,0.795612085973,1.10141132198
0.41935483871,0.354838709677,0.267087493698,0.362549184662,0.512498170846,0.733048885991,1.01517840122
0.41935483871,0.387096774194,0.245844358259,0.333730958662,0.471635588076,0.674766195486,0.934767015742
0.41935483871,0.41935483871,0.226239403663,0.307131811497,0.433941944514,0.620972183566,0.86048482983
0.41935483871,0.451612903226,0.208267139076,0.282744714705,0.399402094353,0.571652819221,0.792333852183
0.41935483871,0.483870967742,0.19186885126,0.260491437885,0.36795990789,0.526650029652,0.730110309836
0.451612903226,-0.483870967742,0.175122203436,0.237790393583,0.336261914594,0.481168235861,0.66716042299
0.451612903226,-0.451612903226,0.189021614406,0.256657509285,0.362889779588,0.519222561519,0.719820292423
0.451612903226,-0.41935483871,0.204106255124,0.27713178376,0.3917732532,0.560488425796,0.776898154783
0.451612903226,-0.387096774194,0.220393445921,0.299236447457,0.422940666151,0.605000838993,0.838552924584
0.451612903226,-0.354838709677,0.237858069593,0.32293637551,0.456335974813,0.652675879441,0.904803560415
0.451612903226,-0.322580645161,0.256412832691,0.348113048376,0.491786419423,0.703511038851,0.975134477548
0.451612903226,-0.290322580645,0.27588900204,0.374535785825,0.528959325581,0.756948434293,1.04888655612
0.451612903226,-0.258064516129,0.296030247872,0.401853128748,0.567611320716,0.812119366908,1.12498046264
0.451612903226,-0.225806451613,0.316437676447,0.429524769751,0.60680353795,0.867972057218,1.2019406891
0.451612903226,-0.193548387097,0.336577410762,0.456827342543,0.64550252276,0.923070489767,1.2777651609
0.451612903226,-0.161290322581,0.355788651783,0.482862236553,0.682436721353,0.975601393532,1.34995184524
0.451612903226,-0.129032258065,0.373297899575,0.506586981013,0.716127041235,1.02346014,1.41560650702
0.451612903226,-0.0967741935484,0.388279038009,0.526878276235,0.744977482396,1.06438976189,1.47164548433
0.451612903226,-0.0645161290323,0.399924763023,0.542646145065,0.767430994678,1.09619329817,1.51508854957
0.451612903226,-0.0322580645161,0.407543259713,0.552955062863,0.782148771452,1.11698795694,1.54339678099
0.451612903226,0.0,0.410649062571,0.557151128807,0.788191189916,1.12546265413,1.55481725318
0.451612903226,0.0322580645161,0.409039179834,0.554960156915,0.785158950837,1.12106692618,1.54862594129
0.451612903226,0.0645161290323,0.402820800069,0.546529307203,0.773257677756,1.10409699826,1.5252413552
0.451612903226,0.0967741935484,0.392396877933,0.532401941188,0.7532596795,1.0756440411,1.48614973768
0.451612903226,0.129032258065,0.378403105536,0.51343849018,0.726391239887,1.03743617509,1.43368828233
0.451612903226,0.161290322581,0.361619068882,0.490692978258,0.694156230782,0.991594226562,1.37073254792
0.451612903226,0.193548387097,0.342873411568,0.465286724784,0.658151032709,0.940372728046,1.30034684381
0.451612903226,0.225806451613,0.322961819449,0.438296686294,0.619906810617,0.885937589519,1.22548617128
0.451612903226,0.258064516129,0.302583557515,0.410668952221,0.580768985723,0.830199450038,1.14876484571
0.451612903226,0.290322580645,0.282310646603,0.383179855721,0.541838152691,0.774723594494,1.07234171575
0.451612903226,0.322580645161,0.262595490772,0.356441218678,0.503923991914,0.720688719921,0.99787713358
0.451612903226,0.354838709677,0.24373359647,0.330855676034,0.467634010321,0.668946415384,0.926525959411
0.451612903226,0.387096774194,0.225914874796,0.306681574715,0.433365612484,0.62005907846,0.859054379542
0.451612903226,0.41935483871,0.209250189706,0.284070546789,0.401329951418,0.574331928651,0.795899925692
0.451612903226,0.451612903226,0.19378285522,0.263082357914,0.371608327059,0.531888292667,0.737242497012
0.451612903226,0.483870967742,0.179508326617,0.243710826572,0.344265345618,0.492714312877,0.683075028172
0.483870967742,-0.483870967742,0.163993390382,0.222677997086,0.314880858912,0.45056673689,0.624716025467
0.483870967742,-0.451612903226,0.17612111336,0.239139801503,0.338112645518,0.483766128558,0.67065595375
0.483870967742,-0.41935483871,0.189146177849,0.256818897768,0.363051691979,0.519396195504,0.719936699487
0.483870967742,-0.387096774194,0.203053815287,0.2756939614,0.389664806518,0.557404907634,0.772596099047
0.483870967742,-0.354838709677,0.217789552736,0.295691262568,0.41784422317,0.597634568988,0.828500472115
0.483870967742,-0.322580645161,0.233249651559,0.316668897559,0.447385622076,0.639968361519,0.887110145771
0.483870967742,-0.290322580645,0.249265570673,0.338397815792,0.477961599367,0.683913244723,0.947775554352
0.483870967742,-0.258064516129,0.265596212988,0.360550022359,0.509261040995,0.728700863945,1.00955337787
0.483870967742,-0.225806451613,0.28192490027,0.382693389367,0.540617225536,0.773401005012,1.07117735315
0.483870967742,-0.193548387097,0.297823006867,0.404248380065,0.571160869756,0.816909218048,1.13109556904
0.483870967742,-0.161290322581,0.312792416996,0.424540414194,0.599935860148,0.857863391162,1.18742769214
0.483870967742,-0.129032258065,0.326276332219,0.442813707596,0.625870330261,0.894739192226,1.2380832898
0.483870967742,-0.0967741935484,0.33769542724,0.458284537012,0.647849432662,0.925956784763,1.28090020001
0.483870967742,-0.0645161290323,0.346498523735,0.470207535795,0.664813768556,0.950017199425,1.31383796884
0.483870967742,-0.0322580645161,0.352223206949,0.477958019038,0.675866289364,0.965660829581,1.33519263463
0.483870967742,0.0,0.354550647172,0.481104031202,0.680391078081,0.972021538093,1.3437971233
0.483870967742,0.0322580645161,0.353347123672,0.479466482999,0.678127087225,0.968737652101,1.33917263413
0.483870967742,0.0645161290323,0.348683303348,0.473140806025,0.669206307909,0.956001443908,1.32158991391
0.483870967742,0.0967741935484,0.340823085926,0.462483692621,0.654136057932,0.934530410146,1.29203018409
0.483870967742,0.129032258065,0.330188348949,0.448066951165,0.633729269456,0.90547532242,1.25205913462
0.483870967742,0.161290322581,0.317306703104,0.4306068035,0.609004318454,0.870272680969,1.2036331649
0.483870967742,0.193548387097,0.302756156002,0.410880508824,0.581068473164,0.83049186917,1.1488902036
0.483870967742,0.225806451613,0.287103127876,0.38965852376,0.551014998924,0.787681075564,1.08994688843
0.483870967742,0.258064516129,0.270867645668,0.367643914163,0.519843959037,0.743259453375,1.02874859284
0.483870967742,0.290322580645,0.254497738492,0.345443866754,0.488402775436,0.698438948511,0.966968258549
0.483870967742,0.322580645161,0.238361779161,0.323556528197,0.457353903688,0.654179347807,0.905953679583
0.483870967742,0.354838709677,0.222709989189,0.302323700756,0.427248596617,0.611241507937,0.846715797715
0.483870967742,0.387096774194,0.20773385694,0.282005212506,0.398454212789,0.570152493498,0.789989199039
0.483870967742,0.41935483871,0.193556997724,0.262768950753,0.371206145668,0.531251602681,0.73624960289
0.483870967742,0.451612903226,0.180247688455,0.244708654505,0.345634316546,0.494730547215,0.685768732478
0.483870967742,0.483870967742,0.167833462693,0.227861542478,0.32188791108,0.460662329584,0.638657383215
