-1.93548387097,-1.93548387097,0.155753493699,0.155753493699,0.155753493699,0.155753493699,0.00661373469388
-1.93548387097,-1.8064516129,0.164254084748,0.164254084748,0.164254084748,0.164254084748,0.00697469387755
-1.93548387097,-1.67741935484,0.166415758987,0.166415758987,0.166415758987,0.166415758987,0.00736353061224
-1.93548387097,-1.54838709677,0.175892075483,0.175892075483,0.175892075483,0.175892075483,0.00778283673469
-1.93548387097,-1.41935483871,0.186122032648,0.186122032648,0.186122032648,0.186122032648,0.00823548979592
-1.93548387097,-1.29032258065,0.197176659037,0.197176659037,0.197176659037,0.197176659037,0.00872463265306
-1.93548387097,-1.16129032258,0.209133901575,0.209133901575,0.209133901575,0.209133901575,0.00925371428571
-1.93548387097,-1.03225806452,0.222079086774,0.222079086774,0.222079086774,0.222079086774,0.00982651020408
-1.93548387097,-0.903225806452,0.236103075843,0.236103075843,0.236103075843,0.236103075843,0.0104470408163
-1.93548387097,-0.774193548387,0.251305032026,0.251305032026,0.251305032026,0.251305032026,0.0111196938776
-1.93548387097,-0.645161290323,0.267789653261,0.267789653261,0.267789653261,0.267789653261,0.0118491020408
-1.93548387097,-0.516129032258,0.285667633406,0.285667633406,0.285667633406,0.285667633406,0.0126401632653
-1.93548387097,-0.387096774194,0.317875581958,0.317875581958,0.317875581958,0.317875581958,0.0134978979592
-1.93548387097,-0.258064516129,0.339764591894,0.339764591894,0.339764591894,0.339764591894,0.0144273673469
-1.93548387097,-0.129032258065,0.363458301292,0.363458301292,0.363458301292,0.363458301292,0.0154334693878
-1.93548387097,0.0,0.3890634061,0.3890634061,0.3890634061,0.3890634061,0.0165207346939
-1.93548387097,0.129032258065,0.416664974706,0.416664974706,0.416664974706,0.416664974706,0.0176927755102
-1.93548387097,0.258064516129,0.465272445578,0.465272445578,0.465272445578,0.465272445578,0.0189520408163
-1.93548387097,0.387096774194,0.498338779356,0.498338779356,0.498338779356,0.498338779356,0.0202989387755
-1.93548387097,0.516129032258,0.555230313499,0.555230313499,0.555230313499,0.555230313499,0.555229985594
-1.93548387097,0.645161290323,0.593846801455,0.593846801455,0.593846801455,0.593846801455,0.593846801455
-1.93548387097,0.774193548387,0.659028893197,0.659028893197,0.659028893197,0.659028893197,0.659028830007
-1.93548387097,0.903225806452,0.727457544232,0.727457544232,0.727457544232,0.727457544232,0.727457640393
-1.93548387097,1.03225806452,0.801155558857,0.801155558857,0.801155558857,0.801155558857,0.801155840404
-1.93548387097,1.16129032258,0.878010976189,0.878010976189,0.878010976189,0.878010976189,0.878011264924
-1.93548387097,1.29032258065,0.986570465319,0.986570465319,0.986570465319,0.98657042676,0.986570465319
-1.93548387097,1.41935483871,1.06701716138,1.06701716138,1.06701716138,0.032881877551,1.06701716138
-1.93548387097,1.54838709677,1.17808000409,1.17808000409,1.17808000409,1.17807982033,1.17808000409
-1.93548387097,1.67741935484,1.28883489351,1.28883489351,1.28883452288,1.28883485725,1.28883489351
-1.93548387097,1.8064516129,1.39254878098,1.39254878098,1.39254894816,1.3925489647,1.3925489647
-1.93548387097,1.93548387097,1.52266503877,1.522664579,1.522664579,1.52266503877,0.0738261632653
-1.8064516129,-1.93548387097,0.170505409889,0.170505409889,0.170505409889,0.170505409889,0.00724014285714
-1.8064516129,-1.8064516129,0.180322878841,0.180322878841,0.180322878841,0.180322878841,0.00765702040816
-1.8064516129,-1.67741935484,0.190944892907,0.190944892907,0.190944892907,0.190944892907,0.00810806122449
-1.8064516129,-1.54838709677,0.19428616573,0.19428616573,0.19428616573,0.19428616573,0.00859673469388
-1.8064516129,-1.41935483871,0.206266930712,0.206266930712,0.206266930712,0.206266930712,0.00912685714286
-1.8064516129,-1.29032258065,0.219279454674,0.219279454674,0.219279454674,0.219279454674,0.00970263265306
-1.8064516129,-1.16129032258,0.233429819228,0.233429819228,0.233429819228,0.233429819228,0.010328755102
-1.8064516129,-1.03225806452,0.248833791697,0.248833791697,0.248833791697,0.248833791697,0.0110103469388
-1.8064516129,-0.903225806452,0.265617747568,0.265617747568,0.265617747568,0.265617747568,0.011753
-1.8064516129,-0.774193548387,0.283919592934,0.283919592934,0.283919592934,0.283919592934,0.283919718242
-1.8064516129,-0.645161290323,0.303886919605,0.303886919605,0.303886919605,0.303886919605,0.303887053725
-1.8064516129,-0.516129032258,0.325677466324,0.325677466324,0.325677466324,0.325677466324,0.325677610061
-1.8064516129,-0.387096774194,0.364144135149,0.364144135149,0.364144135149,0.364144135149,0.0154625918367
-1.8064516129,-0.258064516129,0.391163201559,0.391163201559,0.391163201559,0.391163201559,0.0166098979592
-1.8064516129,-0.129032258065,0.420594461472,0.420594461472,0.420594461472,0.420594461472,0.0178596326531
-1.8064516129,0.0,0.452591230234,0.452591230234,0.452591230234,0.452591230234,0.0192183061224
-1.8064516129,0.129032258065,0.48831331016,0.48831331016,0.48831331016,0.48831331016,0.020691244898
-1.8064516129,0.258064516129,0.547015400742,0.547015400742,0.547015400742,0.547015400742,0.0222816938776
-1.8064516129,0.387096774194,0.588947788681,0.588947788681,0.588947788681,0.588947788681,0.0239897346939
-1.8064516129,0.516129032258,0.659466517401,0.659466517401,0.659466517401,0.659466517401,0.659466127937
-1.8064516129,0.645161290323,0.708604393628,0.708604393628,0.708604393628,0.708604393628,0.708604393628
-1.8064516129,0.774193548387,0.789603402197,0.789603402197,0.789603402197,0.789603402197,0.789603326486
-1.8064516129,0.903225806452,0.876089767906,0.876089767906,0.876089767906,0.876089767906,0.876090061169
-1.8064516129,1.03225806452,0.999222873335,0.999222873335,0.999222873335,0.999222873335,0.999223201931
-1.8064516129,1.16129032258,1.09471931199,1.09471931199,1.09471931199,1.09471954004,1.09471931199
-1.8064516129,1.29032258065,1.22548246667,1.22548246667,1.22548246667,1.22548215415,1.22548246667
-1.8064516129,1.41935483871,1.35789091831,1.35789091831,1.35789091831,1.3578907065,1.35789091831
-1.8064516129,1.54838709677,1.49039135634,1.49039135634,1.49039092775,1.49039131441,1.49039135634
-1.8064516129,1.67741935484,1.61483868874,1.61483868874,1.61483888261,1.6148389018,1.6148389018
-1.8064516129,1.8064516129,1.76864054052,1.76864000648,1.76864000648,1.76864054052,0.085752244898
-1.8064516129,1.93548387097,1.86368000832,1.86367882539,1.86367959142,1.86368000832,0.129422204082
-1.67741935484,-1.93548387097,0.187389322568,0.187389322568,0.187389322568,0.187389322568,0.00795708163265
-1.67741935484,-1.8064516129,0.198800502151,0.198800502151,0.198800502151,0.198800502151,0.00844163265306
-1.67741935484,-1.67741935484,0.211208952408,0.211208952408,0.211208952408,0.211208952408,0.00896853061224
-1.67741935484,-1.54838709677,0.224722811125,0.224722811125,0.224722811125,0.224722811125,0.00954236734694
-1.67741935484,-1.41935483871,0.22980321178,0.22980321178,0.22980321178,0.22980321178,0.0101682857143
-1.67741935484,-1.29032258065,0.245255612812,0.245255612812,0.245255612812,0.245255612812,0.0108520204082
-1.67741935484,-1.16129032258,0.262160870699,0.262160870699,0.262160870699,0.262160870699,0.0116000408163
-1.67741935484,-1.03225806452,0.280679030309,0.280679030309,0.280679030309,0.280679030309,0.0124194285714
-1.67741935484,-0.903225806452,0.300989507932,0.300989507932,0.300989507932,0.300989507932,0.300989640773
-1.67741935484,-0.774193548387,0.323287862714,0.323287862714,0.323287862714,0.323287862714,0.323288005397
-1.67741935484,-0.645161290323,0.347787641552,0.347787641552,0.347787641552,0.347787641552,0.347787795047
-1.67741935484,-0.516129032258,0.37471807297,0.37471807297,0.37471807297,0.37471807297,0.374718238351
-1.67741935484,-0.387096774194,0.40432129978,0.40432129978,0.40432129978,0.40432129978,0.404321478226
-1.67741935484,-0.258064516129,0.455207683995,0.455207683995,0.455207683995,0.455207683995,0.0193294081633
-1.67741935484,-0.129032258065,0.492394585777,0.492394585777,0.492394585777,0.492394585777,0.0209084693878
-1.67741935484,0.0,0.533110143606,0.533110143606,0.533110143606,0.533110143606,0.0226373673469
-1.67741935484,0.129032258065,0.578767280972,0.578767280972,0.578767280972,0.578767280972,0.0245240408163
-1.67741935484,0.258064516129,0.652365427559,0.652365427559,0.652365427559,0.652365427559,0.0265729387755
-1.67741935484,0.387096774194,0.706624917476,0.706624917476,0.706624917476,0.706624917476,0.0287831020408
-1.67741935484,0.516129032258,0.795770064811,0.795770064811,0.795770064811,0.795770064811,0.795769594848
-1.67741935484,0.645161290323,0.891466469433,0.891466469433,0.891466469433,0.891466469433,0.891466013135
-1.67741935484,0.774193548387,0.99514031561,0.99514031561,0.99514031561,0.99514031561,0.995140447156
-1.67741935484,0.903225806452,1.10356658892,1.10356658892,1.10356658892,1.10356658892,1.10356697674
-1.67741935484,1.03225806452,1.25556285035,1.25556285035,1.25556285035,1.255562994,1.2555632607
-1.67741935484,1.16129032258,1.41613553006,1.41613553006,1.41613553006,1.41613516892,1.41613553006
-1.67741935484,1.29032258065,1.57707368737,1.57707368737,1.57707368737,1.57707344137,1.57707368737
-1.67741935484,1.41935483871,1.73538759982,1.73538759982,1.73538875447,1.73538846911,1.73538759982
-1.67741935484,1.54838709677,1.88769894201,1.88769894201,1.88769916864,1.88769919107,1.88769919107
-1.67741935484,1.67741935484,2.07069585372,2.07069522846,2.07069522846,2.07069585372,0.100397346939
-1.67741935484,1.8064516129,2.18605520596,2.18605381842,2.18605471695,2.18605520596,0.151809367347
-1.67741935484,1.93548387097,2.27061589828,0.0502348571429,2.27061587385,2.27061587385,2.27061633705
-1.54838709677,-1.93548387097,0.206820480826,0.206820480826,0.206820480826,0.206820480826,0.00878218367347
-1.54838709677,-1.8064516129,0.220178140521,0.220178140521,0.220178140521,0.220178140521,0.0093493877551
-1.54838709677,-1.67741935484,0.23478395055,0.23478395055,0.23478395055,0.23478395055,0.00996959183673
-1.54838709677,-1.54838709677,0.250784017075,0.250784017075,0.250784017075,0.250784017075,0.010649
-1.54838709677,-1.41935483871,0.268343670751,0.268343670751,0.268343670751,0.268343670751,0.0113946326531
-1.54838709677,-1.29032258065,0.276047414897,0.276047414897,0.276047414897,0.276047414897,0.0122144897959
-1.54838709677,-1.16129032258,0.296457055766,0.296457055766,0.296457055766,0.296457055766,0.0131175714286
-1.54838709677,-1.03225806452,0.318976337035,0.318976337035,0.318976337035,0.318976337035,0.318976477814
-1.54838709677,-0.903225806452,0.343861699469,0.343861699469,0.343861699469,0.343861699469,0.343861851232
-1.54838709677,-0.774193548387,0.371400024646,0.371400024646,0.371400024646,0.371400024646,0.371400188562
-1.54838709677,-0.645161290323,0.401906790052,0.401906790052,0.401906790052,0.401906790052,0.401906967433
-1.54838709677,-0.516129032258,0.435726069091,0.435726069091,0.435726069091,0.435726069091,0.435726261397
-1.54838709677,-0.387096774194,0.473225918831,0.473225918831,0.473225918831,0.473225918831,0.473226127688
-1.54838709677,-0.258064516129,0.536428291432,0.536428291432,0.536428291432,0.536428291432,0.0227782653061
-1.54838709677,-0.129032258065,0.584366492009,0.584366492009,0.584366492009,0.584366492009,0.0248138571429
-1.54838709677,0.0,0.637295852083,0.637295852083,0.637295852083,0.637295852083,0.0270613877551
-1.54838709677,0.129032258065,0.696981109062,0.696981109062,0.696981109062,0.696981109062,0.696981238322
-1.54838709677,0.258064516129,0.791374495099,0.791374495099,0.791374495099,0.791374495099,0.0322352244898
-1.54838709677,0.387096774194,0.863242341339,0.863242341339,0.863242341339,0.863242341339,0.0351626326531
-1.54838709677,0.516129032258,0.975078444099,0.975078444099,0.975078444099,0.975078444099,0.975077868242
-1.54838709677,0.645161290323,1.09699601231,1.09699601231,1.09699601231,1.09699601231,1.09699590712
-1.54838709677,0.774193548387,1.27019205072,1.27019205072,1.27019205072,1.27019205072,1.2701924971
-1.54838709677,0.903225806452,1.41092189503,1.41092189503,1.41092189503,1.41092189503,1.41092235901
-1.54838709677,1.03225806452,1.60338391826,1.60338391826,1.60338391826,1.6033838556,1.60338391826
-1.54838709677,1.16129032258,1.80256533659,1.80256533659,1.80256533659,0.0538883265306,1.80256533659
-1.54838709677,1.29032258065,2.04965311514,2.04965311514,2.04965447888,2.04965414184,2.04965311514
-1.54838709677,1.41935483871,2.23639045129,2.23639045129,2.23639071978,2.23639074636,2.23639074636
-1.54838709677,1.54838709677,2.45574871539,2.45574797387,2.45574797387,2.45574871539,0.119066571429
-1.54838709677,1.67741935484,2.58959439902,2.58959275534,2.58959381973,2.58959381973,0.179832918367
-1.54838709677,1.8064516129,2.74658980428,0.0595143877551,2.74658805967,2.74658805967,2.74658874896
-1.54838709677,1.93548387097,0.0559017071856,0.0629706906113,0.10051930507,0.123257992598,0.169062664938
-1.41935483871,-1.93548387097,0.229315542965,0.229315542965,0.229315542965,0.229315542965,0.0097373877551
-1.41935483871,-1.8064516129,0.245071458404,0.245071458404,0.245071458404,0.245071458404,0.0104064285714
-1.41935483871,-1.67741935484,0.262406185489,0.262406185489,0.262406185489,0.262406185489,0.0111425102041
-1.41935483871,-1.54838709677,0.281521100806,0.281521100806,0.281521100806,0.281521100806,0.0119541836735
-1.41935483871,-1.41935483871,0.302647378905,0.302647378905,0.302647378905,0.302647378905,0.0128512653061
-1.41935483871,-1.29032258065,0.312896015786,0.312896015786,0.312896015786,0.312896015786,0.0138449591837
-1.41935483871,-1.16129032258,0.337828423109,0.337828423109,0.337828423109,0.337828423109,0.337828572209
-1.41935483871,-1.03225806452,0.365568303348,0.365568303348,0.365568303348,0.365568303348,0.36556846469
-1.41935483871,-0.903225806452,0.396493399284,0.396493399284,0.396493399284,0.396493399284,0.396493574275
-1.41935483871,-0.774193548387,0.431033110833,0.431033110833,0.431033110833,0.431033110833,0.431033301069
-1.41935483871,-0.645161290323,0.469668956268,0.469668956268,0.469668956268,0.469668956268,0.469669163555
-1.41935483871,-0.516129032258,0.512934572217,0.512934572217,0.512934572217,0.512934572217,0.5129347986
-1.41935483871,-0.387096774194,0.561410640199,0.561410640199,0.561410640199,0.561410640199,0.561410887976
-1.41935483871,-0.258064516129,0.615709204991,0.615709204991,0.615709204991,0.615709204991,0.615709476733
-1.41935483871,-0.129032258065,0.704880525262,0.704880525262,0.704880525262,0.704880525262,0.704880519299
-1.41935483871,0.0,0.775473351285,0.775473351285,0.775473351285,0.775473351285,0.0329287959184
-1.41935483871,0.129032258065,0.854687364189,0.854687364189,0.854687364189,0.854687364189,0.854687522697
-1.41935483871,0.258064516129,0.974804017088,0.974804017088,0.974804017088,0.974804017088,0.0397068979592
-1.41935483871,0.387096774194,1.1112401629,1.1112401629,1.1112401629,1.1112401629,0.043492755102
-1.41935483871,0.516129032258,1.25975751204,1.25975751204,1.25975751204,1.25975751204,1.25975686723
-1.41935483871,0.645161290323,1.42376824984,1.42376824984,1.42376824984,1.42376824984,1.42376843804
-1.41935483871,0.774193548387,1.65453773023,1.65453773023,1.65453773023,1.65453773023,1.65453827433
-1.41935483871,0.903225806452,1.839537144,1.839537144,1.839537144,1.83953752721,1.839537144
-1.41935483871,1.03225806452,2.14885695933,2.14885695933,2.14885695933,2.14885703362,2.14885695933
-1.41935483871,1.16129032258,2.39378864931,2.39378864931,2.39379018712,2.39378977371,2.39378864931
-1.41935483871,1.29032258065,2.69202289349,2.69202289349,2.69202321668,2.69202324867,2.69202324867
-1.41935483871,1.41935483871,2.95932548742,2.95932459384,2.95932459384,2.95932548742,0.143482408163
-1.41935483871,1.54838709677,3.1872256887,3.1872256887,3.18722509224,3.18722509224,3.18722425859
-1.41935483871,1.67741935484,3.28881384876,0.0712635510204,3.28881175973,3.28881175973,3.2888125851
-1.41935483871,1.8064516129,0.0667464609246,0.0810052741524,0.121466747649,0.154949029079,0.203734589818
-1.41935483871,1.93548387097,0.064116444354,0.094059544273,0.121287234666,0.168872080269,0.222908985115
-1.29032258065,-1.93548387097,0.255522374464,0.255522374464,0.255522374464,0.255522374464,0.0108502040816
-1.29032258065,-1.8064516129,0.274260009068,0.274260009068,0.274260009068,0.274260009068,0.0116458571429
-1.29032258065,-1.67741935484,0.295020060539,0.295020060539,0.295020060539,0.295020060539,0.0125273877551
-1.29032258065,-1.54838709677,0.318083687115,0.318083687115,0.318083687115,0.318083687115,0.0135067346939
-1.29032258065,-1.41935483871,0.343778185824,0.343778185824,0.343778185824,0.343778185824,0.0145977959184
-1.29032258065,-1.29032258065,0.372484201665,0.372484201665,0.372484201665,0.372484201665,0.0158167346939
-1.29032258065,-1.16129032258,0.388320502938,0.388320502938,0.388320502938,0.388320502938,0.388320674323
-1.29032258065,-1.03225806452,0.422993047114,0.422993047114,0.422993047114,0.422993047114,0.422993233801
-1.29032258065,-0.903225806452,0.462048606752,0.462048606752,0.462048606752,0.462048606752,0.462048810676
-1.29032258065,-0.774193548387,0.506150422536,0.506150422536,0.506150422536,0.506150422536,0.506150645924
-1.29032258065,-0.645161290323,0.55605582493,0.55605582493,0.55605582493,0.55605582493,0.55605582493
-1.29032258065,-0.516129032258,0.612622691314,0.612622691314,0.612622691314,0.612622691314,0.612622691314
-1.29032258065,-0.387096774194,0.676820054152,0.676820054152,0.676820054152,0.676820054152,0.676820054152
-1.29032258065,-0.258064516129,0.749657994876,0.749657994876,0.749657994876,0.749657994876,0.749657994876
-1.29032258065,-0.129032258065,0.865861639746,0.865861639746,0.865861639746,0.865861639746,0.865861632421
-1.29032258065,0.0,0.958142099121,0.958142099121,0.958142099121,0.958142099121,0.958142091016
-1.29032258065,0.129032258065,1.06330314677,1.06330314677,1.06330314677,1.06330314677,1.06330334397
-1.29032258065,0.258064516129,1.2246327494,1.2246327494,1.2246327494,1.2246327494,0.0498832244898
-1.29032258065,0.387096774194,1.40893006382,1.40893006382,1.40893006382,1.40893006382,0.0551440204082
-1.29032258065,0.516129032258,1.61324390009,1.61324390009,1.61324390009,1.61324390009,1.61324390009
-1.29032258065,0.645161290323,1.89792577345,1.89792577345,1.89792577345,1.89792577345,1.89792644043
-1.29032258065,0.774193548387,2.20839530104,2.20839530104,2.20839530104,2.20839530104,2.20839630053
-1.29032258065,0.903225806452,2.52703371028,2.52703371028,2.52703371028,2.52703306584,2.52703371028
-1.29032258065,1.03225806452,2.9239187033,2.9239187033,2.9239187033,2.92392007671,2.9239187033
-1.29032258065,1.16129032258,3.30358330694,3.30358330694,3.30358370355,3.30358374281,3.30358374281
-1.29032258065,1.29032258065,3.63569098073,3.63568988293,3.63568988293,3.63569098073,0.176275877551
-1.29032258065,1.41935483871,3.90501870858,3.90501870858,3.90501797779,3.90501797779,3.90501695639
-1.29032258065,1.54838709677,4.00351556345,0.0867500408163,4.00351302045,4.00351302045,4.00351402518
-1.29032258065,1.67741935484,0.0808271115754,0.104695957686,0.148821029459,0.196085036773,0.249092282567
-1.29032258065,1.8064516129,0.0766262325765,0.116165366895,0.146213940179,0.206151829198,0.274470642497
-1.29032258065,1.93548387097,0.0715658097887,0.11565408026,0.13936503683,0.200773635375,0.270281273886
-1.16129032258,-1.93548387097,0.286257055134,0.286257055134,0.286257055134,0.286257055134,0.0121552857143
-1.16129032258,-1.8064516129,0.308740582576,0.308740582576,0.308740582576,0.308740582576,0.01311
-1.16129032258,-1.67741935484,0.333848253577,0.333848253577,0.333848253577,0.333848253577,0.0141761428571
-1.16129032258,-1.54838709677,0.361980418244,0.361980418244,0.361980418244,0.361980418244,0.0153707142857
-1.16129032258,-1.41935483871,0.393609999152,0.393609999152,0.393609999152,0.393609999152,0.0167137959184
-1.16129032258,-1.29032258065,0.429295948493,0.429295948493,0.429295948493,0.429295948493,0.018229122449
-1.16129032258,-1.16129032258,0.469702953178,0.469702953178,0.469702953178,0.469702953178,0.0199449183673
-1.16129032258,-1.03225806452,0.494819061507,0.494819061507,0.494819061507,0.494819061507,0.494819279895
-1.16129032258,-0.903225806452,0.545067614854,0.545067614854,0.545067614854,0.545067614854,0.545067855418
-1.16129032258,-0.774193548387,0.602560158607,0.602560158607,0.602560158607,0.602560158607,0.602560158607
-1.16129032258,-0.645161290323,0.66854061497,0.66854061497,0.66854061497,0.66854061497,0.66854061497
-1.16129032258,-0.516129032258,0.744415257136,0.744415257136,0.744415257136,0.744415257136,0.744415257136
-1.16129032258,-0.387096774194,0.83095755842,0.83095755842,0.83095755842,0.83095755842,0.83095755842
-1.16129032258,-0.258064516129,0.92676539665,0.92676539665,0.92676539665,0.92676539665,0.92676539665
-1.16129032258,-0.129032258065,1.07975913777,1.07975913777,1.07975913777,1.07975913777,1.07975912864
-1.16129032258,0.0,1.20951438574,1.20951438574,1.20951438574,1.20951438574,1.20951437551
-1.16129032258,0.129032258065,1.41364012972,1.41364012972,1.41364012972,1.41364012972,1.41364140089
-1.16129032258,0.258064516129,1.58406817649,1.58406817649,1.58406817649,1.58406817649,0.0645241836735
-1.16129032258,0.387096774194,1.84273006209,1.84273006209,1.84273006209,1.84273006209,0.0721224897959
-1.16129032258,0.516129032258,2.20560957289,2.20560957289,2.20560957289,2.20560957289,2.20560986444
-1.16129032258,0.645161290323,2.60905064092,2.60905064092,2.60905064092,2.60905064092,2.60905149891
-1.16129032258,0.774193548387,3.02955607022,3.02955607022,3.02955607022,3.02955595182,3.02955607022
-1.16129032258,0.903225806452,3.45165859061,3.45165859061,3.45165859061,3.45165621645,3.45165859061
-1.16129032258,1.03225806452,3.94083868262,3.94083868262,3.94083754936,3.94083857175,3.94083868262
-1.16129032258,1.16129032258,4.44886234705,4.44886391949,0.110393632653,4.44886234705,0.220787265306
-1.16129032258,1.29032258065,4.84744435779,4.84744435779,4.84744345063,4.84744345063,4.84744218273
-1.16129032258,1.41935483871,5.03363198715,0.10687122449,5.03363690575,5.03363690575,5.03363681107
-1.16129032258,1.54838709677,0.0994125567218,0.136232962432,0.185118063123,0.250347588867,0.321977141269
-1.16129032258,1.67741935484,0.0925754994321,0.144440103951,0.178148548964,0.253756577881,0.339846755951
-1.16129032258,1.8064516129,0.0858117511482,0.139415092685,0.166254988257,0.240725564332,0.324629101669
-1.16129032258,1.93548387097,0.0890628038466,0.12919051504,0.153465561068,0.221523286802,0.299222263555
-1.03225806452,-1.93548387097,0.336252719577,0.336252719577,0.336252719577,0.336252719577,0.0136966530612
-1.03225806452,-1.8064516129,0.349794491515,0.349794491515,0.349794491515,0.349794491515,0.0148532653061
-1.03225806452,-1.67741935484,0.380487358908,0.380487358908,0.380487358908,0.380487358908,0.0161565714286
-1.03225806452,-1.54838709677,0.415214486563,0.415214486563,0.415214486563,0.415214486563,0.0176311836735
-1.03225806452,-1.41935483871,0.454672762423,0.454672762423,0.454672762423,0.454672762423,0.0193066938776
-1.03225806452,-1.29032258065,0.499707103039,0.499707103039,0.499707103039,0.499707103039,0.0212189795918
-1.03225806452,-1.16129032258,0.55133977093,0.55133977093,0.55133977093,0.55133977093,0.0234114489796
-1.03225806452,-1.03225806452,0.586175623066,0.586175623066,0.586175623066,0.586175623066,0.586175881773
-1.03225806452,-0.903225806452,0.652232642679,0.652232642679,0.652232642679,0.652232642679,0.652232642679
-1.03225806452,-0.774193548387,0.729036652008,0.729036652008,0.729036652008,0.729036652008,0.729036652008
-1.03225806452,-0.645161290323,0.81858798127,0.81858798127,0.81858798127,0.81858798127,0.81858798127
-1.03225806452,-0.516129032258,0.918394635037,0.918394635037,0.918394635037,0.918394635037,0.918394635037
-1.03225806452,-0.387096774194,1.03474171819,1.03474171819,1.03474171819,1.03474171819,1.03474171819
-1.03225806452,-0.258064516129,1.17054739751,1.17054739751,1.17054739751,1.17054739751,1.17054739751
-1.03225806452,-0.129032258065,1.38436164781,1.38436164781,1.38436164781,1.38436164781,1.3843616361
-1.03225806452,0.0,1.57510516413,1.57510516413,1.57510516413,1.57510516413,1.57510515081
-1.03225806452,0.129032258065,1.87019231802,1.87019231802,1.87019231802,1.87019231802,1.87019399973
-1.03225806452,0.258064516129,2.13203478324,2.13203478324,2.13203478324,2.13203478324,0.086668122449
-1.03225806452,0.387096774194,2.60671659896,2.60671659896,2.60671659896,2.60671659896,2.60671634901
-1.03225806452,0.516129032258,3.03820307471,3.03820307471,3.03820307471,3.03820307471,3.03820409172
-1.03225806452,0.645161290323,3.60364141185,3.60364141185,3.60364141185,3.60364141185,3.60364259691
-1.03225806452,0.774193548387,4.29216840491,4.29216840491,4.29216840491,0.132270183673,4.29216840491
-1.03225806452,0.903225806452,4.87019365583,4.87019365583,4.87019678451,4.87019594344,4.87019365583
-1.03225806452,1.03225806452,5.49869336586,5.49868849066,5.49868598086,5.49869336586,0.279475918367
-1.03225806452,1.16129032258,5.98787985372,5.98787985372,5.98787548886,5.98787548886,5.98787876097
-1.03225806452,1.29032258065,6.30629061001,6.30629677218,6.30629677218,6.30629665356,0.40167477551
-1.03225806452,1.41935483871,0.12366131368,0.179284119083,0.233232976847,0.323122897964,0.424655694162
-1.03225806452,1.54838709677,0.113005733226,0.180938313471,0.219337648637,0.315098635487,0.42371002509
-1.03225806452,1.67741935484,0.111981065867,0.168687139949,0.199364899937,0.289932665351,0.391455395266
-1.03225806452,1.8064516129,4.11579568405,4.11579568405,4.11579568405,0.259323565159,0.350403245931
-1.03225806452,1.93548387097,3.50805145923,3.50805145923,3.50805145923,3.50805145923,3.50805145923
-0.903225806452,-1.93548387097,0.381272394234,0.381272394234,0.381272394234,0.381272394234,0.0155304489796
-0.903225806452,-1.8064516129,0.416030673361,0.416030673361,0.416030673361,0.416030673361,0.0169462653061
-0.903225806452,-1.67741935484,0.43797114589,0.43797114589,0.43797114589,0.43797114589,0.0185581020408
-0.903225806452,-1.54838709677,0.480475879528,0.480475879528,0.480475879528,0.480475879528,0.0204023673469
-0.903225806452,-1.41935483871,0.530436496972,0.530436496972,0.530436496972,0.530436496972,0.0225238367347
-0.903225806452,-1.29032258065,0.588231576716,0.588231576716,0.588231576716,0.588231576716,0.0249779795918
-0.903225806452,-1.16129032258,0.655487511031,0.655487511031,0.655487511031,0.655487511031,0.0278338571429
-0.903225806452,-1.03225806452,0.734239212706,0.734239212706,0.734239212706,0.734239212706,0.734239206494
-0.903225806452,-0.903225806452,0.793680018839,0.793680018839,0.793680018839,0.793680018839,0.793680018839
-0.903225806452,-0.774193548387,0.895462557931,0.895462557931,0.895462557931,0.895462557931,0.895462557931
-0.903225806452,-0.645161290323,1.01438004466,1.01438004466,1.01438004466,1.01438004466,1.01438004466
-0.903225806452,-0.516129032258,1.15551148211,1.15551148211,1.15551148211,1.15551148211,1.15551148211
-0.903225806452,-0.387096774194,1.32374492645,1.32374492645,1.32374492645,1.32374492645,1.32374492645
-0.903225806452,-0.258064516129,1.52501495203,1.52501495203,1.52501495203,1.52501495203,1.52501495203
-0.903225806452,-0.129032258065,1.76542448008,1.76542448008,1.76542448008,1.76542448008,1.76542448008
-0.903225806452,0.0,2.13681030212,2.13681030212,2.13681030212,2.13681030212,2.13681028405
-0.903225806452,0.129032258065,2.49038916427,2.49038916427,2.49038916427,2.49038916427,2.49038962613
-0.903225806452,0.258064516129,3.00584036572,3.00584036572,3.00584036572,3.00584036572,0.122437530612
-0.903225806452,0.387096774194,3.60158101809,3.60158101809,3.60158101809,3.60158101809,3.60158101809
-0.903225806452,0.516129032258,4.35104456365,4.35104456365,4.35104456365,4.35104456365,4.35104602012
-0.903225806452,0.645161290323,5.03573261267,5.03573261267,5.03573261267,5.03573183578,5.03573261267
-0.903225806452,0.774193548387,5.82078257793,5.82078257793,5.82078257793,5.82078595815,5.82078257793
-0.903225806452,0.903225806452,6.64482613034,6.64482613034,6.6448259434,6.64482613034,6.64482766593
-0.903225806452,1.03225806452,7.43932400354,7.43932400354,7.43932362819,7.43932362819,7.43932244536
-0.903225806452,1.16129032258,8.11461628577,8.11462421495,8.11462421495,8.11462406231,0.516854816327
-0.903225806452,1.29032258065,0.156936993857,0.23789831975,0.299440068104,0.4221103783,0.561738859886
-0.903225806452,1.41935483871,0.139179779522,0.228313528366,0.272587642849,0.394509478304,0.531965069498
-0.903225806452,1.54838709677,0.144129419005,0.204089020687,0.248054761225,0.34944296391,0.472128390941
-0.903225806452,1.67741935484,4.63706317443,4.63706317443,4.63706317443,4.63706317443,4.63706317443
-0.903225806452,1.8064516129,0.107767776634,3.77194917807,0.184414846356,0.254202148895,0.343271781462
-0.903225806452,1.93548387097,0.0839310621861,0.12394746933,0.146045653519,0.212366738796,0.286501835538
-0.774193548387,-1.93548387097,0.435237284249,0.435237284249,0.435237284249,0.435237284249,0.435237545703
-0.774193548387,-1.8064516129,0.47825788815,0.47825788815,0.47825788815,0.47825788815,0.0194809795918
-0.774193548387,-1.67741935484,0.527813800056,0.527813800056,0.527813800056,0.527813800056,0.0214995510204
-0.774193548387,-1.54838709677,0.585256271556,0.585256271556,0.585256271556,0.585256271556,0.0238393673469
-0.774193548387,-1.41935483871,0.627049021046,0.627049021046,0.627049021046,0.627049021046,0.026569877551
-0.774193548387,-1.29032258065,0.701307172265,0.701307172265,0.701307172265,0.701307172265,0.0297794897959
-0.774193548387,-1.16129032258,0.790851024786,0.790851024786,0.790851024786,0.790851024786,0.0335817755102
-0.774193548387,-1.03225806452,0.895991229437,0.895991229437,0.895991229437,0.895991229437,0.895991221858
-0.774193548387,-0.903225806452,1.01801006003,1.01801006003,1.01801006003,1.01801006003,1.01801005142
-0.774193548387,-0.774193548387,1.11777733037,1.11777733037,1.11777733037,1.11777733037,1.11777733037
-0.774193548387,-0.645161290323,1.28850645994,1.28850645994,1.28850645994,1.28850645994,1.28850645994
-0.774193548387,-0.516129032258,1.49702278204,1.49702278204,1.49702278204,1.49702278204,1.49702278204
-0.774193548387,-0.387096774194,1.75295251111,1.75295251111,1.75295251111,1.75295251111,1.75295251111
-0.774193548387,-0.258064516129,2.06953878331,2.06953878331,2.06953878331,2.06953878331,2.06953878331
-0.774193548387,-0.129032258065,2.46166715489,2.46166715489,2.46166715489,2.46166715489,2.46166715489
-0.774193548387,0.0,2.94279200277,2.94279200277,2.94279200277,2.94279200277,2.94279200277
-0.774193548387,0.129032258065,3.52308655353,3.52308655353,3.52308655353,3.52308655353,3.52308655353
-0.774193548387,0.258064516129,4.296776736,4.296776736,4.296776736,4.296776736,0.182066836735
-0.774193548387,0.387096774194,5.06530071855,5.06530071855,5.06530071855,5.06530071855,5.06530128442
-0.774193548387,0.516129032258,6.03439431349,6.03439431349,6.03439431349,0.227284183673,6.03439431349
-0.774193548387,0.645161290323,7.14439050561,7.14439050561,7.144393332,7.14438991243,7.14439050561
-0.774193548387,0.774193548387,8.06496716081,8.06496716081,8.0649680677,8.06496716081,8.06496215908
-0.774193548387,0.903225806452,8.88122237298,8.88122201481,8.88122237298,0.487309795918,8.88122237298
-0.774193548387,1.03225806452,10.5754498562,10.5754431388,10.5754431388,10.5754457928,10.5754463639
-0.774193548387,1.16129032258,0.203566808518,0.320164309659,0.392737012686,0.560922997001,0.752160450002
-0.774193548387,1.29032258065,0.19673825715,0.28906092628,0.340616187854,0.496096267753,0.670052960907
-0.774193548387,1.41935483871,6.42473507585,6.42473507585,6.42473507585,6.42473507585,6.42473507585
-0.774193548387,1.54838709677,0.143617935512,5.05664251178,0.245703379061,0.340197546731,0.459343770226
-0.774193548387,1.67741935484,0.104221367972,0.15949814067,0.188735784126,0.273846153056,0.369230337735
-0.774193548387,1.8064516129,0.0797855918367,3.53051263688,3.53051263688,3.53051256064,0.319142367347
-0.774193548387,1.93548387097,2.91180288314,2.91180407997,2.91180407997,0.202208632653,2.91180387076
-0.645161290323,-1.93548387097,0.519774539732,0.519774539732,0.519774539732,0.519774539732,0.519774826531
-0.645161290323,-1.8064516129,0.554282198298,0.554282198298,0.554282198298,0.554282198298,0.554282531264
-0.645161290323,-1.67741935484,0.617180279187,0.617180279187,0.617180279187,0.617180279187,0.0251397346939
-0.645161290323,-1.54838709677,0.691194997155,0.691194997155,0.691194997155,0.691194997155,0.0281545918367
-0.645161290323,-1.41935483871,0.779041380879,0.779041380879,0.779041380879,0.779041380879,0.0317328571429
-0.645161290323,-1.29032258065,0.850072360764,0.850072360764,0.850072360764,0.850072360764,0.850072518416
-0.645161290323,-1.16129032258,0.967216482883,0.967216482883,0.967216482883,0.967216482883,0.967216662261
-0.645161290323,-1.03225806452,1.10596644988,1.10596644988,1.10596644988,1.10596644988,1.10596644053
-0.645161290323,-0.903225806452,1.27829674495,1.27829674495,1.27829674495,1.27829674495,1.27829673414
-0.645161290323,-0.774193548387,1.49164009691,1.49164009691,1.49164009691,1.49164009691,1.49164008429
-0.645161290323,-0.645161290323,1.68798905455,1.68798905455,1.68798905455,1.68798905455,1.68798905455
-0.645161290323,-0.516129032258,2.01334504747,2.01334504747,2.01334504747,2.01334504747,2.01334504747
-0.645161290323,-0.387096774194,2.32140706288,2.32140706288,2.32140706288,2.32140706288,2.32140706288
-0.645161290323,-0.258064516129,2.8387453241,2.8387453241,2.8387453241,2.8387453241,2.8387453241
-0.645161290323,-0.129032258065,3.3573139954,3.3573139954,3.3573139954,3.3573139954,3.3573139954
-0.645161290323,0.0,4.08542640716,4.08542640716,4.08542640716,4.08542640716,4.08542640716
-0.645161290323,0.129032258065,5.08947707871,5.08947707871,5.08947707871,5.08947707871,0.236170693878
-0.645161290323,0.258064516129,6.16589438977,6.16589438977,6.16589438977,0.232675265306,6.16589438977
-0.645161290323,0.387096774194,7.11999767777,7.12000094148,7.1199937225,7.11999767777,7.119998417
-0.645161290323,0.516129032258,7.97153603094,0.198296979592,7.97154222983,7.9715365274,7.9715365274
-0.645161290323,0.645161290323,0.220653387755,0.44130677551,0.44130677551,0.661960163265,9.3005432145
-0.645161290323,0.774193548387,11.4508895565,11.4508813454,0.582742326531,11.4508860611,11.4508853271
-0.645161290323,0.903225806452,14.3612386643,14.3612385098,14.3612385098,14.3612414394,14.361242223
-0.645161290323,1.03225806452,0.266933961629,0.437426668313,0.5227124072,0.756287047208,1.01975808429
-0.645161290323,1.16129032258,9.5199465676,9.5199465676,9.5199465676,9.5199465676,9.5199465676
-0.645161290323,1.29032258065,0.2001746248,0.279999148615,0.342385828227,0.478242830175,0.645619064483
-0.645161290323,1.41935483871,0.128941040325,0.211340451771,0.252228910412,0.364429134383,0.490715008895
-0.645161290323,1.54838709677,4.50037278214,4.50037463191,4.50037463191,0.312526040816,4.50037430857
-0.645161290323,1.67741935484,3.52601623773,3.52601612706,3.52601612706,3.52601473485,3.52601752053
-0.645161290323,1.8064516129,2.7966231814,2.79662117602,2.79662190504,2.79662232772,2.79662232772
-0.645161290323,1.93548387097,2.298788507,2.298788507,2.29879007863,0.12004122449,2.29879047968
-0.516129032258,-1.93548387097,0.60329717518,0.60329717518,0.60329717518,0.60329717518,0.60329717518
-0.516129032258,-1.8064516129,0.674353828162,0.674353828162,0.674353828162,0.674353828162,0.674353429905
-0.516129032258,-1.67741935484,0.758610448638,0.758610448638,0.758610448638,0.758610448638,0.758610000621
-0.516129032258,-1.54838709677,0.857827332795,0.857827332795,0.857827332795,0.857827332795,0.0336403061224
-0.516129032258,-1.41935483871,0.94136191813,0.94136191813,0.94136191813,0.94136191813,0.0383446938776
-0.516129032258,-1.29032258065,1.07763842128,1.07763842128,1.07763842128,1.07763842128,0.0438956734694
-0.516129032258,-1.16129032258,1.2449907048,1.2449907048,1.2449907048,1.2449907048,0.0507124693878
-0.516129032258,-1.03225806452,1.45331391842,1.45331391842,1.45331391842,1.45331391842,1.45331522526
-0.516129032258,-0.903225806452,1.65017582251,1.65017582251,1.65017582251,1.65017582251,1.65017582251
-0.516129032258,-0.774193548387,1.97132873337,1.97132873337,1.97132873337,1.97132873337,1.9713287167
-0.516129032258,-0.645161290323,2.29985672152,2.29985672152,2.29985672152,2.29985672152,2.29985672152
-0.516129032258,-0.516129032258,2.71944230937,2.71944230937,2.71944230937,2.71944230937,2.71944230937
-0.516129032258,-0.387096774194,3.27151646918,3.27151646918,3.27151646918,3.27151646918,3.27151646918
-0.516129032258,-0.258064516129,4.11785628015,4.11785628015,4.11785628015,4.11785628015,4.11785628015
-0.516129032258,-0.129032258065,4.8945135783,4.8945135783,4.8945135783,4.8945135783,4.8945135783
-0.516129032258,0.0,6.04621010191,6.04621010191,6.04621010191,0.220262612245,6.04621010191
-0.516129032258,0.129032258065,6.88567989649,6.88567664706,6.8856808377,6.88567989649,6.88567948134
-0.516129032258,0.258064516129,0.175730632653,0.351461265306,7.57399384495,0.527191897959,7.5739888893
-0.516129032258,0.387096774194,0.371590122449,8.55585916901,0.557385183673,0.743180244898,0.928975306122
-0.516129032258,0.516129032258,0.445928734694,0.445928734694,10.2675050357,0.891857469388,1.33778620408
-0.516129032258,0.645161290323,0.438162595793,0.532327371564,0.733014414895,1.03764014835,1.42287147817
-0.516129032258,0.774193548387,0.456295470769,0.695883403384,0.871918171914,1.23105106796,1.63842486927
-0.516129032258,0.903225806452,16.0059979434,16.0059979434,16.0059979434,1.00885923113,1.36316076547
-0.516129032258,1.03225806452,0.295983338335,0.421408849779,0.506152912753,0.720341004275,0.972144366345
-0.516129032258,1.16129032258,0.18333344898,7.9291698227,7.9291698227,0.550000346939,7.92917126497
-0.516129032258,1.29032258065,5.6716399863,5.67163524557,0.281820489796,5.67163951296,5.67163778195
-0.516129032258,1.41935483871,4.25874721407,4.25875012567,4.25874931505,4.25875086866,4.25875086866
-0.516129032258,1.54838709677,3.35153637452,3.35153637452,3.35153587967,0.179466408163,3.35153530149
-0.516129032258,1.67741935484,2.68277240211,2.6827741871,2.68277374595,2.68277374595,2.6827733595
-0.516129032258,1.8064516129,2.1839685611,2.18396996411,2.18396958694,2.1839685611,2.18396855001
-0.516129032258,1.93548387097,1.79888068511,1.79888053858,1.79888040452,1.79888068511,1.79888121768
-0.387096774194,-1.93548387097,0.731831151339,0.731831151339,0.731831151339,0.731831151339,0.731831081168
-0.387096774194,-1.8064516129,0.824977970951,0.824977970951,0.824977970951,0.824977970951,0.824977548686
-0.387096774194,-1.67741935484,0.939062090794,0.939062090794,0.939062090794,0.939062090794,0.939061610135
-0.387096774194,-1.54838709677,1.03517831585,1.03517831585,1.03517831585,1.03517831585,1.0351777045
-0.387096774194,-1.41935483871,1.1923739469,1.1923739469,1.1923739469,1.1923739469,1.19237324272
-0.387096774194,-1.29032258065,1.38786173727,1.38786173727,1.38786173727,1.38786173727,0.0543194285714
-0.387096774194,-1.16129032258,1.63498348304,1.63498348304,1.63498348304,1.63498348304,0.0639915102041
-0.387096774194,-1.03225806452,1.87688194026,1.87688194026,1.87688194026,1.87688194026,0.0764514285714
-0.387096774194,-0.903225806452,2.27969018848,2.27969018848,2.27969018848,2.27969018848,2.27969223842
-0.387096774194,-0.774193548387,2.70892550412,2.70892550412,2.70892550412,2.70892550412,2.7089254812
-0.387096774194,-0.645161290323,3.15160997642,3.15160997642,3.15160997642,3.15160997642,3.15160997642
-0.387096774194,-0.516129032258,3.87990437228,3.87990437228,3.87990437228,3.87990437228,3.87990437228
-0.387096774194,-0.387096774194,4.94348723201,4.94348723201,4.94348723201,4.94348723201,4.94348723201
-0.387096774194,-0.258064516129,5.83095454388,5.83095454388,5.83095454388,0.220452,5.83095454388
-0.387096774194,-0.129032258065,6.6416200455,6.64161691124,6.64162095335,6.6416200455,6.64161964506
-0.387096774194,0.0,0.164149326531,0.328298653061,7.0748393153,7.0748393153,7.07483468624
-0.387096774194,0.129032258065,0.334087591837,0.334087591837,0.501131387755,7.69236374485,0.835218979592
-0.387096774194,0.258064516129,0.377936489796,0.566904734694,0.755872979592,0.94484122449,1.32277771429
-0.387096774194,0.387096774194,0.480706152355,0.636122802176,0.887167589207,1.24487458127,1.6822879845
-0.387096774194,0.516129032258,0.648877784951,0.870371607028,1.19422569398,1.69028610435,2.28827611531
-0.387096774194,0.645161290323,0.731897227478,1.13322645148,1.34386697177,1.95169201303,2.63465638729
-0.387096774194,0.774193548387,0.472236178986,0.702454107309,0.828314200497,1.20363104653,1.62324502511
-0.387096774194,0.903225806452,11.2211367731,11.2211273938,0.557571755102,11.2211358366,11.2211324119
-0.387096774194,1.03225806452,7.43115485406,7.43115375686,7.43115463175,0.397919795918,7.43115247488
-0.387096774194,1.16129032258,5.26068478028,5.26068719172,5.26068185789,5.26068185789,5.26068478028
-0.387096774194,1.29032258065,3.9688334849,3.96883316161,3.96883286584,3.96883286584,3.9688346599
-0.387096774194,1.41935483871,3.0727424906,3.07274157032,3.07274019544,3.0727424906,3.07274168545
-0.387096774194,1.54838709677,2.50630895927,2.50630820863,2.50630708719,2.50630895927,2.24742381869
-0.387096774194,1.67741935484,2.02340430147,2.02340430147,0.0623545102041,2.02340430147,2.023404529
-0.387096774194,1.8064516129,1.70502534312,1.70502534312,0.0526242244898,1.70502534312,1.705025166
-0.387096774194,1.93548387097,1.45799246691,1.45799246691,0.044999755102,1.45799246691,1.45799231545
-0.258064516129,-1.93548387097,0.89157362564,0.89157362564,0.89157362564,0.89157362564,0.891573743495
-0.258064516129,-1.8064516129,1.01870781704,1.01870781704,1.01870781704,1.01870781704,1.0187079517
-0.258064516129,-1.67741935484,1.16775558121,1.16775558121,1.16775558121,1.16775558121,1.16775573557
-0.258064516129,-1.54838709677,1.35204263323,1.35204263323,1.35204263323,1.35204263323,1.35204281195
-0.258064516129,-1.41935483871,1.52890052096,1.52890052096,1.52890052096,1.52890052096,1.52890037436
-0.258064516129,-1.29032258065,1.8151468715,1.8151468715,1.8151468715,1.8151468715,1.8151468715
-0.258064516129,-1.16129032258,2.18985510167,2.18985510167,2.18985510167,2.18985510167,2.1898548917
-0.258064516129,-1.03225806452,2.59208306562,2.59208306562,2.59208306562,2.59208306562,0.101451367347
-0.258064516129,-0.903225806452,3.13719234093,3.13719234093,3.13719234093,3.13719234093,0.127787918367
-0.258064516129,-0.774193548387,3.74813177441,3.74813177441,3.74813177441,3.74813177441,3.74813342864
-0.258064516129,-0.645161290323,4.59371113651,4.59371113651,4.59371113651,4.59371113651,0.212671734694
-0.258064516129,-0.516129032258,5.716106,5.716106,5.716106,5.716106,5.71610930586
-0.258064516129,-0.387096774194,6.51829957449,6.51829957449,6.51830178712,6.51829957449,6.51830045599
-0.258064516129,-0.258064516129,0.160066591837,0.320133183673,6.89887336687,0.48019977551,6.89886885295
-0.258064516129,-0.129032258065,0.315232,0.315232,7.25821391535,0.630464,0.945696
-0.258064516129,0.0,0.327501597702,0.454158675849,0.624582910397,0.891640040834,1.21525944276
-0.258064516129,0.129032258065,0.487254313046,0.655585322071,0.903728726165,1.26756607964,1.70333495048
-0.258064516129,0.258064516129,0.72857619215,0.97313341742,1.34211859291,1.85241639388,2.47075913927
-0.258064516129,0.387096774194,1.40722589204,1.87764267396,2.59254844779,3.6327776187,4.91475543066
-0.258064516129,0.516129032258,0.855028795918,36.1249618509,1.71005759184,2.56508638776,36.1249769301
-0.258064516129,0.645161290323,16.4317074295,0.464828959184,16.4316998974,0.929657918367,16.4317016034
-0.258064516129,0.774193548387,9.57942952374,9.5794270808,9.57943060092,9.57942952374,8.84141643412
-0.258064516129,0.903225806452,6.44735790201,6.44735790201,6.44735869182,6.44735790201,6.44735678133
-0.258064516129,1.03225806452,4.59773428711,4.59773428711,4.59773578977,4.59773428711,4.59773578977
-0.258064516129,1.16129032258,3.53164314072,3.53164314072,0.115981714286,3.53164314072,3.53164429495
-0.258064516129,1.29032258065,2.79983768158,2.79983768158,2.7998380019,2.79983768158,2.79983859664
-0.258064516129,1.41935483871,2.27517673324,2.27517673324,2.27517699354,2.27517747683,2.27517747683
-0.258064516129,1.54838709677,1.88593003977,1.88593003977,1.88593025554,1.88593065614,1.88593003977
-0.258064516129,1.67741935484,1.53946183356,1.53946183356,1.53946116866,1.53946233981,1.53946183356
-0.258064516129,1.8064516129,1.314993908,1.314993908,1.31499334005,1.31499434044,1.314993908
-0.258064516129,1.93548387097,1.13640932274,1.13640932274,1.13640932274,1.13640969645,1.13640932274
-0.129032258065,-1.93548387097,1.09263015533,1.09263015533,1.09263015533,1.09263015533,1.09263053931
-0.129032258065,-1.8064516129,1.25868806772,1.25868806772,1.25868806772,1.25868806772,1.25868744008
-0.129032258065,-1.67741935484,1.46286195866,1.46286195866,1.46286195866,1.46286195866,1.46286122921
-0.129032258065,-1.54838709677,1.72128959539,1.72128959539,1.72128959539,1.72128959539,1.72128873708
-0.129032258065,-1.41935483871,2.05154709856,2.05154709856,2.05154709856,2.05154709856,2.05154781953
-0.129032258065,-1.29032258065,2.49274608321,2.49274608321,2.49274608321,2.49274608321,2.49274695923
-0.129032258065,-1.16129032258,2.99129162183,2.99129162183,2.99129162183,2.99129162183,2.99129262314
-0.129032258065,-1.03225806452,3.5444102366,3.5444102366,3.5444102366,3.5444102366,3.5444102366
-0.129032258065,-0.903225806452,4.36453893024,4.36453893024,4.36453893024,4.36453893024,4.36453893024
-0.129032258065,-0.774193548387,5.4414685437,5.4414685437,5.4414685437,5.4414685437,5.4414702273
-0.129032258065,-0.645161290323,6.33084368207,6.33084368207,0.189830408163,6.33084368207,6.3308448376
-0.129032258065,-0.516129032258,6.84621512892,0.324850081633,6.8462132943,6.8462116427,6.8462176203
-0.129032258065,-0.387096774194,0.309764734694,7.13233018171,0.464647102041,0.619529469388,0.774411836735
-0.129032258065,-0.258064516129,0.324288897959,0.486433346939,0.648577795918,0.972866693878,1.13501114286
-0.129032258065,-0.129032258065,0.45416194824,0.614853423886,0.853591084165,1.18656015522,1.60059954114
-0.129032258065,0.0,0.663275992626,0.882996799153,1.21465980327,1.66998598443,2.20908669794
-0.129032258065,0.129032258065,1.29286290864,1.72690233494,2.368538349,3.24239590874,4.27131443323
-0.129032258065,0.258064516129,98.5569068291,98.5568906228,98.5568412541,98.5568764259,98.5569738655
-0.129032258065,0.387096774194,23.9634251305,23.9634251305,23.9634282982,23.9634251305,23.9634276895
-0.129032258065,0.516129032258,12.6106129096,12.6106129096,0.458567714286,12.6106129096,12.6106145766
-0.129032258065,0.645161290323,7.92922083927,7.92922083927,7.92922568642,7.92922188741,7.92922083927
-0.129032258065,0.774193548387,5.48899247661,5.48899247661,5.48899583204,5.48899320219,5.48899247661
-0.129032258065,0.903225806452,4.04041585792,4.04041585792,4.04041832783,4.04041639201,4.04041585792
-0.129032258065,1.03225806452,3.10496064798,3.10496064798,3.10496064798,3.10496105841,3.10496064798
-0.129032258065,1.16129032258,2.46377790491,2.46377790491,2.46377790491,2.46377823059,2.46377790491
-0.129032258065,1.29032258065,2.00422649942,2.00422649942,2.00422649942,2.00422676435,2.00422649942
-0.129032258065,1.41935483871,1.66317372358,1.66317372358,1.66317372358,1.66317394343,1.66317372358
-0.129032258065,1.54838709677,1.40287105469,1.40287105469,1.40287105469,1.40287124013,1.40287105469
-0.129032258065,1.67741935484,1.19956241988,1.19956241988,1.19956241988,1.19956257844,1.19956241988
-0.129032258065,1.8064516129,1.07351421509,1.07351421509,1.07351421509,1.07351385017,1.07351421509
-0.129032258065,1.93548387097,0.937927258731,0.937927258731,0.937927258731,0.937926939903,0.937927258731
0.0,-1.93548387097,1.42433778255,1.42433778255,1.42433778255,1.42433772688,1.42433778255
0.0,-1.8064516129,1.65887134645,1.65887134645,1.65887134645,1.65887128161,1.65887134645
0.0,-1.67741935484,1.95674777841,1.95674777841,1.95674777841,1.95674770193,1.95674777841
0.0,-1.54838709677,2.34313734812,2.34313734812,2.34313734812,2.34313725654,2.34313734812
0.0,-1.41935483871,2.77085182932,2.77085182932,2.77085182932,2.77085240653,2.77085182932
0.0,-1.29032258065,3.34715732727,3.34715732727,3.34715732727,3.34715732727,3.34715732727
0.0,-1.16129032258,4.10217224432,4.10217224432,4.10217224432,4.10217224432,4.10217224432
0.0,-1.03225806452,5.03663793916,5.03663793916,5.03663793916,5.03663682112,5.03663793916
0.0,-0.903225806452,6.0168973369,6.0168973369,6.0168973369,6.01689529158,6.0168973369
0.0,-0.774193548387,6.74413524958,6.74413284986,6.74413683372,0.343650163265,6.7441356351
0.0,-0.645161290323,7.12546398167,7.12546398167,7.12546398167,0.632671918367,0.790839897959
0.0,-0.516129032258,0.320722897959,0.481084346939,0.641445795918,0.801807244898,1.12253014286
0.0,-0.387096774194,0.414213158763,0.549501987404,0.766267930001,1.07288896301,1.44792523367
0.0,-0.258064516129,0.579996921689,0.777735869377,1.06745938458,1.47180420022,1.95203764387
0.0,-0.129032258065,0.965950685012,1.28198514347,1.75958285304,2.41205550436,3.17075126915
0.0,0.0,0.0202019944071,0.0202019944071,0.0202019944071,0.0202019944071,0.0202019944071
0.0,0.129032258065,35.6930470184,35.6930470184,35.6930470184,35.6930705864,35.6930470184
0.0,0.258064516129,15.3288556606,15.3288556606,15.3288556606,15.3288641134,15.3288556606
0.0,0.387096774194,9.0551038861,9.0551038861,9.0551038861,9.05509652598,9.0551038861
0.0,0.516129032258,6.15021823575,6.15021823575,6.15021823575,6.15021377043,6.15021823575
0.0,0.645161290323,4.518362,4.518362,4.518362,4.51836461315,4.518362
0.0,0.774193548387,3.37695257051,3.37695257051,3.37695257051,3.3769545991,3.37695257051
0.0,0.903225806452,2.72093488641,2.72093488641,2.72093488641,2.72093638776,2.72093488641
0.0,1.03225806452,2.17427503498,2.17427503498,2.17427503498,2.17427623469,2.17427503498
0.0,1.16129032258,1.78189497588,1.78189497588,1.78189497588,1.78189392354,1.78189497588
0.0,1.29032258065,1.48514938234,1.48514938234,1.48514938234,1.48514850525,1.48514938234
0.0,1.41935483871,1.30394058246,1.30394058246,1.30394058246,1.30393991504,1.30394058246
0.0,1.54838709677,1.11829781119,1.11829781119,1.11829781119,0.0421999183673,1.11829781119
0.0,1.67741935484,0.969815069684,0.969815069684,0.969815069684,0.0365967959184,0.969815069684
0.0,1.8064516129,0.849162194889,0.849162194889,0.849162194889,0.0320438571429,0.849162194889
0.0,1.93548387097,0.751187724401,0.751187724401,0.751187724401,0.0282933265306,0.751187724401
0.129032258065,-1.93548387097,1.79202926449,1.79202926449,1.79202926449,0.0535733469388,1.79202926449
0.129032258065,-1.8064516129,2.11388394455,2.11388394455,2.11388394455,0.0631953061224,2.11388394455
0.129032258065,-1.67741935484,2.6025917907,2.6025917907,2.6025917907,2.60259138475,2.6025917907
0.129032258065,-1.54838709677,3.08382993672,3.08382993672,3.08382993672,3.08382781557,3.08382993672
0.129032258065,-1.41935483871,3.83957978112,3.83957978112,3.83957978112,3.83957714014,3.83957978112
0.129032258065,-1.29032258065,4.62890941372,4.62890941372,4.62890941372,4.62890993423,4.62890941372
0.129032258065,-1.16129032258,5.51792487102,5.51792487102,5.51792487102,5.51792736835,5.51792487102
0.129032258065,-1.03225806452,6.55915363218,6.5591512584,6.55915571146,6.55915363218,6.55915151471
0.129032258065,-0.903225806452,0.168288653061,0.336577306122,0.336577306122,0.504865959184,7.09336895404
0.129032258065,-0.774193548387,0.330120979592,0.330120979592,7.60103253421,0.660241959184,0.990362938776
0.129032258065,-0.645161290323,0.345410694494,0.465126019966,0.642874918119,0.907149221511,1.22985241683
0.129032258065,-0.516129032258,0.489561138536,0.654772657032,0.905440713933,1.25368740622,1.6755829463
0.129032258065,-0.387096774194,0.755637586224,1.00658230379,1.38595151008,1.90689386704,2.52330120468
0.129032258065,-0.258064516129,2.71191872365,3.60994302858,5.00591925671,6.91923116589,9.21397565493
0.129032258065,-0.129032258065,49.4483400154,49.4483400154,49.4483400154,49.4483672825,49.4483400154
0.129032258065,0.0,18.3808283409,18.3808283409,18.3808283409,18.3808253147,18.3808283409
0.129032258065,0.129032258065,10.5691367309,10.5691367309,10.5691367309,10.5691434056,10.5691367309
0.129032258065,0.258064516129,6.68799558626,6.68799558626,6.68799558626,6.68799470424,6.68799558626
0.129032258065,0.387096774194,4.82068927884,4.82068927884,4.82068927884,4.82069075226,4.82068927884
0.129032258065,0.516129032258,3.68774904621,3.68774904621,3.68774904621,3.68774942798,3.68774904621
0.129032258065,0.645161290323,2.81392072367,2.81392072367,2.81392072367,2.81392101497,2.81392072367
0.129032258065,0.774193548387,2.31632238789,2.31632238789,2.31632238789,0.0983576122449,2.31632238789
0.129032258065,0.903225806452,1.87282434376,1.87282434376,1.87282434376,0.0795254285714,1.87282434376
0.129032258065,1.03225806452,1.607974,1.607974,1.607974,0.0656315918367,1.607974
0.129032258065,1.16129032258,1.35240042582,1.35240042582,1.35240042582,0.0550876122449,1.35240042582
0.129032258065,1.29032258065,1.15130643324,1.15130643324,1.15130643324,0.0468964081633,1.15130643324
0.129032258065,1.41935483871,1.03035867637,1.03035867637,1.03035867637,0.040406244898,1.03035867637
0.129032258065,1.54838709677,0.897000515262,0.897000515262,0.897000515262,0.0351765102041,0.897000515262
0.129032258065,1.67741935484,0.789510313289,0.789510313289,0.789510313289,0.0309005918367,0.789510313289
0.129032258065,1.8064516129,0.69904295559,0.69904295559,0.69904295559,0.0273597959184,0.69904295559
0.129032258065,1.93548387097,0.623285101466,0.623285101466,0.623285101466,0.0243947142857,0.623285101466
0.258064516129,-1.93548387097,2.29790383627,2.29790383627,2.29790317546,2.29790377162,2.29790383627
0.258064516129,-1.8064516129,2.81288125738,2.81288125738,2.81288134153,2.81288092621,2.81288125738
0.258064516129,-1.67741935484,3.41047383139,3.41047383139,3.41047393341,3.41047342986,3.41047342986
0.258064516129,-1.54838709677,4.07167217203,4.07167217203,4.07167100114,4.07167205747,4.07167205747
0.258064516129,-1.41935483871,4.99671134098,4.99671134098,4.99670990409,4.99671134098,0.274544571429
0.258064516129,-1.29032258065,5.75841259166,5.75841259166,5.75840863085,5.75841259166,0.34429955102
0.258064516129,-1.16129032258,6.83803458838,6.83803913809,6.83803801366,0.376233306122,6.83803458838
0.258064516129,-1.03225806452,0.354939836735,0.354939836735,0.354939836735,0.532409755102,0.709879673469
0.258064516129,-0.903225806452,0.289119589064,0.379258713305,0.512638925567,0.721801884245,0.967720231753
0.258064516129,-0.774193548387,0.374059814725,0.504093718055,0.700465224337,0.977571740951,1.32023392212
0.258064516129,-0.645161290323,0.545382715719,0.727677936437,1.01429726312,1.41213026693,1.89211930552
0.258064516129,-0.516129032258,1.0729322518,1.45583205139,2.02587511364,2.83666995426,3.82967016145
0.258064516129,-0.387096774194,53.9997789772,53.9997402555,53.9997402555,53.9997624936,53.9997590322
0.258064516129,-0.258064516129,21.3135668336,21.3135668336,21.3135668336,21.313579637,21.3135668336
0.258064516129,-0.129032258065,11.7741762042,11.7741762042,11.7741762042,0.546365632653,11.7741762042
0.258064516129,0.0,7.43738750837,7.43738750837,7.43738750837,7.43739220533,7.43738750837
0.258064516129,0.129032258065,5.20224511796,5.20224511796,5.20224511796,5.20224840334,5.20224855298
0.258064516129,0.258064516129,3.99686378702,3.99686378702,3.99686378702,3.99686378702,3.996865991
0.258064516129,0.387096774194,3.04052166364,3.04052166364,3.04052166364,3.04052166364,3.04052334026
0.258064516129,0.516129032258,2.38995490816,2.38995490816,2.38995490816,2.38995490816,2.38995490816
0.258064516129,0.645161290323,2.00579575106,2.00579575106,2.00579575106,2.00579575106,2.00579412072
0.258064516129,0.774193548387,1.64582036443,1.64582036443,1.64582036443,1.64582053481,1.64582036443
0.258064516129,0.903225806452,1.43469041433,1.43469041433,1.43469041433,1.4346904022,1.43469041433
0.258064516129,1.03225806452,1.21502220354,1.21502220354,1.21502220354,1.21502219326,1.21502220354
0.258064516129,1.16129032258,1.04183257355,1.04183257355,1.04183257355,1.04183256473,1.04183257355
0.258064516129,1.29032258065,0.939388,0.939388,0.939388,0.939388062405,0.939388
0.258064516129,1.41935483871,0.82350592511,0.82350592511,0.82350592511,0.82350666562,0.82350592511
0.258064516129,1.54838709677,0.726402190417,0.726402190417,0.726402190417,0.72640284361,0.726402190417
0.258064516129,1.67741935484,0.645438321725,0.645438321725,0.645438321725,0.645438902115,0.645438321725
0.258064516129,1.8064516129,0.599576485496,0.599576485496,0.599576485496,0.599576778057,0.599576485496
0.258064516129,1.93548387097,0.53936009015,0.53936009015,0.53936009015,0.539360353329,0.53936009015
0.387096774194,-1.93548387097,2.9623618322,2.96236287924,2.96236287924,2.9623618322,0.147015510204
0.387096774194,-1.8064516129,3.55962660772,3.55962786586,0.0883282244898,3.55962660772,0.17665644898
0.387096774194,-1.67741935484,4.27300717015,4.27300868042,4.27300655399,4.27300717015,4.27300966853
0.387096774194,-1.54838709677,5.17779952826,5.17780135833,5.17779878163,5.17779878163,5.17780255566
0.387096774194,-1.41935483871,5.92307863058,5.92307634102,5.92307543392,0.316742,5.92307863058
0.387096774194,-1.29032258065,7.0455161409,7.0455161409,7.04551492415,0.398051591837,7.04551157901
0.387096774194,-1.16129032258,8.21826277396,8.21825590459,0.408360693878,8.21826208809,8.21825957983
0.387096774194,-1.03225806452,0.266805123067,0.36933789058,0.506171946597,0.716486379884,0.969772274734
0.387096774194,-0.903225806452,0.363562648974,0.487665357879,0.689390517978,0.961742014742,1.3074123059
0.387096774194,-0.774193548387,0.549818243252,0.767511535584,1.05158956807,1.46579138056,1.9833220568
0.387096774194,-0.645161290323,31.6534035594,31.6534035594,31.6534035594,31.6534035594,31.6534035594
0.387096774194,-0.516129032258,21.133372893,21.1333825803,21.1333611531,21.1333611531,21.133372893
0.387096774194,-0.387096774194,12.3363705754,12.3363705754,12.3363649958,12.336364261,12.3363705754
0.387096774194,-0.258064516129,8.16570767479,8.16570767479,8.16570767479,0.347476714286,8.16570767479
0.387096774194,-0.129032258065,5.57997605646,5.57997605646,5.57997605646,5.57997776195,5.57997605646
0.387096774194,0.0,4.22506195295,4.22506195295,4.22506195295,4.22506195295,4.22506428276
0.387096774194,0.129032258065,3.26843440209,3.26843440209,3.26843440209,3.26843440209,3.26843620439
0.387096774194,0.258064516129,2.58375106555,2.58375106555,2.58375106555,2.58375106555,2.5837524903
0.387096774194,0.387096774194,2.0837036812,2.0837036812,2.0837036812,2.0837036812,2.08370483021
0.387096774194,0.516129032258,1.7145455855,1.7145455855,1.7145455855,1.7145455855,1.71454579753
0.387096774194,0.645161290323,1.49254798363,1.49254798363,1.49254798363,1.49254798363,1.49254677046
0.387096774194,0.774193548387,1.26167643519,1.26167643519,1.26167643519,1.26167643519,1.26167540968
0.387096774194,0.903225806452,1.07935688732,1.07935688732,1.07935688732,1.07935688732,1.07935601001
0.387096774194,1.03225806452,0.97453194228,0.97453194228,0.97453194228,0.97453194228,0.974531234729
0.387096774194,1.16129032258,0.85038976622,0.85038976622,0.85038976622,0.85038976622,0.850389148802
0.387096774194,1.29032258065,0.74820628889,0.74820628889,0.74820628889,0.74820628889,0.748205745661
0.387096774194,1.41935483871,0.663160968185,0.663160968185,0.663160968185,0.663160968185,0.663160486702
0.387096774194,1.54838709677,0.615538,0.615538,0.615538,0.615538040891,0.615538355991
0.387096774194,1.67741935484,0.553578765882,0.553578765882,0.553578765882,0.553578765882,0.553578765882
0.387096774194,1.8064516129,0.49951868202,0.49951868202,0.49951868202,0.49951868202,0.49951868202
0.387096774194,1.93548387097,0.452941836459,0.452941836459,0.452941836459,0.452941836459,0.452941836459
0.516129032258,-1.93548387097,3.61412360958,3.61412360958,3.61412097507,3.61412097507,3.61412295003
0.516129032258,-1.8064516129,4.35609526609,4.35609526609,4.35609445089,4.35609445089,4.35609331151
0.516129032258,-1.67741935484,5.19658033025,0.117569632653,5.19657935776,0.235139265306,0.352708897959
0.516129032258,-1.54838709677,5.99833501849,5.99833948747,5.99833962583,5.99833635481,0.425917653061
0.516129032258,-1.41935483871,7.0042834735,7.00428499293,7.00428499293,7.0042876612,7.00428379911
0.516129032258,-1.29032258065,8.46858131296,8.46857709863,8.46857709863,8.46858327126,8.46858432416
0.516129032258,-1.16129032258,0.290352363936,0.349609484621,0.489200853262,0.672394872175,0.896004152605
0.516129032258,-1.03225806452,0.32592071282,0.523061093159,0.633170841342,0.910212643534,1.22378393958
0.516129032258,-0.903225806452,0.462161412845,0.657912408357,0.796712098156,1.12722335088,1.52303455039
0.516129032258,-0.774193548387,0.380883142857,17.2159205667,17.2159205667,17.2159240787,1.52353257143
0.516129032258,-0.645161290323,11.8707904449,11.870789478,11.8707885933,11.8707885933,11.8707939594
0.516129032258,-0.516129032258,8.32208039029,8.32208039029,8.32208226608,8.32208039029,8.32208039029
0.516129032258,-0.387096774194,5.83726255948,5.83726255948,5.83726255948,5.83726606601,5.83726255948
0.516129032258,-0.258064516129,4.30244100036,4.30244100036,4.30244100036,0.190795571429,4.30244100036
0.516129032258,-0.129032258065,3.30728079209,3.30728079209,3.30728079209,3.30728079209,3.30728079209
0.516129032258,0.0,2.66864924671,2.66864924671,2.66864924671,2.66864924671,2.66865071827
0.516129032258,0.129032258065,2.18254250961,2.18254250961,2.18254250961,2.18254250961,2.18254371312
0.516129032258,0.258064516129,1.80686673861,1.80686673861,1.80686673861,1.80686673861,1.80686773496
0.516129032258,0.387096774194,1.5139803279,1.5139803279,1.5139803279,1.5139803279,1.51398116275
0.516129032258,0.516129032258,1.28604859734,1.28604859734,1.28604859734,1.28604859734,1.28604875638
0.516129032258,0.645161290323,1.1498274923,1.1498274923,1.1498274923,1.1498274923,1.14982655771
0.516129032258,0.774193548387,0.99418045796,0.99418045796,0.99418045796,0.99418045796,0.994179649877
0.516129032258,0.903225806452,0.867083570173,0.867083570173,0.867083570173,0.867083570173,0.867082865396
0.516129032258,1.03225806452,0.76218969297,0.76218969297,0.76218969297,0.76218969297,0.762189073452
0.516129032258,1.16129032258,0.704683954801,0.704683954801,0.704683954801,0.704683954801,0.704683443171
0.516129032258,1.29032258065,0.627882097525,0.627882097525,0.627882097525,0.627882097525,0.627881641656
0.516129032258,1.41935483871,0.562734609692,0.562734609692,0.562734609692,0.562734609692,0.562734201123
0.516129032258,1.54838709677,0.507043170307,0.507043170307,0.507043170307,0.507043170307,0.507042802173
0.516129032258,1.67741935484,0.459094396259,0.459094396259,0.459094396259,0.459094396259,0.459094062937
0.516129032258,1.8064516129,0.4343825,0.4343825,0.4343825,0.434382528857,0.434382751221
0.516129032258,1.93548387097,0.396687,0.396687,0.396687,0.396687026353,0.39668722942
0.645161290323,-1.93548387097,4.24857825713,4.24858240862,4.24858240862,4.24858232871,0.27061022449
0.645161290323,-1.8064516129,4.98312062839,4.98312549764,4.98312549764,4.98312540391,4.98312458434
0.645161290323,-1.67741935484,0.125048795918,5.88980089972,5.88980089972,5.88980078894,5.88979982025
0.645161290323,-1.54838709677,0.148787836735,7.00791021802,7.00791021802,7.00791008621,0.595151346939
0.645161290323,-1.41935483871,0.174851248674,0.276401119944,0.337849438539,0.483141393032,0.647839438927
0.645161290323,-1.29032258065,0.211224170679,0.339673647396,0.410728601104,0.591033840216,0.795295418308
0.645161290323,-1.16129032258,0.276466784254,0.404821818314,0.477820136268,0.695022765966,0.938994121394
0.645161290323,-1.03225806452,11.2090469127,11.2090469127,0.506746429674,0.728447463118,0.983048708276
0.645161290323,-0.903225806452,10.3443346741,10.3443321638,0.490253061224,10.3443400786,10.3443424825
0.645161290323,-0.774193548387,8.02813824578,8.02814192578,8.02813378602,8.02813378602,8.0281390793
0.645161290323,-0.645161290323,5.92208090781,5.92208090781,5.92207835002,5.92208090781,5.92208090781
0.645161290323,-0.516129032258,4.55810859996,4.55810859996,4.55810859996,4.55810626689,4.55810859996
0.645161290323,-0.387096774194,3.550399,3.550399,3.550399,0.144914244898,3.550399
0.645161290323,-0.258064516129,2.73604957536,2.73604957536,2.73604957536,2.73604985861,2.73604957536
0.645161290323,-0.129032258065,2.29228389434,2.29228389434,2.29228389434,2.29228389434,2.29228203115
0.645161290323,0.0,1.84816808297,1.84816808297,1.84816808297,1.84816808297,1.84816831153
0.645161290323,0.129032258065,1.56255445458,1.56255445458,1.56255445458,1.56255445458,1.56255531621
0.645161290323,0.258064516129,1.33435364988,1.33435364988,1.33435364988,1.33435364988,1.33435438567
0.645161290323,0.387096774194,1.14852936944,1.14852936944,1.14852936944,1.14852936944,1.14853000277
0.645161290323,0.516129032258,0.998592166485,0.998592166485,0.998592166485,0.998592166485,0.998592289976
0.645161290323,0.645161290323,0.911031227984,0.911031227984,0.911031227984,0.911031227984,0.911030487486
0.645161290323,0.774193548387,0.801685795806,0.801685795806,0.801685795806,0.801685795806,0.801685144185
0.645161290323,0.903225806452,0.710042577388,0.710042577388,0.710042577388,0.710042577388,0.710042000256
0.645161290323,1.03225806452,0.632655103673,0.632655103673,0.632655103673,0.632655103673,0.632654589442
0.645161290323,1.16129032258,0.566830720036,0.566830720036,0.566830720036,0.566830720036,0.566830259309
0.645161290323,1.29032258065,0.533093802785,0.533093802785,0.533093802785,0.533093802785,0.533093415737
0.645161290323,1.41935483871,0.482344981049,0.482344981049,0.482344981049,0.482344981049,0.482344630846
0.645161290323,1.54838709677,0.438333864175,0.438333864175,0.438333864175,0.438333864175,0.438333545927
0.645161290323,1.67741935484,0.399946873296,0.399946873296,0.399946873296,0.399946873296,0.399946582918
0.645161290323,1.8064516129,0.366287666334,0.366287666334,0.366287666334,0.366287666334,0.366287400394
0.645161290323,1.93548387097,0.336625712483,0.336625712483,0.336625712483,0.336625712483,0.336625468078
0.774193548387,-1.93548387097,0.0926326559383,0.141250867606,0.177011023251,0.249956089433,0.332820348087
0.774193548387,-1.8064516129,0.107787375657,0.169214258851,0.207798591816,0.296495685836,0.397194277203
0.774193548387,-1.67741935484,0.125550450785,0.200519368303,0.243487686422,0.349503666416,0.469676697801
0.774193548387,-1.54838709677,0.145217558087,0.236237153968,0.283611056523,0.409572408867,0.551936687196
0.774193548387,-1.41935483871,0.184212648368,0.272366091774,0.321257492264,0.467924865397,0.63213904723
0.774193548387,-1.29032258065,7.88606363306,7.88606363306,7.88606363306,7.88606363306,7.88606363306
0.774193548387,-1.16129032258,0.17515770811,0.284681691489,0.341519974431,0.492219247132,0.662178178253
0.774193548387,-1.03225806452,6.9317759974,6.93177254785,6.9317735474,6.0287526694,6.0287526694
0.774193548387,-0.903225806452,5.71185167568,5.71185429392,5.71184850266,5.71185167568,5.71185226871
0.774193548387,-0.774193548387,4.4659069179,4.4659069179,4.46590742884,4.4659069179,4.46590837747
0.774193548387,-0.645161290323,3.57044363546,3.57044363546,3.57044363546,3.57044410743,3.57044363546
0.774193548387,-0.516129032258,2.88452093901,2.88452093901,2.88452093901,0.113118530612,2.88452093901
0.774193548387,-0.387096774194,2.30142196248,2.30142196248,2.30142196248,0.0977248979592,2.30142196248
0.774193548387,-0.258064516129,1.89819817433,1.89819817433,1.89819817433,1.89819837084,1.89819817433
0.774193548387,-0.129032258065,1.63631898905,1.63631898905,1.63631898905,1.63631898905,1.63631765903
0.774193548387,0.0,1.41498747314,1.41498747314,1.41498747314,1.41498747314,1.41498632302
0.774193548387,0.129032258065,1.17733663952,1.17733663952,1.17733663952,1.17733663952,1.17733678511
0.774193548387,0.258064516129,1.0280417935,1.0280417935,1.0280417935,1.0280417935,1.02804192063
0.774193548387,0.387096774194,0.902651103095,0.902651103095,0.902651103095,0.902651103095,0.902651214722
0.774193548387,0.516129032258,0.796972844334,0.796972844334,0.796972844334,0.796972844334,0.796972942893
0.774193548387,0.645161290323,0.738618495376,0.738618495376,0.738618495376,0.738618495376,0.738617895017
0.774193548387,0.774193548387,0.65913064981,0.65913064981,0.65913064981,0.65913064981,0.65913011406
0.774193548387,0.903225806452,0.59112075655,0.59112075655,0.59112075655,0.59112075655,0.591120276079
0.774193548387,1.03225806452,0.532614079486,0.532614079486,0.532614079486,0.532614079486,0.53261364657
0.774193548387,1.16129032258,0.482010488705,0.482010488705,0.482010488705,0.482010488705,0.48201009692
0.774193548387,1.29032258065,0.438013589046,0.438013589046,0.438013589046,0.438013589046,0.438013233023
0.774193548387,1.41935483871,0.400453471972,0.400453471972,0.400453471972,0.400453471972,0.400453464908
0.774193548387,1.54838709677,0.382032527688,0.382032527688,0.382032527688,0.382032527688,0.382032250317
0.774193548387,1.67741935484,0.350935945902,0.350935945902,0.350935945902,0.350935945902,0.350935691108
0.774193548387,1.8064516129,0.323387244656,0.323387244656,0.323387244656,0.323387244656,0.323387009864
0.774193548387,1.93548387097,0.298880819734,0.298880819734,0.298880819734,0.298880819734,0.298880602734
0.903225806452,-1.93548387097,0.0935465159421,0.151063134383,0.182149801274,0.262391853464,0.353195497462
0.903225806452,-1.8064516129,0.106395085366,0.172967157426,0.206330807302,0.298881794218,0.403184331112
0.903225806452,-1.67741935484,0.132051128175,0.195299307087,0.230363513217,0.33552664129,0.453274473976
0.903225806452,-1.54838709677,0.152714795437,0.213782311538,0.262590183888,0.365756219858,0.494151620888
0.903225806452,-1.41935483871,5.8085724932,5.8085724932,0.257879583075,5.8085724932,0.506150427948
0.903225806452,-1.29032258065,0.128683077158,0.19783216695,0.246338362185,0.348488813791,0.464412735785
0.903225806452,-1.16129032258,5.14159159773,0.127741346939,5.14158978737,0.255482693878,5.14159116863
0.903225806452,-1.03225806452,4.28238746425,4.28238942724,4.28238508532,4.28238746425,4.28238790887
0.903225806452,-0.903225806452,3.51966003907,3.51966003907,3.51965990151,3.51966003907,3.51966047023
0.903225806452,-0.774193548387,2.88734177364,2.88734177364,2.88734177364,2.88734278833,2.88734177364
0.903225806452,-0.645161290323,2.39598500649,2.39598500649,2.39598500649,2.39598378011,2.39598500649
0.903225806452,-0.516129032258,1.96336554894,1.96336554894,1.96336554894,0.0799741836735,1.96336554894
0.903225806452,-0.387096774194,1.65818718329,1.65818718329,1.65818718329,1.65818716927,1.65818718329
0.903225806452,-0.258064516129,1.45467245259,1.45467245259,1.45467245259,1.45467217532,1.45467290267
0.903225806452,-0.129032258065,1.22809349578,1.22809349578,1.22809349578,1.22809349578,1.22809249757
0.903225806452,0.0,1.08293175335,1.08293175335,1.08293175335,1.08293175335,1.08293087313
0.903225806452,0.129032258065,0.957994143545,0.957994143545,0.957994143545,0.957994143545,0.957993364874
0.903225806452,0.258064516129,0.850661184219,0.850661184219,0.850661184219,0.850661184219,0.85066049279
0.903225806452,0.387096774194,0.758411876905,0.758411876905,0.758411876905,0.758411876905,0.758411260457
0.903225806452,0.516129032258,0.678972812981,0.678972812981,0.678972812981,0.678972812981,0.678972261103
0.903225806452,0.645161290323,0.610366034908,0.610366034908,0.610366034908,0.610366034908,0.610365538794
0.903225806452,0.774193548387,0.550906735203,0.550906735203,0.550906735203,0.550906735203,0.550906287419
0.903225806452,0.903225806452,0.499177024807,0.499177024807,0.499177024807,0.499177024807,0.49917661907
0.903225806452,1.03225806452,0.453991417768,0.453991417768,0.453991417768,0.453991417768,0.453991048757
0.903225806452,1.16129032258,0.414361395518,0.414361395518,0.414361395518,0.414361395518,0.414361058719
0.903225806452,1.29032258065,0.379463192586,0.379463192586,0.379463192586,0.379463192586,0.379462884153
0.903225806452,1.41935483871,0.348610644549,0.348610644549,0.348610644549,0.348610644549,0.348610361193
0.903225806452,1.54838709677,0.321942009919,0.321942009919,0.321942009919,0.321942009919,0.32194200424
0.903225806452,1.67741935484,0.310003151281,0.310003151281,0.310003151281,0.310003151281,0.310002926205
0.903225806452,1.8064516129,0.287232698252,0.287232698252,0.287232698252,0.287232698252,0.287232489709
0.903225806452,1.93548387097,0.266807152993,0.266807152993,0.266807152993,0.266807152993,0.26680695928
1.03225806452,-1.93548387097,0.0995180577932,0.146702416544,0.172970816123,0.251977332629,0.340413132656
1.03225806452,-1.8064516129,0.113668721833,0.160127224309,0.19571456561,0.274141840949,0.370422229529
1.03225806452,-1.67741935484,4.49787411136,4.49787411136,4.49787411136,4.49787411136,4.49787411136
1.03225806452,-1.54838709677,0.100634223755,0.164727194136,0.196778590898,0.284250517858,0.382759452617
1.03225806452,-1.41935483871,4.46480296469,4.46480212914,4.46480212914,4.46480096133,0.404054367347
1.03225806452,-1.29032258065,3.8822257976,3.8822257976,3.88222301377,0.197568693878,3.88222461254
1.03225806452,-1.16129032258,3.33936145209,3.33936359734,3.33936302064,3.33936145209,3.33936143514
1.03225806452,-1.03225806452,2.85892058342,2.85892058342,0.0882382653061,2.85892058342,2.85892028642
1.03225806452,-0.903225806452,2.39053009152,2.39053009152,2.39053103724,2.39052989304,2.39053009152
1.03225806452,-0.774193548387,2.02798088862,2.02798088862,2.02798088862,2.02798115669,2.02798088862
1.03225806452,-0.645161290323,1.69705539812,1.69705539812,1.69705539812,0.0664209387755,1.69705539812
1.03225806452,-0.516129032258,1.46086880261,1.46086880261,1.46086880261,1.46087011625,1.46086880261
1.03225806452,-0.387096774194,1.25206107671,1.25206107671,1.25206107671,1.25206107671,1.25206107671
1.03225806452,-0.258064516129,1.11784718775,1.11784718775,1.11784718775,1.11784718775,1.11784637615
1.03225806452,-0.129032258065,0.956321761576,0.956321761576,0.956321761576,0.956321761576,0.956320984265
1.03225806452,0.0,0.855886802617,0.855886802617,0.855886802617,0.855886802617,0.85588610694
1.03225806452,0.129032258065,0.76783455737,0.76783455737,0.76783455737,0.76783455737,0.767833933264
1.03225806452,0.258064516129,0.690784413314,0.690784413314,0.690784413314,0.690784413314,0.690783851835
1.03225806452,0.387096774194,0.623373245685,0.623373245685,0.623373245685,0.623373245685,0.623372738999
1.03225806452,0.516129032258,0.564334112392,0.564334112392,0.564334112392,0.564334112392,0.564333653693
1.03225806452,0.645161290323,0.512530309124,0.512530309124,0.512530309124,0.512530309124,0.512529892532
1.03225806452,0.774193548387,0.466964573436,0.466964573436,0.466964573436,0.466964573436,0.466964193881
1.03225806452,0.903225806452,0.42677494291,0.42677494291,0.42677494291,0.42677494291,0.426774596022
1.03225806452,1.03225806452,0.391221409234,0.391221409234,0.391221409234,0.391221409234,0.391221091244
1.03225806452,1.16129032258,0.359670271261,0.359670271261,0.359670271261,0.359670271261,0.359669978916
1.03225806452,1.29032258065,0.331584010515,0.331584010515,0.331584010515,0.331584010515,0.331583740999
1.03225806452,1.41935483871,0.306502883025,0.306502883025,0.306502883025,0.306502883025,0.306502633896
1.03225806452,1.54838709677,0.284036635653,0.284036635653,0.284036635653,0.284036635653,0.284036404784
1.03225806452,1.67741935484,0.264435629434,0.264435629434,0.264435629434,0.264435629434,0.264435624769
1.03225806452,1.8064516129,0.256555691067,0.256555691067,0.256555691067,0.256555691067,0.256555504797
1.03225806452,1.93548387097,0.239389178313,0.239389178313,0.239389178313,0.239389178313,0.239389004506
1.16129032258,-1.93548387097,3.57708460006,3.57708460006,3.57708460006,0.224735024618,0.303553884016
1.16129032258,-1.8064516129,3.55704657723,3.55704657723,0.15745857581,3.55704657723,0.30878323502
1.16129032258,-1.67741935484,0.0798476034164,0.126250706307,0.154199276912,0.220349342843,0.29537700568
1.16129032258,-1.54838709677,3.47733821414,3.47733964342,3.47733964342,0.241481938776,0.241481938776
1.16129032258,-1.41935483871,3.09496720029,3.09496720029,3.09496498098,0.157504653061,3.09496578777
1.16129032258,-1.29032258065,2.67631381938,2.67631553868,2.67631507648,2.67631381938,2.6763138058
1.16129032258,-1.16129032258,2.31610204141,2.31610204141,2.31610145076,2.31610204141,2.31610230185
1.16129032258,-1.03225806452,2.02346523032,2.02346523032,2.02346546183,2.02346589164,2.02346523032
1.16129032258,-0.903225806452,1.74105951657,1.74105951657,1.74105951657,1.74105892474,1.74105951657
1.16129032258,-0.774193548387,1.48150788453,1.48150788453,1.48150788453,0.0559059591837,1.48150788453
1.16129032258,-0.645161290323,1.29519840779,1.29519840779,1.29519840779,0.050792122449,1.29519840779
1.16129032258,-0.516129032258,1.12907967235,1.12907967235,1.12907967235,1.12908068764,1.12907967235
1.16129032258,-0.387096774194,0.979088147581,0.979088147581,0.979088147581,0.979088147581,0.979087436722
1.16129032258,-0.258064516129,0.884773256029,0.884773256029,0.884773256029,0.884773256029,0.884772613646
1.16129032258,-0.129032258065,0.766085781508,0.766085781508,0.766085781508,0.766085781508,0.766085158823
1.16129032258,0.0,0.693674035323,0.693674035323,0.693674035323,0.693674035323,0.693673471496
1.16129032258,0.129032258065,0.629270762176,0.629270762176,0.629270762176,0.629270762176,0.629270250697
1.16129032258,0.258064516129,0.57209453538,0.57209453538,0.57209453538,0.57209453538,0.572094070374
1.16129032258,0.387096774194,0.521358866,0.521358866,0.521358866,0.521358866,0.521358442232
1.16129032258,0.516129032258,0.476315922254,0.476315922254,0.476315922254,0.476315922254,0.476315535098
1.16129032258,0.645161290323,0.436279539718,0.436279539718,0.436279539718,0.436279539718,0.436279185104
1.16129032258,0.774193548387,0.400633044799,0.400633044799,0.400633044799,0.400633044799,0.400632719159
1.16129032258,0.903225806452,0.368830635347,0.368830635347,0.368830635347,0.368830635347,0.368830335556
1.16129032258,1.03225806452,0.34039369902,0.34039369902,0.34039369902,0.34039369902,0.340393422343
1.16129032258,1.16129032258,0.31490575104,0.31490575104,0.31490575104,0.31490575104,0.314905495081
1.16129032258,1.29032258065,0.292003690316,0.292003690316,0.292003690316,0.292003690316,0.292003452971
1.16129032258,1.41935483871,0.271373657598,0.271373657598,0.271373657598,0.271373657598,0.271373437022
1.16129032258,1.54838709677,0.252743672221,0.252743672221,0.252743672221,0.252743672221,0.252743466788
1.16129032258,1.67741935484,0.235878109648,0.235878109648,0.235878109648,0.235878109648,0.235877917923
1.16129032258,1.8064516129,0.221061625751,0.221061625751,0.221061625751,0.221061625751,0.221061621851
1.16129032258,1.93548387097,0.215813218946,0.215813218946,0.215813218946,0.215813218946,0.215813062256
1.29032258065,-1.93548387097,0.0656379440828,0.107084066565,0.127696283827,0.184641561903,0.248731699873
1.29032258065,-1.8064516129,0.0648673730454,0.0982962380243,0.123681100696,0.174077053133,0.231282965681
1.29032258065,-1.67741935484,2.77464560162,2.77464766883,2.77464773283,2.77464621976,0.197016428571
1.29032258065,-1.54838709677,2.52680455325,2.52680455325,2.52680274135,0.128590530612,2.52680340004
1.29032258065,-1.41935483871,2.19416520374,2.1941666133,2.19416623437,2.19416520374,2.1941651926
1.29032258065,-1.29032258065,1.96835336884,1.96835336884,0.0589327142857,1.96835336884,1.96835189859
1.29032258065,-1.16129032258,1.68626317884,1.68626317884,1.68626337176,1.68626372995,1.68626317884
1.29032258065,-1.03225806452,1.46897945645,1.46897945645,1.46897945645,1.46897997269,1.46897945645
1.29032258065,-0.903225806452,1.30957982453,1.30957982453,1.30957982453,1.30957999764,1.30957982453
1.29032258065,-0.774193548387,1.118095386,1.118095386,1.118095386,0.0437610612245,1.118095386
1.29032258065,-0.645161290323,0.983653036561,0.983653036561,0.983653036561,0.983653921078,0.983653036561
1.29032258065,-0.516129032258,0.8968135,0.8968135,0.8968135,0.896813559577,0.896814018664
1.29032258065,-0.387096774194,0.786723525723,0.786723525723,0.786723525723,0.786723525723,0.786722954528
1.29032258065,-0.258064516129,0.717900795071,0.717900795071,0.717900795071,0.717900795071,0.717900273844
1.29032258065,-0.129032258065,0.627643480217,0.627643480217,0.627643480217,0.627643480217,0.62764297006
1.29032258065,0.0,0.573696966314,0.573696966314,0.573696966314,0.573696966314,0.573696500005
1.29032258065,0.129032258065,0.525160612682,0.525160612682,0.525160612682,0.525160612682,0.525160185825
1.29032258065,0.258064516129,0.481565931472,0.481565931472,0.481565931472,0.481565931472,0.481565540049
1.29032258065,0.387096774194,0.442435690955,0.442435690955,0.442435690955,0.442435690955,0.442435331338
1.29032258065,0.516129032258,0.407306005324,0.407306005324,0.407306005324,0.407306005324,0.40730567426
1.29032258065,0.645161290323,0.375745663267,0.375745663267,0.375745663267,0.375745663267,0.375745357856
1.29032258065,0.774193548387,0.347358428991,0.347358428991,0.347358428991,0.347358428991,0.347358146653
1.29032258065,0.903225806452,0.321786723852,0.321786723852,0.321786723852,0.321786723852,0.321786462299
1.29032258065,1.03225806452,0.298712086562,0.298712086562,0.298712086562,0.298712086562,0.298711843764
1.29032258065,1.16129032258,0.277851491553,0.277851491553,0.277851491553,0.277851491553,0.277851265712
1.29032258065,1.29032258065,0.258955968368,0.258955968368,0.258955968368,0.258955968368,0.258955757885
1.29032258065,1.41935483871,0.241805079207,0.241805079207,0.241805079207,0.241805079207,0.241804882664
1.29032258065,1.54838709677,0.226206458725,0.226206458725,0.226206458725,0.226206458725,0.226206274861
1.29032258065,1.67741935484,0.211990291582,0.211990291582,0.211990291582,0.211990291582,0.211990119274
1.29032258065,1.8064516129,0.199007471626,0.199007471626,0.199007471626,0.199007471626,0.19900730987
1.29032258065,1.93548387097,0.187542142571,0.187542142571,0.187542142571,0.187542142571,0.187542139263
1.41935483871,-1.93548387097,2.48513144206,2.48513141532,2.48513141532,2.48513192228,2.48513205788
1.41935483871,-1.8064516129,2.30459343908,2.30459287981,2.30459427061,2.30459464315,0.163833734694
1.41935483871,-1.67741935484,2.10287775423,2.10287775423,2.10287624632,0.107016653061,2.10287711232
1.41935483871,-1.54838709677,1.88142174743,1.88142299923,1.88142268986,1.88142174743,1.88142241885
1.41935483871,-1.41935483871,1.65292365479,1.65292365479,0.0494887142857,1.65292365479,1.65292242015
1.41935483871,-1.29032258065,1.47326499739,1.47326499739,1.47326493981,1.47326517787,1.47326499739
1.41935483871,-1.16129032258,1.29495926697,1.29495926697,1.29495977927,1.29495915945,1.29495926697
1.41935483871,-1.03225806452,1.1274529257,1.1274529257,1.1274529257,1.12745307473,1.1274529257
1.41935483871,-0.903225806452,1.00780146678,1.00780146678,1.00780146678,0.038030244898,1.00780146678
1.41935483871,-0.774193548387,0.896219903448,0.896219903448,0.896219903448,0.0351458979592,0.896219903448
1.41935483871,-0.645161290323,0.795395683542,0.795395683542,0.795395683542,0.795396398776,0.795395683542
1.41935483871,-0.516129032258,0.7306495,0.7306495,0.7306495,0.730649548539,0.730649922565
1.41935483871,-0.387096774194,0.646040113606,0.646040113606,0.646040113606,0.646040113606,0.646039644554
1.41935483871,-0.258064516129,0.59427287425,0.59427287425,0.59427287425,0.59427287425,0.594272442783
1.41935483871,-0.129032258065,0.523711889942,0.523711889942,0.523711889942,0.523711889942,0.523711464262
1.41935483871,0.0,0.482433876545,0.482433876545,0.482433876545,0.482433876545,0.482433484416
1.41935483871,0.129032258065,0.4449433435,0.4449433435,0.4449433435,0.4449433435,0.444942981844
1.41935483871,0.258064516129,0.410945299933,0.410945299933,0.410945299933,0.410945299933,0.410944965911
1.41935483871,0.387096774194,0.380137391701,0.380137391701,0.380137391701,0.380137391701,0.38013708272
1.41935483871,0.516129032258,0.352221406499,0.352221406499,0.352221406499,0.352221406499,0.352221120209
1.41935483871,0.645161290323,0.326915239168,0.326915239168,0.326915239168,0.326915239168,0.326914973447
1.41935483871,0.774193548387,0.303955652922,0.303955652922,0.303955652922,0.303955652922,0.303955405862
1.41935483871,0.903225806452,0.28310242118,0.28310242118,0.28310242118,0.28310242118,0.28310219107
1.41935483871,1.03225806452,0.264137867368,0.264137867368,0.264137867368,0.264137867368,0.264137652674
1.41935483871,1.16129032258,0.246865024101,0.246865024101,0.246865024101,0.246865024101,0.246864823446
1.41935483871,1.29032258065,0.231108553588,0.231108553588,0.231108553588,0.231108553588,0.23110836574
1.41935483871,1.41935483871,0.216711526205,0.216711526205,0.216711526205,0.216711526205,0.216711350059
1.41935483871,1.54838709677,0.203534960291,0.203534960291,0.203534960291,0.203534960291,0.203534794855
1.41935483871,1.67741935484,0.191454600721,0.191454600721,0.191454600721,0.191454600721,0.191454445104
1.41935483871,1.8064516129,0.180359998491,0.180359998491,0.180359998491,0.180359998491,0.180359851892
1.41935483871,1.93548387097,0.170153590318,0.170153590318,0.170153590318,0.170153590318,0.170153452014
1.54838709677,-1.93548387097,1.90306365105,1.90306365105,1.90306359132,0.092269755102,0.138404632653
1.54838709677,-1.8064516129,1.73495266378,1.73495266378,1.73495268439,1.73495268439,1.7349521483
1.54838709677,-1.67741935484,1.59517241467,1.59517347603,1.59517321372,1.59517241467,1.59517298394
1.54838709677,-1.54838709677,1.40779892126,1.40779892126,0.0421496530612,1.40779892126,1.40779786972
1.54838709677,-1.41935483871,1.26219826846,1.26219826846,1.26219821913,1.26219842308,1.26219826846
1.54838709677,-1.29032258065,1.11898987241,1.11898987241,1.11898987241,1.11899024039,1.11898987241
1.54838709677,-1.16129032258,1.01554816127,1.01554816127,1.01554816127,1.01554851816,1.01554816127
1.54838709677,-1.03225806452,0.916099137335,0.916099137335,0.916099137335,0.0333126938776,0.916099137335
1.54838709677,-0.903225806452,0.822269022034,0.822269022034,0.822269022034,0.0310290204082,0.822269022034
1.54838709677,-0.774193548387,0.735049063807,0.735049063807,0.735049063807,0.735049422472,0.735049063807
1.54838709677,-0.645161290323,0.656248835437,0.656248835437,0.656248835437,0.656248835437,0.656248835437
1.54838709677,-0.516129032258,0.583181301896,0.583181301896,0.583181301896,0.583181301896,0.583180878482
1.54838709677,-0.387096774194,0.540030000559,0.540030000559,0.540030000559,0.540030000559,0.540029608474
1.54838709677,-0.258064516129,0.500108414371,0.500108414371,0.500108414371,0.500108414371,0.500108051271
1.54838709677,-0.129032258065,0.443676861613,0.443676861613,0.443676861613,0.443676861613,0.443676500986
1.54838709677,0.0,0.411382954103,0.411382954103,0.411382954103,0.411382954103,0.411382619725
1.54838709677,0.129032258065,0.381819898161,0.381819898161,0.381819898161,0.381819898161,0.381819587813
1.54838709677,0.258064516129,0.354794868241,0.354794868241,0.354794868241,0.354794868241,0.354794579858
1.54838709677,0.387096774194,0.330109056137,0.330109056137,0.330109056137,0.330109056137,0.33010878782
1.54838709677,0.516129032258,0.307564113851,0.307564113851,0.307564113851,0.307564113851,0.307563863859
1.54838709677,0.645161290323,0.286969977059,0.286969977059,0.286969977059,0.286969977059,0.286969743806
1.54838709677,0.774193548387,0.268147166133,0.268147166133,0.268147166133,0.268147166133,0.26814694818
1.54838709677,0.903225806452,0.250929087163,0.250929087163,0.250929087163,0.250929087163,0.250928883204
1.54838709677,1.03225806452,0.235163412566,0.235163412566,0.235163412566,0.235163412566,0.235163221422
1.54838709677,1.16129032258,0.220711160682,0.220711160682,0.220711160682,0.220711160682,0.220710981285
1.54838709677,1.29032258065,0.207445775363,0.207445775363,0.207445775363,0.207445775363,0.207445606748
1.54838709677,1.41935483871,0.195253125974,0.195253125974,0.195253125974,0.195253125974,0.19525296727
1.54838709677,1.54838709677,0.184031967596,0.184031967596,0.184031967596,0.184031967596,0.184031818013
1.54838709677,1.67741935484,0.173688878783,0.173688878783,0.173688878783,0.173688878783,0.173688737606
1.54838709677,1.8064516129,0.164142403395,0.164142403395,0.164142403395,0.164142403395,0.164142269978
1.54838709677,1.93548387097,0.155317988357,0.155317988357,0.155317988357,0.155317988357,0.155317862112
1.67741935484,-1.93548387097,1.48448154853,1.48448081619,1.48448183109,0.0775186122449,1.48448209008
1.67741935484,-1.8064516129,1.3699012684,1.36990217987,1.36990195461,1.3699012684,1.36990175728
1.67741935484,-1.67741935484,1.24983770528,1.24983770528,1.24983760347,1.24983770528,1.24983751033
1.67741935484,-1.54838709677,1.12629968983,1.12629968983,1.1262988904,1.12629957283,1.12629957283
1.67741935484,-1.41935483871,1.00613447597,1.00613447597,1.00613459108,1.0061348048,1.00613447597
1.67741935484,-1.29032258065,0.890172067664,0.890172067664,0.890172067664,0.890172380495,0.890172067664
1.67741935484,-1.16129032258,0.808287345065,0.808287345065,0.808287345065,0.808287451911,0.808287345065
1.67741935484,-1.03225806452,0.7303659425,0.7303659425,0.7303659425,0.0275609795918,0.7303659425
1.67741935484,-0.903225806452,0.658535767175,0.658535767175,0.658535767175,0.658535892518,0.658535767175
1.67741935484,-0.774193548387,0.590604662614,0.590604662614,0.590604662614,0.590605193696,0.590604662614
1.67741935484,-0.645161290323,0.550555609755,0.550555609755,0.550555609755,0.550555609755,0.550555940483
1.67741935484,-0.516129032258,0.491963957091,0.491963957091,0.491963957091,0.491963957091,0.491963599904
1.67741935484,-0.387096774194,0.458154799068,0.458154799068,0.458154799068,0.458154799068,0.458154466429
1.67741935484,-0.258064516129,0.426718424334,0.426718424334,0.426718424334,0.426718424334,0.426718114518
1.67741935484,-0.129032258065,0.381564487945,0.381564487945,0.381564487945,0.381564487945,0.381564481215
1.67741935484,0.0,0.354976648889,0.354976648889,0.354976648889,0.354976648889,0.354976360359
1.67741935484,0.129032258065,0.331251282897,0.331251282897,0.331251282897,0.331251282897,0.331251013651
1.67741935484,0.258064516129,0.309415055039,0.309415055039,0.309415055039,0.309415055039,0.309414803542
1.67741935484,0.387096774194,0.289332205085,0.289332205085,0.289332205085,0.289332205085,0.289331969912
1.67741935484,0.516129032258,0.270867433007,0.270867433007,0.270867433007,0.270867433007,0.270867212842
1.67741935484,0.645161290323,0.253888660207,0.253888660207,0.253888660207,0.253888660207,0.253888453843
1.67741935484,0.774193548387,0.238271171354,0.238271171354,0.238271171354,0.238271171354,0.238270977684
1.67741935484,0.903225806452,0.223896693975,0.223896693975,0.223896693975,0.223896693975,0.223896511989
1.67741935484,1.03225806452,0.210656159682,0.210656159682,0.210656159682,0.210656159682,0.210655988458
1.67741935484,1.16129032258,0.198448783759,0.198448783759,0.198448783759,0.198448783759,0.198448622457
1.67741935484,1.29032258065,0.187182985577,0.187182985577,0.187182985577,0.187182985577,0.187182833432
1.67741935484,1.41935483871,0.176774087566,0.176774087566,0.176774087566,0.176774087566,0.176773943882
1.67741935484,1.54838709677,0.16714615604,0.16714615604,0.16714615604,0.16714615604,0.167146020181
1.67741935484,1.67741935484,0.15823016037,0.15823016037,0.15823016037,0.15823016037,0.158230031759
1.67741935484,1.8064516129,0.149962592382,0.149962592382,0.149962592382,0.149962592382,0.149962470491
1.67741935484,1.93548387097,0.142287767371,0.142287767371,0.142287767371,0.142287767371,0.142287651717
1.8064516129,-1.93548387097,1.18937619266,1.18937698402,1.18937678844,1.18937619266,1.18937661711
1.8064516129,-1.8064516129,1.08852486536,1.08852486536,1.08852477669,1.08852486536,1.08852469557
1.8064516129,-1.67741935484,0.98641399262,0.98641399262,0.986413741066,0.98641410354,0.98641399262
1.8064516129,-1.54838709677,0.883996420876,0.883996420876,0.883996522014,0.88399670979,0.883996420876
1.8064516129,-1.41935483871,0.81243322611,0.81243322611,0.81243322611,0.812433158656,0.81243322611
1.8064516129,-1.29032258065,0.743993892086,0.743993892086,0.743993892086,0.743994153546,0.743993892086
1.8064516129,-1.16129032258,0.677027592186,0.677027592186,0.677027592186,0.0246191836735,0.677027592186
1.8064516129,-1.03225806452,0.613637771697,0.613637771697,0.613637771697,0.0231561428571,0.613637771697
1.8064516129,-0.903225806452,0.554277581919,0.554277581919,0.554277581919,0.554277852377,0.554277581919
1.8064516129,-0.774193548387,0.500195059344,0.500195059344,0.500195059344,0.500195059344,0.500195059344
1.8064516129,-0.645161290323,0.468419353703,0.468419353703,0.468419353703,0.468419353703,0.46841963509
1.8064516129,-0.516129032258,0.420580523713,0.420580523713,0.420580523713,0.420580523713,0.420580218354
1.8064516129,-0.387096774194,0.393600867517,0.393600867517,0.393600867517,0.393600867517,0.393600581746
1.8064516129,-0.258064516129,0.368401880165,0.368401880165,0.368401880165,0.368401880165,0.36840161269
1.8064516129,-0.129032258065,0.331030436696,0.331030436696,0.331030436696,0.331030436696,0.331030430857
1.8064516129,0.0,0.309443127494,0.309443127494,0.309443127494,0.309443127494,0.309442875974
1.8064516129,0.129032258065,0.290112711364,0.290112711364,0.290112711364,0.290112711364,0.290112475557
1.8064516129,0.258064516129,0.272216751645,0.272216751645,0.272216751645,0.272216751645,0.272216530384
1.8064516129,0.387096774194,0.255660906481,0.255660906481,0.255660906481,0.255660906481,0.255660698677
1.8064516129,0.516129032258,0.240350373812,0.240350373812,0.240350373812,0.240350373812,0.240350178452
1.8064516129,0.645161290323,0.226191271987,0.226191271987,0.226191271987,0.226191271987,0.226191088136
1.8064516129,0.774193548387,0.213093861192,0.213093861192,0.213093861192,0.213093861192,0.213093687986
1.8064516129,0.903225806452,0.200973924062,0.200973924062,0.200973924062,0.200973924062,0.200973760708
1.8064516129,1.03225806452,0.189751385072,0.189751385072,0.189751385072,0.189751385072,0.18975123084
1.8064516129,1.16129032258,0.17935215135,0.17935215135,0.17935215135,0.17935215135,0.17935200557
1.8064516129,1.29032258065,0.169708112677,0.169708112677,0.169708112677,0.169708112677,0.169707974736
1.8064516129,1.41935483871,0.160756681286,0.160756681286,0.160756681286,0.160756681286,0.160756550621
1.8064516129,1.54838709677,0.152439411247,0.152439411247,0.152439411247,0.152439411247,0.152439287343
1.8064516129,1.67741935484,0.144703839285,0.144703839285,0.144703839285,0.144703839285,0.144703721667
1.8064516129,1.8064516129,0.13750164396,0.13750164396,0.13750164396,0.13750164396,0.137501532197
1.8064516129,1.93548387097,0.130789105876,0.130789105876,0.130789105876,0.130789105876,0.130788999569
1.93548387097,-1.93548387097,0.956579798192,0.956579798192,0.956579720271,0.956579798192,0.956579648984
1.93548387097,-1.8064516129,0.869802574097,0.869802574097,0.86980235228,0.869802671904,0.869802574097
1.93548387097,-1.67741935484,0.808325983697,0.808325983697,0.808325952104,0.808326082718,0.808325983697
1.93548387097,-1.54838709677,0.723709709132,0.723709709132,0.723709709132,0.723709947125,0.723709709132
1.93548387097,-1.41935483871,0.664781960262,0.664781960262,0.664781960262,0.664782193884,0.664781960262
1.93548387097,-1.29032258065,0.60794309819,0.60794309819,0.60794309819,0.0221070204082,0.60794309819
1.93548387097,-1.16129032258,0.553788875105,0.553788875105,0.553788875105,0.0208976938776,0.553788875105
1.93548387097,-1.03225806452,0.503704293835,0.503704293835,0.503704293835,0.503704389708,0.503704293835
1.93548387097,-0.903225806452,0.473531616268,0.473531616268,0.473531616268,0.473531847327,0.473531616268
1.93548387097,-0.774193548387,0.428960001666,0.428960001666,0.428960001666,0.428960001666,0.428960259349
1.93548387097,-0.645161290323,0.40252,0.40252,0.40252,0.40252002674,0.402520232794
1.93548387097,-0.516129032258,0.363672654411,0.363672654411,0.363672654411,0.363672654411,0.363672390369
1.93548387097,-0.387096774194,0.341800465908,0.341800465908,0.341800465908,0.341800465908,0.341800217746
1.93548387097,-0.258064516129,0.321290813483,0.321290813483,0.321290813483,0.321290813483,0.321290580213
1.93548387097,-0.129032258065,0.302113899171,0.302113899171,0.302113899171,0.302113899171,0.302113679823
1.93548387097,0.0,0.272153703673,0.272153703673,0.272153703673,0.272153703673,0.272153482463
1.93548387097,0.129032258065,0.256194743323,0.256194743323,0.256194743323,0.256194743323,0.256194535085
1.93548387097,0.258064516129,0.241345335237,0.241345335237,0.241345335237,0.241345335237,0.241345139068
1.93548387097,0.387096774194,0.227537369197,0.227537369197,0.227537369197,0.227537369197,0.227537184251
1.93548387097,0.516129032258,0.214702734985,0.214702734985,0.214702734985,0.214702734985,0.214702560471
1.93548387097,0.645161290323,0.202773782587,0.202773782587,0.202773782587,0.202773782587,0.20277361777
1.93548387097,0.774193548387,0.191685163012,0.191685163012,0.191685163012,0.191685163012,0.191685007208
1.93548387097,0.903225806452,0.181374748695,0.181374748695,0.181374748695,0.181374748695,0.181374601271
1.93548387097,1.03225806452,0.171783173298,0.171783173298,0.171783173298,0.171783173298,0.17178303367
1.93548387097,1.16129032258,0.162855672524,0.162855672524,0.162855672524,0.162855672524,0.162855540153
1.93548387097,1.29032258065,0.154540243302,0.154540243302,0.154540243302,0.154540243302,0.15454011769
1.93548387097,1.41935483871,0.146789024398,0.146789024398,0.146789024398,0.146789024398,0.146788905085
1.93548387097,1.54838709677,0.139558296414,0.139558296414,0.139558296414,0.139558296414,0.139558182979
1.93548387097,1.67741935484,0.132807561384,0.132807561384,0.132807561384,0.132807561384,0.132807453436
1.93548387097,1.8064516129,0.126498622361,0.126498622361,0.126498622361,0.126498622361,0.126498519541
1.93548387097,1.93548387097,0.12059788444,0.12059788444,0.12059788444,0.12059788444,0.120597786417
