-0.290322580645,-0.290322580645,1.2473014976,1.2473014976,1.2473014976,1.2473014976,1.24730048378
-0.290322580645,-0.270967741935,1.31544162864,1.31544162864,1.31544162864,1.31544162864,1.31544055944
-0.290322580645,-0.251612903226,1.38593800506,1.38593800506,1.38593800506,1.38593800506,1.38593687855
-0.290322580645,-0.232258064516,1.45830695225,1.45830695225,1.45830695225,1.45830695225,1.45830576692
-0.290322580645,-0.212903225806,1.53190418439,1.53190418439,1.53190418439,1.53190418439,1.53190293924
-0.290322580645,-0.193548387097,1.60591007784,1.60591007784,1.60591007784,1.60591007784,1.60590877253
-0.290322580645,-0.174193548387,1.67932000687,1.67932000687,1.67932000687,1.67932000687,1.6793186419
-0.290322580645,-0.154838709677,1.75094480392,1.75094480392,1.75094480392,1.75094480392,1.75094338073
-0.290322580645,-0.135483870968,1.81942870748,1.81942870748,1.81942870748,1.81942870748,1.81942722862
-0.290322580645,-0.116129032258,1.88328249684,1.88328249684,1.88328249684,1.88328249684,1.88328096609
-0.290322580645,-0.0967741935484,1.85917086247,1.85917086247,1.85917086247,1.85917086247,1.85917109239
-0.290322580645,-0.0774193548387,1.90696065941,1.90696065941,1.90696065941,1.90696065941,1.90696089523
-0.290322580645,-0.058064516129,1.94589268986,1.94589268986,1.94589268986,1.94589268986,1.9458929305
-0.290322580645,-0.0387096774194,1.97015544247,1.97015544247,1.97015544247,1.97015544247,1.97015652887
-0.290322580645,-0.0193548387097,1.98788493054,1.98788493054,1.98788493054,1.98788493054,1.98788602671
-0.290322580645,2.77555756156e-17,1.99395851053,1.99395851053,1.99395851053,1.99395851053,1.99395961006
-0.290322580645,0.0193548387097,1.9881611223,1.9881611223,1.9881611223,1.9881611223,1.98816221863
-0.290322580645,0.0387096774194,1.97069815049,1.97069815049,1.97069815049,1.97069815049,1.97069923718
-0.290322580645,0.058064516129,1.94668483709,1.94668483709,1.94668483709,1.94668483709,1.94668507783
-0.290322580645,0.0774193548387,1.90797497814,1.90797497814,1.90797497814,1.90797497814,1.9079752141
-0.290322580645,0.0967741935484,1.86037649556,1.86037649556,1.86037649556,1.86037649556,1.86037672563
-0.290322580645,0.116129032258,1.80530485109,1.80530485109,1.80530485109,1.80530485109,1.80530507434
-0.290322580645,0.135483870968,1.82097729453,1.82097729453,1.82097729453,1.82097729453,1.82097581441
-0.290322580645,0.154838709677,1.75258405119,1.75258405119,1.75258405119,1.75258405119,1.75258262667
-0.290322580645,0.174193548387,1.68101677966,1.68101677966,1.68101677966,1.68101677966,1.68101541331
-0.290322580645,0.193548387097,1.60763400267,1.60763400267,1.60763400267,1.60763400267,1.60763269597
-0.290322580645,0.212903225806,1.53362995004,1.53362995004,1.53362995004,1.53362995004,1.53362870349
-0.290322580645,0.232258064516,1.46001292913,1.46001292913,1.46001292913,1.46001292913,1.46001174241
-0.290322580645,0.251612903226,1.3876076258,1.3876076258,1.3876076258,1.3876076258,1.38760649793
-0.290322580645,0.270967741935,1.31706108713,1.31706108713,1.31706108713,1.31706108713,1.31706001661
-0.290322580645,0.290322580645,1.24886158975,1.24886158975,1.24886158975,1.24886158975,1.24886057466
-0.270967741935,-0.290322580645,1.33375545375,1.33375545375,1.33375545375,1.33375545375,1.33375436966
-0.270967741935,-0.270967741935,1.41196577253,1.41196577253,1.41196577253,1.41196577253,1.41196462487
-0.270967741935,-0.251612903226,1.49350935014,1.49350935014,1.49350935014,1.49350935014,1.4935081362
-0.270967741935,-0.232258064516,1.57789054669,1.57789054669,1.57789054669,1.57789054669,1.57788926416
-0.270967741935,-0.212903225806,1.66441215286,1.66441215286,1.66441215286,1.66441215286,1.6644108
-0.270967741935,-0.193548387097,1.75214225518,1.75214225518,1.75214225518,1.75214225518,1.75214083102
-0.270967741935,-0.174193548387,1.83989674833,1.83989674833,1.83989674833,1.83989674833,1.83989525284
-0.270967741935,-0.154838709677,1.92622736976,1.92622736976,1.92622736976,1.92622736976,1.9262258041
-0.270967741935,-0.135483870968,2.00943596607,2.00943596607,2.00943596607,2.00943596607,2.0094352558
-0.270967741935,-0.116129032258,1.99966304407,1.99966304407,1.99966304407,1.99966304407,1.99966329136
-0.270967741935,-0.0967741935484,2.06775288103,2.06775288103,2.06775288103,2.06775288103,2.06775313674
-0.270967741935,-0.0774193548387,2.12211456674,2.12211456674,2.12211456674,2.12211456674,2.12211573693
-0.270967741935,-0.058064516129,2.17055543529,2.17055543529,2.17055543529,2.17055543529,2.1705566322
-0.270967741935,-0.0387096774194,2.20658130822,2.20658130822,2.20658130822,2.20658130822,2.20658252499
-0.270967741935,-0.0193548387097,2.22884685017,2.22884685017,2.22884685017,2.22884685017,2.22884807921
-0.270967741935,2.77555756156e-17,2.236486543,2.236486543,2.236486543,2.236486543,2.23648777626
-0.270967741935,0.0193548387097,2.22919736742,2.22919736742,2.22919736742,2.22919736742,2.22919859666
-0.270967741935,0.0387096774194,2.20726870905,2.20726870905,2.20726870905,2.20726870905,2.2072699262
-0.270967741935,0.058064516129,2.17155333196,2.17155333196,2.17155333196,2.17155333196,2.17155452942
-0.270967741935,0.0774193548387,2.1233864562,2.1233864562,2.1233864562,2.1233864562,2.12338762709
-0.270967741935,0.0967741935484,2.06925915096,2.06925915096,2.06925915096,2.06925915096,2.06925940686
-0.270967741935,0.116129032258,2.0013535753,2.0013535753,2.0013535753,2.0013535753,2.0013538228
-0.270967741935,0.135483870968,1.92660917266,1.92660917266,1.92660917266,1.92660917266,1.92660941092
-0.270967741935,0.154838709677,1.92823109873,1.92823109873,1.92823109873,1.92823109873,1.92822953144
-0.270967741935,0.174193548387,1.84195386099,1.84195386099,1.84195386099,1.84195386099,1.84195236382
-0.270967741935,0.193548387097,1.75421547499,1.75421547499,1.75421547499,1.75421547499,1.75421404914
-0.270967741935,0.212903225806,1.66646972572,1.66646972572,1.66646972572,1.66646972572,1.66646837119
-0.270967741935,0.232258064516,1.57990808179,1.57990808179,1.57990808179,1.57990808179,1.57990679762
-0.270967741935,0.251612903226,1.49546751891,1.49546751891,1.49546751891,1.49546751891,1.49546630337
-0.270967741935,0.270967741935,1.41385076883,1.41385076883,1.41385076883,1.41385076883,1.41384961963
-0.270967741935,0.290322580645,1.3355576133,1.3355576133,1.3355576133,1.3355576133,1.33555652774
-0.251612903226,-0.290322580645,1.42723672764,1.42723672764,1.42723672764,1.42723672764,1.42723556757
-0.251612903226,-0.270967741935,1.51716522531,1.51716522531,1.51716522531,1.51716522531,1.51716399213
-0.251612903226,-0.251612903226,1.61171969533,1.61171969533,1.61171969533,1.61171969533,1.6117183853
-0.251612903226,-0.232258064516,1.71042980904,1.71042980904,1.71042980904,1.71042980904,1.71042841878
-0.251612903226,-0.212903225806,1.81256844386,1.81256844386,1.81256844386,1.81256844386,1.81256697058
-0.251612903226,-0.193548387097,1.91710382201,1.91710382201,1.91710382201,1.91710382201,1.91710226376
-0.251612903226,-0.174193548387,2.02265901261,2.02265901261,2.02265901261,2.02265901261,2.02265736856
-0.251612903226,-0.154838709677,2.12748247857,2.12748247857,2.12748247857,2.12748247857,2.12748074933
-0.251612903226,-0.135483870968,2.13552533011,2.13552533011,2.13552533011,2.13552533011,2.1355255942
-0.251612903226,-0.116129032258,2.22809811473,2.22809811473,2.22809811473,2.22809811473,2.22809839027
-0.251612903226,-0.0967741935484,2.30760987992,2.30760987992,2.30760987992,2.30760987992,2.30761115239
-0.251612903226,-0.0774193548387,2.38187467823,2.38187467823,2.38187467823,2.38187467823,2.38187599166
-0.251612903226,-0.058064516129,2.44307314334,2.44307314334,2.44307314334,2.44307314334,2.44307449051
-0.251612903226,-0.0387096774194,2.48881058711,2.48881058711,2.48881058711,2.48881058711,2.4888119595
-0.251612903226,-0.0193548387097,2.51717477741,2.51717477741,2.51717477741,2.51717477741,2.51717616545
-0.251612903226,2.77555756156e-17,2.52692549008,2.52692549008,2.52692549008,2.52692549008,2.5269268835
-0.251612903226,0.0193548387097,2.51762644769,2.51762644769,2.51762644769,2.51762644769,2.51762783598
-0.251612903226,0.0387096774194,2.48969413687,2.48969413687,2.48969413687,2.48969413687,2.48969550975
-0.251612903226,0.058064516129,2.44434987054,2.44434987054,2.44434987054,2.44434987054,2.44435121842
-0.251612903226,0.0774193548387,2.38349312677,2.38349312677,2.38349312677,2.38349312677,2.38349444109
-0.251612903226,0.0967741935484,2.30950891818,2.30950891818,2.30950891818,2.30950891818,2.3095101917
-0.251612903226,0.116129032258,2.23021800121,2.23021800121,2.23021800121,2.23021800121,2.23021827701
-0.251612903226,0.135483870968,2.1377977391,2.1377977391,2.1377977391,2.1377977391,2.13779800347
-0.251612903226,0.154838709677,2.12995147397,2.12995147397,2.12995147397,2.12995147397,2.12994974271
-0.251612903226,0.174193548387,2.02516988658,2.02516988658,2.02516988658,2.02516988658,2.0251682405
-0.251612903226,0.193548387097,1.91961009394,1.91961009394,1.91961009394,1.91961009394,1.91960853365
-0.251612903226,0.212903225806,1.81503283721,1.81503283721,1.81503283721,1.81503283721,1.81503136193
-0.251612903226,0.232258064516,1.71282379116,1.71282379116,1.71282379116,1.71282379116,1.71282239895
-0.251612903226,0.251612903226,1.61402301722,1.61402301722,1.61402301722,1.61402301722,1.61402170532
-0.251612903226,0.270967741935,1.51936316044,1.51936316044,1.51936316044,1.51936316044,1.51936192548
-0.251612903226,0.290322580645,1.42932099235,1.42932099235,1.42932099235,1.42932099235,1.42931983058
-0.232258064516,-0.290322580645,1.5281015173,1.5281015173,1.5281015173,1.5281015173,1.52810027524
-0.232258064516,-0.270967741935,1.63165205852,1.63165205852,1.63165205852,1.63165205852,1.63165073229
-0.232258064516,-0.251612903226,1.74153270815,1.74153270815,1.74153270815,1.74153270815,1.74153129261
-0.232258064516,-0.232258064516,1.85735643449,1.85735643449,1.85735643449,1.85735643449,1.85735492481
-0.232258064516,-0.212903225806,1.97841866494,1.97841866494,1.97841866494,1.97841866494,1.97841705686
-0.232258064516,-0.193548387097,2.10362181255,2.10362181255,2.10362181255,2.10362181255,2.1036201027
-0.232258064516,-0.174193548387,2.23140118313,2.23140118313,2.23140118313,2.23140118313,2.23139936942
-0.232258064516,-0.154838709677,2.3596651487,2.3596651487,2.3596651487,2.3596651487,2.35966323073
-0.232258064516,-0.135483870968,2.38104203962,2.38104203962,2.38104203962,2.38104203962,2.38104233408
-0.232258064516,-0.116129032258,2.49092160695,2.49092160695,2.49092160695,2.49092160695,2.49092298051
-0.232258064516,-0.0967741935484,2.59773041484,2.59773041484,2.59773041484,2.59773041484,2.5977318473
-0.232258064516,-0.0774193548387,2.69222757912,2.69222757912,2.69222757912,2.69222757912,2.69222906368
-0.232258064516,-0.058064516129,2.77067835385,2.77067835385,2.77067835385,2.77067835385,2.77067988168
-0.232258064516,-0.0387096774194,2.82965585017,2.82965585017,2.82965585017,2.82965585017,2.82965741052
-0.232258064516,-0.0193548387097,2.86638099842,2.86638099842,2.86638099842,2.86638099842,2.86638257901
-0.232258064516,2.77555756156e-17,2.87903436337,2.87903436337,2.87903436337,2.87903436337,2.87903595094
-0.232258064516,0.0193548387097,2.86697252377,2.86697252377,2.86697252377,2.86697252377,2.86697410469
-0.232258064516,0.0387096774194,2.83080855496,2.83080855496,2.83080855496,2.83080855496,2.83081011594
-0.232258064516,0.058064516129,2.77233682381,2.77233682381,2.77233682381,2.77233682381,2.77233835255
-0.232258064516,0.0774193548387,2.69431572957,2.69431572957,2.69431572957,2.69431572957,2.69431721529
-0.232258064516,0.0967741935484,2.60016072643,2.60016072643,2.60016072643,2.60016072643,2.60016216022
-0.232258064516,0.116129032258,2.49360348173,2.49360348173,2.49360348173,2.49360348173,2.49360485677
-0.232258064516,0.135483870968,2.38389456311,2.38389456311,2.38389456311,2.38389456311,2.38389485791
-0.232258064516,0.154838709677,2.26319416012,2.26319416012,2.26319416012,2.26319416012,2.26319444
-0.232258064516,0.174193548387,2.23448731232,2.23448731232,2.23448731232,2.23448731232,2.2344854961
-0.232258064516,0.193548387097,2.10666928459,2.10666928459,2.10666928459,2.10666928459,2.10666757226
-0.232258064516,0.212903225806,1.98138422064,1.98138422064,1.98138422064,1.98138422064,1.98138261014
-0.232258064516,0.232258064516,1.86020785955,1.86020785955,1.86020785955,1.86020785955,1.86020634755
-0.232258064516,0.251612903226,1.74424837298,1.74424837298,1.74424837298,1.74424837298,1.74424695524
-0.232258064516,0.270967741935,1.6342190774,1.6342190774,1.6342190774,1.6342190774,1.63421774909
-0.232258064516,0.290322580645,1.53051436779,1.53051436779,1.53051436779,1.53051436779,1.53051312376
-0.212903225806,-0.290322580645,1.63660983809,1.63660983809,1.63660983809,1.63660983809,1.63660850783
-0.212903225806,-0.270967741935,1.75596333044,1.75596333044,1.75596333044,1.75596333044,1.75596190317
-0.212903225806,-0.251612903226,1.88388306329,1.88388306329,1.88388306329,1.88388306329,1.88388153204
-0.212903225806,-0.232258064516,2.02015734272,2.02015734272,2.02015734272,2.02015734272,2.02015570071
-0.212903225806,-0.212903225806,2.16419664718,2.16419664718,2.16419664718,2.16419664718,2.16419488809
-0.212903225806,-0.193548387097,2.31491443461,2.31491443461,2.31491443461,2.31491443461,2.31491255301
-0.212903225806,-0.174193548387,2.47060426794,2.47060426794,2.47060426794,2.47060426794,2.4706022598
-0.212903225806,-0.154838709677,2.51807028527,2.51807028527,2.51807028527,2.51807028527,2.51807059667
-0.212903225806,-0.135483870968,2.66890446246,2.66890446246,2.66890446246,2.66890446246,2.66890479251
-0.212903225806,-0.116129032258,2.8085650028,2.8085650028,2.8085650028,2.8085650028,2.80856655152
-0.212903225806,-0.0967741935484,2.94510092818,2.94510092818,2.94510092818,2.94510092818,2.94510255218
-0.212903225806,-0.0774193548387,3.06715701665,3.06715701665,3.06715701665,3.06715701665,3.06715870796
-0.212903225806,-0.058064516129,3.16939854516,3.16939854516,3.16939854516,3.16939854516,3.16940029285
-0.212903225806,-0.0387096774194,3.2468122814,3.2468122814,3.2468122814,3.2468122814,3.24681407178
-0.212903225806,-0.0193548387097,3.29526062648,3.29526062648,3.29526062648,3.29526062648,3.29526244357
-0.212903225806,2.77555756156e-17,3.31199881482,3.31199881482,3.31199881482,3.31199881482,3.31200064114
-0.212903225806,0.0193548387097,3.29605005994,3.29605005994,3.29605005994,3.29605005994,3.29605187747
-0.212903225806,0.0387096774194,3.24834496976,3.24834496976,3.24834496976,3.24834496976,3.24834676098
-0.212903225806,0.058064516129,3.17158960783,3.17158960783,3.17158960783,3.17158960783,3.17159135673
-0.212903225806,0.0774193548387,3.06989386591,3.06989386591,3.06989386591,3.06989386591,3.06989555873
-0.212903225806,0.0967741935484,2.94825514365,2.94825514365,2.94825514365,2.94825514365,2.9482567694
-0.212903225806,0.116129032258,2.81200772432,2.81200772432,2.81200772432,2.81200772432,2.81200927494
-0.212903225806,0.135483870968,2.6663359208,2.6663359208,2.6663359208,2.6663359208,2.66633739109
-0.212903225806,0.154838709677,2.5217528662,2.5217528662,2.5217528662,2.5217528662,2.52175317805
-0.212903225806,0.174193548387,2.47442442279,2.47442442279,2.47442442279,2.47442442279,2.47442241154
-0.212903225806,0.193548387097,2.31864162821,2.31864162821,2.31864162821,2.31864162821,2.31863974359
-0.212903225806,0.212903225806,2.16777979687,2.16777979687,2.16777979687,2.16777979687,2.16777803487
-0.212903225806,0.232258064516,2.02356331381,2.02356331381,2.02356331381,2.02356331381,2.02356166903
-0.212903225806,0.251612903226,1.887092067,1.887092067,1.887092067,1.887092067,1.88709053314
-0.212903225806,0.270967741935,1.75896616268,1.75896616268,1.75896616268,1.75896616268,1.75896473296
-0.212903225806,0.290322580645,1.63940465804,1.63940465804,1.63940465804,1.63940465804,1.63940332551
-0.193548387097,-0.290322580645,1.75287351962,1.75287351962,1.75287351962,1.75287351962,1.75287209486
-0.193548387097,-0.270967741935,1.89050125952,1.89050125952,1.89050125952,1.89050125952,1.89049972289
-0.193548387097,-0.251612903226,2.03960695173,2.03960695173,2.03960695173,2.03960695173,2.03960529391
-0.193548387097,-0.232258064516,2.20030426668,2.20030426668,2.20030426668,2.20030426668,2.20030247824
-0.193548387097,-0.212903225806,2.37227336246,2.37227336246,2.37227336246,2.37227336246,2.37227143424
-0.193548387097,-0.193548387097,2.55458922869,2.55458922869,2.55458922869,2.55458922869,2.55458715229
-0.193548387097,-0.174193548387,2.74551827625,2.74551827625,2.74551827625,2.74551827625,2.74551604465
-0.193548387097,-0.154838709677,2.8183522718,2.8183522718,2.8183522718,2.8183522718,2.81835262033
-0.193548387097,-0.135483870968,3.001701768,3.001701768,3.001701768,3.001701768,3.00170342321
-0.193548387097,-0.116129032258,3.18834230943,3.18834230943,3.18834230943,3.18834230943,3.18834406757
-0.193548387097,-0.0967741935484,3.36546830854,3.36546830854,3.36546830854,3.36546830854,3.36547016435
-0.193548387097,-0.0774193548387,3.52580730198,3.52580730198,3.52580730198,3.52580730198,3.5258092462
-0.193548387097,-0.058064516129,3.66159381531,3.66159381531,3.66159381531,3.66159381531,3.66159583441
-0.193548387097,-0.0387096774194,3.76531745567,3.76531745567,3.76531745567,3.76531745567,3.76531953196
-0.193548387097,-0.0193548387097,3.83063592783,3.83063592783,3.83063592783,3.83063592783,3.83063804014
-0.193548387097,2.77555756156e-17,3.85327837477,3.85327837477,3.85327837477,3.85327837477,3.85328049957
-0.193548387097,0.0193548387097,3.83171298774,3.83171298774,3.83171298774,3.83171298774,3.83171510065
-0.193548387097,0.0387096774194,3.76739856939,3.76739856939,3.76739856939,3.76739856939,3.76740064683
-0.193548387097,0.058064516129,3.66454660431,3.66454660431,3.66454660431,3.66454660431,3.66454862504
-0.193548387097,0.0774193548387,3.52945848671,3.52945848671,3.52945848671,3.52945848671,3.52946043294
-0.193548387097,0.0967741935484,3.36962745742,3.36962745742,3.36962745742,3.36962745742,3.36962931552
-0.193548387097,0.116129032258,3.19282250924,3.19282250924,3.19282250924,3.19282250924,3.19282426985
-0.193548387097,0.135483870968,3.00633545654,3.00633545654,3.00633545654,3.00633545654,3.00633711431
-0.193548387097,0.154838709677,2.82301037961,2.82301037961,2.82301037961,2.82301037961,2.82301072872
-0.193548387097,0.174193548387,2.75028230986,2.75028230986,2.75028230986,2.75028230986,2.75028007439
-0.193548387097,0.193548387097,2.55917240206,2.55917240206,2.55917240206,2.55917240206,2.55917032193
-0.193548387097,0.212903225806,2.37662091129,2.37662091129,2.37662091129,2.37662091129,2.37661897954
-0.193548387097,0.232258064516,2.20438443688,2.20438443688,2.20438443688,2.20438443688,2.20438264513
-0.193548387097,0.251612903226,2.04340501678,2.04340501678,2.04340501678,2.04340501678,2.04340335587
-0.193548387097,0.270967741935,1.89401537859,1.89401537859,1.89401537859,1.89401537859,1.89401383911
-0.193548387097,0.290322580645,1.75611059578,1.75611059578,1.75611059578,1.75611059578,1.75610916839
-0.174193548387,-0.290322580645,1.87678993635,1.87678993635,1.87678993635,1.87678993635,1.87678841087
-0.174193548387,-0.270967741935,2.03544624579,2.03544624579,2.03544624579,2.03544624579,2.03544459135
-0.174193548387,-0.251612903226,2.20934543788,2.20934543788,2.20934543788,2.20934543788,2.2093436421
-0.174193548387,-0.232258064516,2.39914882603,2.39914882603,2.39914882603,2.39914882603,2.39914687596
-0.174193548387,-0.212903225806,2.60506120108,2.60506120108,2.60506120108,2.60506120108,2.60505908365
-0.174193548387,-0.193548387097,2.82658692315,2.82658692315,2.82658692315,2.82658692315,2.82658462566
-0.174193548387,-0.174193548387,3.06221652254,3.06221652254,3.06221652254,3.06221652254,3.06221403353
-0.174193548387,-0.154838709677,3.16966185235,3.16966185235,3.16966185235,3.16966185235,3.16966224433
-0.174193548387,-0.135483870968,3.4045270133,3.4045270133,3.4045270133,3.4045270133,3.40452889065
-0.174193548387,-0.116129032258,3.64664779486,3.64664779486,3.64664779486,3.64664779486,3.64664980571
-0.174193548387,-0.0967741935484,3.88022554301,3.88022554301,3.88022554301,3.88022554301,3.88022768266
-0.174193548387,-0.0774193548387,4.09493517176,4.09493517176,4.09493517176,4.09493517176,4.09493742982
-0.174193548387,-0.058064516129,4.27924831383,4.27924831383,4.27924831383,4.27924831383,4.27925067352
-0.174193548387,-0.0387096774194,4.42160317742,4.42160317742,4.42160317742,4.42160317742,4.42160561561
-0.174193548387,-0.0193548387097,4.51195658568,4.51195658568,4.51195658568,4.51195658568,4.51195907369
-0.174193548387,2.77555756156e-17,4.54340990168,4.54340990168,4.54340990168,4.54341129034,4.54341240703
-0.174193548387,0.0193548387097,4.51346464548,4.51346464548,4.51346464548,4.51346602499,4.51346713432
-0.174193548387,0.0387096774194,4.42450055215,4.42450055215,4.42450055215,4.42450055215,4.42450299194
-0.174193548387,0.058064516129,4.28332038313,4.28332038313,4.28332038313,4.28332038313,4.28332274507
-0.174193548387,0.0774193548387,4.09990794287,4.09990794287,4.09990794287,4.09990794287,4.09991020366
-0.174193548387,0.0967741935484,3.88580831089,3.88580831089,3.88580831089,3.88580831089,3.88581045362
-0.174193548387,0.116129032258,3.65256612693,3.65256612693,3.65256612693,3.65256612693,3.65256814105
-0.174193548387,0.135483870968,3.41054605861,3.41054605861,3.41054605861,3.41054605861,3.41054793928
-0.174193548387,0.154838709677,3.17561111166,3.17561111166,3.17561111166,3.17561111166,3.17561150437
-0.174193548387,0.174193548387,3.06820055742,3.06820055742,3.06820055742,3.06820055742,3.06819806355
-0.174193548387,0.193548387097,2.83225203653,2.83225203653,2.83225203653,2.83225203653,2.83224973444
-0.174193548387,0.212903225806,2.61035492969,2.61035492969,2.61035492969,2.61035492969,2.61035280796
-0.174193548387,0.232258064516,2.40404677905,2.40404677905,2.40404677905,2.40404677905,2.40404482501
-0.174193548387,0.251612903226,2.2138453143,2.2138453143,2.2138453143,2.2138453143,2.21384351485
-0.174193548387,0.270967741935,2.03955909049,2.03955909049,2.03955909049,2.03955909049,2.03955743271
-0.174193548387,0.290322580645,1.88053645854,1.88053645854,1.88053645854,1.88053645854,1.88053493001
-0.154838709677,-0.290322580645,2.00796055149,2.00796055149,2.00796055149,2.00796055149,2.00795891939
-0.154838709677,-0.270967741935,2.19065010351,2.19065010351,2.19065010351,2.19065010351,2.19064832292
-0.154838709677,-0.251612903226,2.39340271671,2.39340271671,2.39340271671,2.39340271671,2.39340077132
-0.154838709677,-0.232258064516,2.61775547302,2.61775547302,2.61775547302,2.61775547302,2.61775334527
-0.154838709677,-0.212903225806,2.86483771349,2.86483771349,2.86483771349,2.86483771349,2.86483538491
-0.154838709677,-0.193548387097,3.13504199228,3.13504199228,3.13504199228,3.13504199228,3.13503944408
-0.154838709677,-0.174193548387,3.42756939495,3.42756939495,3.42756939495,3.42756939495,3.42756660897
-0.154838709677,-0.154838709677,3.58229165108,3.58229165108,3.58229165108,3.58229165108,3.58229209409
-0.154838709677,-0.135483870968,3.88648823519,3.88648823519,3.88648823519,3.88648823519,3.8864903783
-0.154838709677,-0.116129032258,4.20522804198,4.20522804198,4.20522804198,4.20522804198,4.20523036085
-0.154838709677,-0.0967741935484,4.51892822869,4.51892822869,4.51892822869,4.51892822869,4.51893072055
-0.154838709677,-0.0774193548387,4.81282397076,4.81282397076,4.81282397076,4.81282397076,4.81282662468
-0.154838709677,-0.058064516129,5.06946065248,5.06946065248,5.06946065248,5.06946065248,5.06946344791
-0.154838709677,-0.0387096774194,5.2704891135,5.2704891135,5.2704891135,5.2704907244,5.27049201979
-0.154838709677,-0.0193548387097,5.16136040705,5.16136040705,5.16136040705,5.16136040705,5.16136040705
-0.154838709677,2.77555756156e-17,5.20448630502,5.20448630502,5.20448630502,5.20448630502,5.20448630502
-0.154838709677,0.0193548387097,5.1634439503,5.1634439503,5.1634439503,5.1634439503,5.1634439503
-0.154838709677,0.0387096774194,5.04212253955,5.04212253955,5.04212253955,5.04212253955,5.04212253955
-0.154838709677,0.058064516129,5.07522989378,5.07522989378,5.07522989378,5.07523144499,5.07523269239
-0.154838709677,0.0774193548387,4.81975955052,4.81975955052,4.81975955052,4.81975955052,4.81976220826
-0.154838709677,0.0967741935484,4.52657319908,4.52657319908,4.52657319908,4.52657319908,4.52657569515
-0.154838709677,0.116129032258,4.21317383269,4.21317383269,4.21317383269,4.21317383269,4.21317615594
-0.154838709677,0.135483870968,3.89440763816,3.89440763816,3.89440763816,3.89440763816,3.89440978563
-0.154838709677,0.154838709677,3.58996406203,3.58996406203,3.58996406203,3.58996406203,3.58996450599
-0.154838709677,0.174193548387,3.4351388332,3.4351388332,3.4351388332,3.4351388332,3.43513604108
-0.154838709677,0.193548387097,3.1420785141,3.1420785141,3.1420785141,3.1420785141,3.14207596018
-0.154838709677,0.212903225806,2.87130128112,2.87130128112,2.87130128112,2.87130128112,2.87129894728
-0.154838709677,0.232258064516,2.62364286502,2.62364286502,2.62364286502,2.62364286502,2.62364073249
-0.154838709677,0.251612903226,2.39873418206,2.39873418206,2.39873418206,2.39873418206,2.39873223234
-0.154838709677,0.270967741935,2.19545969734,2.19545969734,2.19545969734,2.19545969734,2.19545791284
-0.154838709677,0.290322580645,2.01229015236,2.01229015236,2.01229015236,2.01229015236,2.01228851674
-0.135483870968,-0.290322580645,2.14559565466,2.14559565466,2.14559565466,2.14559565466,2.14559391069
-0.135483870968,-0.270967741935,2.35549846011,2.35549846011,2.35549846011,2.35549846011,2.35549654553
-0.135483870968,-0.251612903226,2.59156065143,2.59156065143,2.59156065143,2.59156065143,2.59155854497
-0.135483870968,-0.232258064516,2.85666172613,2.85666172613,2.85666172613,2.85666172613,2.8566594042
-0.135483870968,-0.212903225806,3.15346074394,3.15346074394,3.15346074394,3.15346074394,3.15345818077
-0.135483870968,-0.193548387097,3.48399640935,3.48399640935,3.48399640935,3.48399640935,3.48399357751
-0.135483870968,-0.174193548387,3.84906579598,3.84906579598,3.84906579598,3.84906579598,3.84906266741
-0.135483870968,-0.154838709677,4.06840203158,4.06840203158,4.06840203158,4.06840203158,4.0684025347
-0.135483870968,-0.135483870968,4.46688235397,4.46688235397,4.46688235397,4.46688235397,4.46688481713
-0.135483870968,-0.116129032258,4.89315795111,4.89315795111,4.89315795111,4.89315795111,4.89316064932
-0.135483870968,-0.0967741935484,5.32314630438,5.32314630438,5.32314630438,5.32314630438,5.32314923971
-0.135483870968,-0.0774193548387,5.73574469194,5.73574469194,5.73574469194,5.73574469194,5.73574785478
-0.135483870968,-0.058064516129,5.83493975515,5.83493975515,5.83493975515,5.83493975515,5.83493975515
-0.135483870968,-0.0387096774194,6.11583005738,6.11583005738,6.11583005738,6.11583005738,6.11583005738
-0.135483870968,-0.0193548387097,6.28306538763,6.28306538763,6.28306538763,6.28306935559,6.28306538763
-0.135483870968,2.77555756156e-17,6.34726186913,6.34726186913,6.34726186913,6.34726587763,6.34726186913
-0.135483870968,0.0193548387097,6.28618982441,6.28618982441,6.28618982441,6.28619379435,6.28618982441
-0.135483870968,0.0387096774194,6.12173973605,6.12173973605,6.12173973605,6.12173973605,6.12173973605
-0.135483870968,0.058064516129,5.84301201383,5.84301201383,5.84301201383,5.84301201383,5.84301201383
-0.135483870968,0.0774193548387,5.74568979436,5.74568979436,5.74568979436,5.7456915505,5.74569296269
-0.135483870968,0.0967741935484,5.33385665149,5.33385665149,5.33385665149,5.33385665149,5.33385959272
-0.135483870968,0.116129032258,4.90402002777,4.90402002777,4.90402002777,4.90402002777,4.90402273197
-0.135483870968,0.135483870968,4.4774444899,4.4774444899,4.4774444899,4.4774444899,4.47744695888
-0.135483870968,0.154838709677,4.07839313725,4.07839313725,4.07839313725,4.07839313725,4.07839364161
-0.135483870968,0.174193548387,3.8587033918,3.8587033918,3.8587033918,3.8587033918,3.85870025539
-0.135483870968,0.193548387097,3.49276974172,3.49276974172,3.49276974172,3.49276974172,3.49276690275
-0.135483870968,0.212903225806,3.16136705165,3.16136705165,3.16136705165,3.16136705165,3.16136448205
-0.135483870968,0.232258064516,2.86373920613,2.86373920613,2.86373920613,2.86373920613,2.86373687844
-0.135483870968,0.251612903226,2.59787097106,2.59787097106,2.59787097106,2.59787097106,2.59786885948
-0.135483870968,0.270967741935,2.36111249083,2.36111249083,2.36111249083,2.36111249083,2.36111057169
-0.135483870968,0.290322580645,2.15058564852,2.15058564852,2.15058564852,2.15058564852,2.1505839005
-0.116129032258,-0.290322580645,2.28840989561,2.28840989561,2.28840989561,2.28840989561,2.28840803556
-0.116129032258,-0.270967741935,2.52875336636,2.52875336636,2.52875336636,2.52875336636,2.52875131095
-0.116129032258,-0.251612903226,2.80284176838,2.80284176838,2.80284176838,2.80284176838,2.80283949019
-0.116129032258,-0.232258064516,3.1155408404,3.1155408404,3.1155408404,3.1155408404,3.11553830805
-0.116129032258,-0.212903225806,3.47193077631,3.47193077631,3.47193077631,3.47193077631,3.47192795428
-0.116129032258,-0.193548387097,3.87689112096,3.87689112096,3.87689112096,3.87689112096,3.87688796977
-0.116129032258,-0.174193548387,4.33435385881,4.33435385881,4.33435385881,4.33435385881,4.33435033579
-0.116129032258,-0.154838709677,4.84606500451,4.84606500451,4.84606500451,4.84606500451,4.84606106556
-0.116129032258,-0.135483870968,5.1698062213,5.1698062213,5.1698062213,5.1698062213,5.16980907207
-0.116129032258,-0.116129032258,5.74951513822,5.74951513822,5.74951513822,5.74951513822,5.74951830866
-0.116129032258,-0.0967741935484,6.35246550398,6.35246550398,6.35246550398,6.35246550398,6.35246900689
-0.116129032258,-0.0774193548387,6.94901420207,6.94901420207,6.94901420207,6.949016326,6.94901803394
-0.116129032258,-0.058064516129,7.16654418719,7.16654418719,7.16654418719,7.16654418719,7.16654418719
-0.116129032258,-0.0387096774194,7.57655621347,7.57655621347,7.57655621347,7.57656099831,7.57655621347
-0.116129032258,-0.0193548387097,7.85943307382,7.85943307382,7.85943307382,7.85943803731,7.85943307382
-0.116129032258,2.77555756156e-17,7.96016491568,7.96016491568,7.96016491568,7.96016994279,7.96016491568
-0.116129032258,0.0193548387097,7.86436842578,7.86436842578,7.86436842578,7.86437339238,7.86436842578
-0.116129032258,0.0387096774194,7.58573408925,7.58573408925,7.58573408925,7.58573887988,7.58573408925
-0.116129032258,0.058064516129,7.17883776503,7.17883776503,7.17883776503,7.17883776503,7.17883776503
-0.116129032258,0.0774193548387,6.65676850279,6.65676850279,6.65676850279,6.65676850279,6.65676850279
-0.116129032258,0.0967741935484,6.3678653937,6.3678653937,6.3678653937,6.3678653937,6.3678689051
-0.116129032258,0.116129032258,5.76465642801,5.76465642801,5.76465642801,5.76465642801,5.7646596068
-0.116129032258,0.135483870968,5.18409034907,5.18409034907,5.18409034907,5.18409034907,5.18409320772
-0.116129032258,0.154838709677,4.65503928938,4.65503928938,4.65503928938,4.65503928938,4.65503986505
-0.116129032258,0.174193548387,4.34669193272,4.34669193272,4.34669193272,4.34669193272,4.34668839967
-0.116129032258,0.193548387097,3.88785870684,3.88785870684,3.88785870684,3.88785870684,3.88785554673
-0.116129032258,0.212903225806,3.48160610887,3.48160610887,3.48160610887,3.48160610887,3.48160327897
-0.116129032258,0.232258064516,3.12403943089,3.12403943089,3.12403943089,3.12403943089,3.12403689163
-0.116129032258,0.251612903226,2.81029247396,2.81029247396,2.81029247396,2.81029247396,2.81029018971
-0.116129032258,0.270967741935,2.53528412379,2.53528412379,2.53528412379,2.53528412379,2.53528206308
-0.116129032258,0.290322580645,2.29413989778,2.29413989778,2.29413989778,2.29413989778,2.29413803307
-0.0967741935484,-0.290322580645,2.43991765714,2.43991765714,2.43991765714,2.43991765714,2.4399176141
-0.0967741935484,-0.270967741935,2.70837335654,2.70837335654,2.70837335654,2.70837335654,2.70837115513
-0.0967741935484,-0.251612903226,3.02522485082,3.02522485082,3.02522485082,3.02522485082,3.02522239188
-0.0967741935484,-0.232258064516,3.39277013591,3.39277013591,3.39277013591,3.39277013591,3.39276737822
-0.0967741935484,-0.212903225806,3.81975815336,3.81975815336,3.81975815336,3.81975815336,3.81975504861
-0.0967741935484,-0.193548387097,4.31572525405,4.31572525405,4.31572525405,4.31572525405,4.31572174617
-0.0967741935484,-0.174193548387,4.89029338686,4.89029338686,4.89029338686,4.89029338686,4.89028941197
-0.0967741935484,-0.154838709677,5.55171631367,5.55171631367,5.55171631367,5.55171631367,5.55171180116
-0.0967741935484,-0.135483870968,6.03862690987,6.03862690987,6.03862690987,6.03862690987,6.03862765664
-0.0967741935484,-0.116129032258,6.82680550446,6.82680550446,6.82680550446,6.82680550446,6.82680926894
-0.0967741935484,-0.0967741935484,7.6939337305,7.6939337305,7.6939337305,7.6939337305,7.69393797314
-0.0967741935484,-0.0774193548387,8.20823467446,8.20823467446,8.20823467446,8.20823467446,8.20823467446
-0.0967741935484,-0.058064516129,9.00139584531,9.00139584531,9.00139584531,9.00140152998,9.00139584531
-0.0967741935484,-0.0387096774194,9.68966774908,9.68966774908,9.68966774908,9.68967386842,9.68966774908
-0.0967741935484,-0.0193548387097,10.1572445365,10.1572445365,10.1572445365,10.1572509511,10.1572445365
-0.0967741935484,2.77555756156e-17,10.3260815512,10.3260815512,10.3260815512,10.3260880725,10.3260815512
-0.0967741935484,0.0193548387097,10.1651302794,10.1651302794,10.1651302794,10.165136699,10.1651302794
-0.0967741935484,0.0387096774194,9.70482189655,9.70482189655,9.70482189655,9.70482802547,9.70482189655
-0.0967741935484,0.058064516129,9.02102443789,9.02102443789,9.02102443789,9.02103013496,9.02102443789
-0.0967741935484,0.0774193548387,8.22995422552,8.22995422552,8.22995422552,8.22995422552,8.22995422552
-0.0967741935484,0.0967741935484,7.71674329985,7.71674329985,7.71674329985,7.71674329985,7.71674755507
-0.0967741935484,0.116129032258,6.8483594568,6.8483594568,6.8483594568,6.8483594568,6.84836323317
-0.0967741935484,0.135483870968,6.04423065966,6.04423065966,6.04423065966,6.04423065966,6.04423399261
-0.0967741935484,0.154838709677,5.56988103262,5.56988103262,5.56988103262,5.56988103262,5.56987650535
-0.0967741935484,0.174193548387,4.90614880128,4.90614880128,4.90614880128,4.90614880128,4.90614481349
-0.0967741935484,0.193548387097,4.32944486089,4.32944486089,4.32944486089,4.32944486089,4.32944134186
-0.0967741935484,0.212903225806,3.83157987818,3.83157987818,3.83157987818,3.83157987818,3.83157676382
-0.0967741935484,0.232258064516,3.40294340939,3.40294340939,3.40294340939,3.40294340939,3.40294064343
-0.0967741935484,0.251612903226,3.0339866781,3.0339866781,3.0339866781,3.0339866781,3.03398421203
-0.0967741935484,0.270967741935,2.71593543153,2.71593543153,2.71593543153,2.71593543153,2.71593322398
-0.0967741935484,0.290322580645,2.44106606302,2.44106606302,2.44106606302,2.44106606302,2.44106407889
-0.0774193548387,-0.290322580645,2.69583410368,2.69583410368,2.69583410368,2.69583410368,2.69583214639
-0.0774193548387,-0.270967741935,2.89776128105,2.89776128105,2.89776128105,2.89776128105,2.89776122993
-0.0774193548387,-0.251612903226,3.26255933965,3.26255933965,3.26255933965,3.26255933965,3.2625592821
-0.0774193548387,-0.232258064516,3.68490452421,3.68490452421,3.68490452421,3.68490452421,3.68490152907
-0.0774193548387,-0.212903225806,4.19411400002,4.19411400002,4.19411400002,4.19411400002,4.19411059099
-0.0774193548387,-0.193548387097,4.79977352684,4.79977352684,4.79977352684,4.79977352684,4.79976962552
-0.0774193548387,-0.174193548387,5.52123883203,5.52123883203,5.52123883203,5.52123883203,5.52123434429
-0.0774193548387,-0.154838709677,6.37933277387,6.37933277387,6.37933277387,6.37933277387,6.37932758866
-0.0774193548387,-0.135483870968,7.39341706236,7.39341706236,7.39341706236,7.39341706236,7.39341105289
-0.0774193548387,-0.116129032258,8.19483827687,8.19483827687,8.19483827687,8.19483827687,8.19484279572
-0.0774193548387,-0.0967741935484,9.47698244799,9.47698244799,9.47698244799,9.47698244799,9.47698767385
-0.0774193548387,-0.0774193548387,10.3899230717,10.3899230717,10.3899230717,10.3899230717,10.3899230717
-0.0774193548387,-0.058064516129,11.7028220515,11.7028220515,11.7028220515,11.7028294422,11.7028220515
-0.0774193548387,-0.0387096774194,12.8935860092,12.8935860092,12.8935860092,12.8935941519,12.8935860092
-0.0774193548387,-0.0193548387097,13.0987657895,13.0987657895,13.0987657895,13.0987749307,13.0987657895
-0.0774193548387,2.77555756156e-17,13.3918948684,13.3918948684,13.3918948684,13.3919042142,13.3918948684
-0.0774193548387,0.0193548387097,13.109700985,13.109700985,13.109700985,13.1097101338,13.109700985
-0.0774193548387,0.0387096774194,12.9177263724,12.9177263724,12.9177263724,12.9177345304,12.9177263724
-0.0774193548387,0.058064516129,11.7363235628,11.7363235628,11.7363235628,11.7363309747,11.7363235628
-0.0774193548387,0.0774193548387,10.4250641559,10.4250641559,10.4250641559,10.4250641559,10.4250641559
-0.0774193548387,0.0967741935484,9.51192774264,9.51192774264,9.51192774264,9.51192774264,9.51193298776
-0.0774193548387,0.116129032258,8.22619791636,8.22619791636,8.22619791636,8.22619791636,8.22620245251
-0.0774193548387,0.135483870968,7.10920529023,7.10920529023,7.10920529023,7.10920529023,7.1092061694
-0.0774193548387,0.154838709677,6.4035473369,6.4035473369,6.4035473369,6.4035473369,6.40354213201
-0.0774193548387,0.174193548387,5.54164244429,5.54164244429,5.54164244429,5.54164244429,5.54163793997
-0.0774193548387,0.193548387097,4.81690416701,4.81690416701,4.81690416701,4.81690416701,4.81690025177
-0.0774193548387,0.212903225806,4.2084999825,4.2084999825,4.2084999825,4.2084999825,4.20849656177
-0.0774193548387,0.232258064516,3.69701755828,3.69701755828,3.69701755828,3.69701755828,3.6970145533
-0.0774193548387,0.251612903226,3.2655825879,3.2655825879,3.2655825879,3.2655825879,3.26557993359
-0.0774193548387,0.270967741935,2.90647842219,2.90647842219,2.90647842219,2.90647842219,2.90647837092
-0.0774193548387,0.290322580645,2.59452699397,2.59452699397,2.59452699397,2.59452699397,2.5945269482
-0.058064516129,-0.290322580645,2.84650704398,2.84650704398,2.84650704398,2.84650704398,2.84650497729
-0.058064516129,-0.270967741935,3.20988604423,3.20988604423,3.20988604423,3.20988604423,3.20988371372
-0.058064516129,-0.251612903226,3.64288607228,3.64288607228,3.64288607228,3.64288607228,3.6428834274
-0.058064516129,-0.232258064516,3.99495324406,3.99495324406,3.99495324406,3.99495324406,3.99495317359
-0.058064516129,-0.212903225806,4.58879062219,4.58879062219,4.58879062219,4.58879062219,4.58878689236
-0.058064516129,-0.193548387097,5.32379881582,5.32379881582,5.32379881582,5.32379881582,5.32379448857
-0.058064516129,-0.174193548387,6.22622100432,6.22622100432,6.22622100432,6.22622100432,6.22621594356
-0.058064516129,-0.154838709677,7.33954832296,7.33954832296,7.33954832296,7.33954832296,7.33954235728
-0.058064516129,-0.135483870968,8.71481833506,8.71481833506,8.71481833506,8.71481833506,8.71481125153
-0.058064516129,-0.116129032258,9.96663329866,9.96663329866,9.96663329866,9.96663329866,9.96663453119
-0.058064516129,-0.0967741935484,11.8965361916,11.8965361916,11.8965361916,11.8965361916,11.8965427516
-0.058064516129,-0.0774193548387,14.1757220689,14.1757220689,14.1757220689,14.1757264017,14.1757298858
-0.058064516129,-0.058064516129,15.8872191892,15.8872191892,15.8872191892,15.8872292225,15.8872191892
-0.058064516129,-0.0387096774194,18.1647171996,18.1647171996,18.1647171996,18.1647286712,18.1647171996
-0.058064516129,-0.0193548387097,18.9062020494,18.9062020494,18.9062020494,18.9061989367,18.9062020494
-0.058064516129,2.77555756156e-17,19.5247455032,19.5247455032,19.5247455032,19.5247422887,19.5247455032
-0.058064516129,0.0193548387097,18.9292850214,18.9292850214,18.9292850214,18.9292819049,18.9292850214
-0.058064516129,0.0387096774194,17.3674736263,17.3674736263,17.3674736263,17.3674857465,17.3674736263
-0.058064516129,0.058064516129,15.9480639259,15.9480639259,15.9480639259,15.9480739976,15.9480639259
-0.058064516129,0.0774193548387,13.6111889845,13.6111889845,13.6111889845,13.6111889845,13.6111889845
-0.058064516129,0.0967741935484,11.9521527684,11.9521527684,11.9521527684,11.9521527684,11.9521593591
-0.058064516129,0.116129032258,9.99018280533,9.99018280533,9.99018280533,9.99018280533,9.99018831418
-0.058064516129,0.135483870968,8.754745189,8.754745189,8.754745189,8.754745189,8.75473807302
-0.058064516129,0.154838709677,7.37190849987,7.37190849987,7.37190849987,7.37190849987,7.37190250788
-0.058064516129,0.174193548387,6.25241398509,6.25241398509,6.25241398509,6.25241398509,6.25240890305
-0.058064516129,0.193548387097,5.34507267418,5.34507267418,5.34507267418,5.34507267418,5.34506832963
-0.058064516129,0.212903225806,4.60617253385,4.60617253385,4.60617253385,4.60617253385,4.60616878989
-0.058064516129,0.232258064516,4.00042234681,4.00042234681,4.00042234681,4.00042234681,4.00041909521
-0.058064516129,0.251612903226,3.5078232545,3.5078232545,3.5078232545,3.5078232545,3.50782319263
-0.058064516129,0.270967741935,3.22024516333,3.22024516333,3.22024516333,3.22024516333,3.22024282529
-0.058064516129,0.290322580645,2.85523400346,2.85523400346,2.85523400346,2.85523400346,2.85523193044
-0.0387096774194,-0.290322580645,2.99032741306,2.99032741306,2.99032741306,2.99032741306,2.99032524195
-0.0387096774194,-0.270967741935,3.39396058326,3.39396058326,3.39396058326,3.39396058326,3.3939581191
-0.0387096774194,-0.251612903226,3.8818249168,3.8818249168,3.8818249168,3.8818249168,3.88182209843
-0.0387096774194,-0.232258064516,4.47786163846,4.47786163846,4.47786163846,4.47786163846,4.47785838735
-0.0387096774194,-0.212903225806,5.21454572631,5.21454572631,5.21454572631,5.21454572631,5.21454194033
-0.0387096774194,-0.193548387097,6.13640159124,6.13640159124,6.13640159124,6.13640159124,6.13639713595
-0.0387096774194,-0.174193548387,6.99478774653,6.99478774653,6.99478774653,6.99478774653,6.99478206107
-0.0387096774194,-0.154838709677,8.43167725673,8.43167725673,8.43167725673,8.43167725673,8.43167040335
-0.0387096774194,-0.135483870968,10.2987720717,10.2987720717,10.2987720717,10.2987720717,10.2987637008
-0.0387096774194,-0.116129032258,12.7454503247,12.7454503247,12.7454503247,12.7454503247,12.745439965
-0.0387096774194,-0.0967741935484,15.2815400438,15.2815400438,15.2815400438,15.2815400438,15.2815419336
-0.0387096774194,-0.0774193548387,19.2030656767,19.2030656767,19.2030656767,19.2030656767,19.2030762658
-0.0387096774194,-0.058064516129,22.9471789282,22.9471789282,22.9471789282,22.9471934201,22.9471789282
-0.0387096774194,-0.0387096774194,26.7171825644,26.7171825644,26.7171825644,26.7172012094,26.7171825644
-0.0387096774194,-0.0193548387097,30.7309835863,30.7309835863,30.7309835863,30.7309785268,30.7309835863
-0.0387096774194,2.77555756156e-17,30.8318150562,30.8318150562,30.8318150562,30.8318404633,30.8318150562
-0.0387096774194,0.0193548387097,30.7988504364,30.7988504364,30.7988504364,30.7988453658,30.7988504364
-0.0387096774194,0.0387096774194,26.8304825176,26.8304825176,26.8304825176,26.8305012416,26.8304825176
-0.0387096774194,0.058064516129,23.0764794457,23.0764794457,23.0764794457,23.0764940192,23.0764794457
-0.0387096774194,0.0774193548387,19.3201934134,19.3201934134,19.3201934134,19.3201993185,19.3202040671
-0.0387096774194,0.0967741935484,15.3384405703,15.3384405703,15.3384405703,15.3384405703,15.3384490283
-0.0387096774194,0.116129032258,12.8193922497,12.8193922497,12.8193922497,12.8193922497,12.81938183
-0.0387096774194,0.135483870968,10.3550780524,10.3550780524,10.3550780524,10.3550780524,10.3550696357
-0.0387096774194,0.154838709677,8.47479470621,8.47479470621,8.47479470621,8.47479470621,8.47478781778
-0.0387096774194,0.174193548387,7.02815899201,7.02815899201,7.02815899201,7.02815899201,7.02815327943
-0.0387096774194,0.193548387097,5.90198875549,5.90198875549,5.90198875549,5.90198875549,5.90198395827
-0.0387096774194,0.212903225806,5.02500707746,5.02500707746,5.02500707746,5.02500707746,5.02500698882
-0.0387096774194,0.232258064516,4.49530690639,4.49530690639,4.49530690639,4.49530690639,4.49530364261
-0.0387096774194,0.251612903226,3.89602412876,3.89602412876,3.89602412876,3.89602412876,3.89602130009
-0.0387096774194,0.270967741935,3.40564763434,3.40564763434,3.40564763434,3.40564763434,3.4056451617
-0.0387096774194,0.290322580645,3.00004587586,3.00004587586,3.00004587586,3.00004587586,3.0000436977
-0.0193548387097,-0.290322580645,3.12251984637,3.12251984637,3.12251984637,3.12251984637,3.12251757929
-0.0193548387097,-0.270967741935,3.56527486377,3.56527486377,3.56527486377,3.56527486377,3.56527227523
-0.0193548387097,-0.251612903226,4.10757335473,4.10757335473,4.10757335473,4.10757335473,4.10757037246
-0.0193548387097,-0.232258064516,4.78097136647,4.78097136647,4.78097136647,4.78097136647,4.78096789529
-0.0193548387097,-0.212903225806,5.63023169361,5.63023169361,5.63023169361,5.63023169361,5.63022760583
-0.0193548387097,-0.193548387097,6.72029708312,6.72029708312,6.72029708312,6.72029708312,6.7202922039
-0.0193548387097,-0.174193548387,8.14772640572,8.14772640572,8.14772640572,8.14772640572,8.14772049013
-0.0193548387097,-0.154838709677,10.0598960814,10.0598960814,10.0598960814,10.0598960814,10.0598887775
-0.0193548387097,-0.135483870968,12.687797068,12.687797068,12.687797068,12.687797068,12.6877878561
-0.0193548387097,-0.116129032258,15.70570309,15.70570309,15.70570309,15.70570309,15.7056903242
-0.0193548387097,-0.0967741935484,20.8798573145,20.8798573145,20.8798573145,20.8798573145,20.8798403431
-0.0193548387097,-0.0774193548387,28.5869026011,28.5869026011,28.5869026011,28.5869026011,28.5868793653
-0.0193548387097,-0.058064516129,38.2768718495,38.2768718495,38.2768718495,38.2768718495,38.2768929564
-0.0193548387097,-0.0387096774194,51.1382909293,51.1382909293,51.1382909293,51.1383232248,51.1382909293
-0.0193548387097,-0.0193548387097,64.3143777564,64.3143777564,64.3143777564,64.3143671678,64.3143777564
-0.0193548387097,2.77555756156e-17,68.811738512,68.811738512,68.811738512,68.8117360281,68.811738512
-0.0193548387097,0.0193548387097,61.7840172525,61.7840172525,61.7840172525,61.7840681658,61.7840172525
-0.0193548387097,0.0387096774194,51.7521295224,51.7521295224,51.7521295224,51.7521622056,51.7521295224
-0.0193548387097,0.058064516129,38.6710933696,38.6710933696,38.6710933696,38.6711051892,38.6711146938
-0.0193548387097,0.0774193548387,27.6182403741,27.6182403741,27.6182403741,27.6182403741,27.6182437895
-0.0193548387097,0.0967741935484,21.0470513318,21.0470513318,21.0470513318,21.0470513318,21.0470342245
-0.0193548387097,0.116129032258,15.819132374,15.819132374,15.819132374,15.819132374,15.819119516
-0.0193548387097,0.135483870968,12.228165186,12.228165186,12.228165186,12.228165186,12.2281552468
-0.0193548387097,0.154838709677,9.71102114021,9.71102114021,9.71102114021,9.71102114021,9.71102096891
-0.0193548387097,0.174193548387,8.19149192967,8.19149192967,8.19149192967,8.19149192967,8.1914859823
-0.0193548387097,0.193548387097,6.75336417564,6.75336417564,6.75336417564,6.75336417564,6.75335927241
-0.0193548387097,0.212903225806,5.65575269126,5.65575269126,5.65575269126,5.65575269126,5.65574858494
-0.0193548387097,0.232258064516,4.80104029735,4.80104029735,4.80104029735,4.80104029735,4.80103681159
-0.0193548387097,0.251612903226,4.12361667637,4.12361667637,4.12361667637,4.12361667637,4.12361368245
-0.0193548387097,0.270967741935,3.57828792439,3.57828792439,3.57828792439,3.57828792439,3.57828532641
-0.0193548387097,0.290322580645,3.13321251046,3.13321251046,3.13321251046,3.13321251046,3.13321023561
2.77555756156e-17,-0.290322580645,3.23796966705,3.23796966705,3.23796966705,3.23796966705,3.23796731614
2.77555756156e-17,-0.270967741935,3.71658317363,3.71658317363,3.71658317363,3.71658317363,3.71658047523
2.77555756156e-17,-0.251612903226,4.3097227639,4.3097227639,4.3097227639,4.3097227639,4.30971963486
2.77555756156e-17,-0.232258064516,5.05707067909,5.05707067909,5.05707067909,5.05707067909,5.05706700745
2.77555756156e-17,-0.212903225806,6.01711215831,6.01711215831,6.01711215831,6.01711215831,6.01710778964
2.77555756156e-17,-0.193548387097,7.27893543356,7.27893543356,7.27893543356,7.27893543356,7.27893014874
2.77555756156e-17,-0.174193548387,8.98366992522,8.98366992522,8.98366992522,8.98366992522,8.9836634027
2.77555756156e-17,-0.154838709677,11.3657362409,11.3657362409,11.3657362409,11.3657362409,11.3657279889
2.77555756156e-17,-0.135483870968,14.8379602237,14.8379602237,14.8379602237,14.8379602237,14.8379494507
2.77555756156e-17,-0.116129032258,20.183272887,20.183272887,20.183272887,20.183272887,20.1832582331
2.77555756156e-17,-0.0967741935484,29.0380680461,29.0380680461,29.0380680461,29.0380680461,29.0380469632
2.77555756156e-17,-0.0774193548387,45.2767576526,45.2767576526,45.2767576526,45.2767576526,45.2767247797
2.77555756156e-17,-0.058064516129,80.0167003563,80.0167003563,80.0167003563,80.0167003563,80.0166422608
2.77555756156e-17,-0.0387096774194,184.46562934,184.46562934,184.46562934,184.46562934,184.465740151
2.77555756156e-17,-0.0193548387097,726.90804186,726.90804186,726.90804186,726.90804186,726.908442949
2.77555756156e-17,2.77555756156e-17,0.0202019944071,0.0202019944071,0.0202019944071,0.0202019944071,0.0202019944071
2.77555756156e-17,0.0193548387097,725.58764545,725.58764545,725.58764545,725.58764545,725.587118643
2.77555756156e-17,0.0387096774194,182.840723439,182.840723439,182.840723439,182.840723439,182.840590689
2.77555756156e-17,0.058064516129,81.3690061201,81.3690061201,81.3690061201,81.3690061201,81.3689470427
2.77555756156e-17,0.0774193548387,45.8000671486,45.8000671486,45.8000671486,45.8000671486,45.8000338959
2.77555756156e-17,0.0967741935484,29.3235758265,29.3235758265,29.3235758265,29.3235758265,29.3235545364
2.77555756156e-17,0.116129032258,20.3622659114,20.3622659114,20.3622659114,20.3622659114,20.3622511275
2.77555756156e-17,0.135483870968,14.9521022981,14.9521022981,14.9521022981,14.9521022981,14.9520914422
2.77555756156e-17,0.154838709677,11.4422021501,11.4422021501,11.4422021501,11.4422021501,11.4421938426
2.77555756156e-17,0.174193548387,9.03737451305,9.03737451305,9.03737451305,9.03737451305,9.03736795154
2.77555756156e-17,0.193548387097,7.31808563688,7.31808563688,7.31808563688,7.31808563688,7.31808032365
2.77555756156e-17,0.212903225806,6.04652659679,6.04652659679,6.04652659679,6.04652659679,6.04652220676
2.77555756156e-17,0.232258064516,5.07972722699,5.07972722699,5.07972722699,5.07972722699,5.07972353889
2.77555756156e-17,0.251612903226,4.32754242887,4.32754242887,4.32754242887,4.32754242887,4.32753928689
2.77555756156e-17,0.270967741935,3.73085063255,3.73085063255,3.73085063255,3.73085063255,3.73084792379
2.77555756156e-17,0.290322580645,3.24956972729,3.24956972729,3.24956972729,3.24956972729,3.24956736797
0.0193548387097,-0.290322580645,3.33160449209,3.33160449209,3.33160449209,3.33160449209,3.3316020732
0.0193548387097,-0.270967741935,3.84047927615,3.84047927615,3.84047927615,3.84047927615,3.8404764878
0.0193548387097,-0.251612903226,4.47721761788,4.47721761788,4.47721761788,4.47721761788,4.47721436723
0.0193548387097,-0.232258064516,5.28926653201,5.28926653201,5.28926653201,5.28926653201,5.28926269178
0.0193548387097,-0.212903225806,6.34874046334,6.34874046334,6.34874046334,6.34874046334,0.269585510204
0.0193548387097,-0.193548387097,7.7699304761,7.7699304761,7.7699304761,7.7699304761,0.329933265306
0.0193548387097,-0.174193548387,9.7436142101,9.7436142101,9.7436142101,9.7436142101,0.413741469388
0.0193548387097,-0.154838709677,12.6100757992,12.6100757992,12.6100757992,12.6100757992,0.53545955102
0.0193548387097,-0.135483870968,17.0322032238,17.0322032238,17.0322032238,17.0322032238,0.723235612245
0.0193548387097,-0.116129032258,24.4718597605,24.4718597605,24.4718597605,24.4718597605,24.4718595535
0.0193548387097,-0.0967741935484,37.5589433404,37.5589433404,37.5589433404,37.5589433404,37.5589430227
0.0193548387097,-0.0774193548387,59.3282918984,59.3282918984,59.3282918984,59.3282918984,59.3282918984
0.0193548387097,-0.058064516129,1.47691367347,2.95382734694,63.6550093942,4.43074102041,63.6549677449
0.0193548387097,-0.0387096774194,2.28756540987,3.02015352046,4.21229427184,5.91108338557,7.9548991751
0.0193548387097,-0.0193548387097,1.87166917645,2.50061836908,3.43170221196,4.70183533645,6.20433401107
0.0193548387097,2.77555756156e-17,1.61461470169,2.14388693011,2.94026284616,4.01749343891,5.28563280062
0.0193548387097,0.0193548387097,1.79555674489,2.37983498263,3.26383590161,4.46425644409,5.85797646252
0.0193548387097,0.0387096774194,2.18869156232,2.9179230037,4.05913638908,5.66936127657,7.63538911852
0.0193548387097,0.058064516129,77.3753698536,1.92715638776,3.85431277551,3.85431277551,77.3753698536
0.0193548387097,0.0774193548387,61.6135916829,61.6135916829,61.6135916829,61.6135916829,61.6135916829
0.0193548387097,0.0967741935484,38.2124947055,38.2124947055,38.2124947055,38.2124947055,38.2125017923
0.0193548387097,0.116129032258,24.721360062,24.721360062,24.721360062,24.721360062,1.049739
0.0193548387097,0.135483870968,17.1807984768,17.1807984768,17.1807984768,17.1807984768,0.729545387755
0.0193548387097,0.154838709677,12.7050938267,12.7050938267,12.7050938267,12.7050938267,0.539494285714
0.0193548387097,0.174193548387,9.80737224756,9.80737224756,9.80737224756,9.80737224756,0.416448816327
0.0193548387097,0.193548387097,7.81494559222,7.81494559222,7.81494559222,7.81494559222,7.81493991824
0.0193548387097,0.212903225806,6.38178064156,6.38178064156,6.38178064156,6.38178064156,6.38177600812
0.0193548387097,0.232258064516,5.31427231319,5.31427231319,5.31427231319,5.31427231319,5.3142684548
0.0193548387097,0.251612903226,4.4966199394,4.4966199394,4.4966199394,4.4966199394,4.49661667466
0.0193548387097,0.270967741935,3.85584829863,3.85584829863,3.85584829863,3.85584829863,3.85584549912
0.0193548387097,0.290322580645,3.34399323724,3.34399323724,3.34399323724,3.34399323724,3.34399080936
0.0387096774194,-0.290322580645,3.3988796509,3.3988796509,3.3988796509,3.3988796509,0.144326061224
0.0387096774194,-0.270967741935,3.9301562583,3.9301562583,3.9301562583,3.9301562583,0.166885571429
0.0387096774194,-0.251612903226,4.59957720265,4.59957720265,4.59957720265,4.59957720265,0.195311081633
0.0387096774194,-0.232258064516,5.46089705547,5.46089705547,5.46089705547,5.46089705547,0.231885163265
0.0387096774194,-0.212903225806,6.59764624726,6.59764624726,6.59764624726,6.59764624726,0.280154755102
0.0387096774194,-0.193548387097,8.1460673318,8.1460673318,8.1460673318,8.1460673318,0.345905102041
0.0387096774194,-0.174193548387,10.3425086529,10.3425086529,10.3425086529,10.3425086529,0.43917222449
0.0387096774194,-0.154838709677,13.6162949959,13.6162949959,13.6162949959,13.6162949959,13.6162948807
0.0387096774194,-0.135483870968,18.3913639618,18.3913639618,18.3913639618,18.3913639618,18.3913638062
0.0387096774194,-0.116129032258,25.3600859491,25.3600859491,25.3600859491,25.3600859491,25.3600859491
0.0387096774194,-0.0967741935484,33.6342050624,33.6342050624,33.6342050624,33.6342050624,33.6342263035
0.0387096774194,-0.0774193548387,0.768855673469,1.53771134694,33.1376951792,2.30656702041,33.1376734973
0.0387096774194,-0.058064516129,25.2100770625,25.2100836966,2.09865363265,3.14798044898,3.67264385714
0.0387096774194,-0.0387096774194,1.11794442321,1.49547396665,2.06801692479,2.86695195953,3.8346184166
0.0387096774194,-0.0193548387097,0.985797835286,1.31239125081,1.80022887763,2.4727913127,3.26246144935
0.0387096774194,2.77555756156e-17,0.916552482239,1.22107914917,1.67427706411,2.29375756162,3.01744195792
0.0387096774194,0.0193548387097,0.960820274325,1.28329107263,1.75926571148,2.4068237884,3.16965382564
0.0387096774194,0.0387096774194,1.08757797485,1.44814622902,1.99546047145,2.76098622958,3.67386477714
0.0387096774194,0.058064516129,1.06228031739,1.37005696678,1.9508430455,2.73297490061,3.76341053823
0.0387096774194,0.0774193548387,36.8901457903,0.917664897959,1.83532979592,1.83532979592,36.890119401
0.0387096774194,0.0967741935484,35.7102240637,35.7102240637,35.7102240637,35.7102240637,35.7102240637
0.0387096774194,0.116129032258,26.788477725,26.788477725,26.788477725,26.788477725,26.7884774984
0.0387096774194,0.135483870968,18.6075208186,18.6075208186,18.6075208186,18.6075208186,18.6075206612
0.0387096774194,0.154838709677,13.7426148266,13.7426148266,13.7426148266,13.7426148266,0.583550367347
0.0387096774194,0.174193548387,10.4149960529,10.4149960529,10.4149960529,10.4149960529,0.442250244898
0.0387096774194,0.193548387097,8.19598853903,8.19598853903,8.19598853903,8.19598853903,0.348024897959
0.0387096774194,0.212903225806,6.63364363341,6.63364363341,6.63364363341,6.63364363341,0.281683306122
0.0387096774194,0.232258064516,5.48778635654,5.48778635654,5.48778635654,5.48778635654,0.233026959184
0.0387096774194,0.251612903226,4.62023392246,4.62023392246,4.62023392246,4.62023392246,0.19618822449
0.0387096774194,0.270967741935,3.9463923055,3.9463923055,3.9463923055,3.9463923055,3.94638944025
0.0387096774194,0.290322580645,3.41188598295,3.41188598295,3.41188598295,3.41188598295,3.41188350578
0.058064516129,-0.290322580645,3.43628042519,3.43628042519,3.43628042519,3.43628042519,0.145914204082
0.058064516129,-0.270967741935,3.9802548115,3.9802548115,3.9802548115,3.9802548115,0.169012897959
0.058064516129,-0.251612903226,4.66835139145,4.66835139145,4.66835139145,4.66835139145,0.198231428571
0.058064516129,-0.232258064516,5.55812301616,5.55812301616,5.55812301616,5.55812301616,0.236013653061
0.058064516129,-0.212903225806,6.74010456087,6.74010456087,6.74010456087,6.74010456087,0.286203938776
0.058064516129,-0.193548387097,8.36436916162,8.36436916162,8.36436916162,8.36436916162,0.355174816327
0.058064516129,-0.174193548387,10.5486827101,10.5486827101,10.5486827101,10.5486827101,10.5486826209
0.058064516129,-0.154838709677,13.6623020959,13.6623020959,13.6623020959,13.6623020959,13.6623019804
0.058064516129,-0.135483870968,17.7302010797,17.7302010797,17.7302010797,17.7302010797,17.7302010797
0.058064516129,-0.116129032258,21.8555615311,21.8555615311,21.8555615311,21.8555615311,21.8555615311
0.058064516129,-0.0967741935484,23.8416693403,23.8416580892,23.8416725992,23.8416693403,23.8416679029
0.058064516129,-0.0774193548387,0.85170477551,19.6104946623,1.27755716327,1.70340955102,2.12926193878
0.058064516129,-0.058064516129,0.729017198093,0.953128033953,1.3323088282,1.88785347276,2.56345006434
0.058064516129,-0.0387096774194,0.754499748452,1.00610551596,1.38972611144,1.93174708687,2.59132949191
0.058064516129,-0.0193548387097,0.706443528334,0.947838435527,1.3025237057,1.79601864772,2.38248768476
0.058064516129,2.77555756156e-17,0.686401457187,0.910781332451,1.25447010748,1.72282806639,2.27678035408
0.058064516129,0.0193548387097,0.700359934177,0.935064430251,1.28461109994,1.76739870573,2.33898851228
0.058064516129,0.0387096774194,0.733744617662,0.982430381177,1.35992882163,1.89245775471,2.53097953715
0.058064516129,0.058064516129,0.696577829457,0.944844501902,1.33764879682,1.87278932619,2.55876858742
0.058064516129,0.0774193548387,0.935748816327,21.0777317376,1.40362322449,21.0777317376,2.33937204082
0.058064516129,0.0967741935484,26.4098292985,26.4098292985,0.769965632653,26.4098292985,26.4098201718
0.058064516129,0.116129032258,22.8772477329,22.8772477329,22.8772477329,22.8772477329,22.8772477329
0.058064516129,0.135483870968,17.9350027005,17.9350027005,17.9350027005,17.9350027005,17.9350027005
0.058064516129,0.154838709677,13.8020632129,13.8020632129,13.8020632129,13.8020632129,13.8020630962
0.058064516129,0.174193548387,10.6453843227,10.6453843227,10.6453843227,10.6453843227,0.452033183673
0.058064516129,0.193548387097,8.4174619299,8.4174619299,8.4174619299,8.4174619299,0.357429285714
0.058064516129,0.212903225806,6.77799988529,6.77799988529,6.77799988529,6.77799988529,0.287813081633
0.058064516129,0.232258064516,5.5862191349,5.5862191349,5.5862191349,5.5862191349,0.237206693878
0.058064516129,0.251612903226,4.68981409821,4.68981409821,4.68981409821,4.68981409821,0.199142795918
0.058064516129,0.270967741935,3.99705077211,3.99705077211,3.99705077211,3.99705077211,0.169726102041
0.058064516129,0.290322580645,3.44968902979,3.44968902979,3.44968902979,3.44968902979,0.146483571429
0.0774193548387,-0.290322580645,3.44176228992,3.44176228992,3.44176228992,3.44176228992,0.146146979592
0.0774193548387,-0.270967741935,3.98761635122,3.98761635122,3.98761635122,3.98761635122,0.169325489796
0.0774193548387,-0.251612903226,4.67848894825,4.67848894825,4.67848894825,4.67848894825,0.198661897959
0.0774193548387,-0.232258064516,5.57250822511,5.57250822511,5.57250822511,5.57250822511,0.236624489796
0.0774193548387,-0.212903225806,6.76128514817,6.76128514817,6.76128514817,6.76128514817,6.76128509097
0.0774193548387,-0.193548387097,8.24922164613,8.24922164613,8.24922164613,8.24922164613,8.24922157634
0.0774193548387,-0.174193548387,10.3004959223,10.3004959223,10.3004959223,10.3004959223,10.3004958352
0.0774193548387,-0.154838709677,12.7144443188,12.7144443188,12.7144443188,12.7144443188,12.7144443188
0.0774193548387,-0.135483870968,15.1980018078,15.1980018078,15.1980018078,15.1980018078,15.1980018078
0.0774193548387,-0.116129032258,18.1213999432,18.1213999432,18.1213999432,18.1213917471,18.1213999432
0.0774193548387,-0.0967741935484,16.9638722087,0.823489265306,16.9638715648,16.9638873365,1.23523389796
0.0774193548387,-0.0774193548387,0.622174816327,0.622174816327,14.3255694525,1.24434963265,1.86652444898
0.0774193548387,-0.058064516129,12.5789233559,12.5789266661,1.04715281633,1.57072922449,2.09430563265
0.0774193548387,-0.0387096774194,0.56482824002,0.753358637289,1.04325259814,1.46551991926,1.9788037916
0.0774193548387,-0.0193548387097,0.559978649917,0.748792156363,1.03584526318,1.43642796293,1.92239238522
0.0774193548387,2.77555756156e-17,0.552356615583,0.738633090068,1.02008847754,1.408989799,1.88179481228
0.0774193548387,0.0193548387097,0.552995365804,0.740265778606,1.02431627815,1.42451329905,1.90519183566
0.0774193548387,0.0387096774194,0.558477365998,0.748071076714,1.03691203914,1.4512734043,1.95780716623
0.0774193548387,0.058064516129,0.5445621896,0.71465743946,0.993498007528,1.39919572004,1.8973695293
0.0774193548387,0.0774193548387,0.66586077551,15.3314382629,0.998791163265,1.33172155102,1.66465193878
0.0774193548387,0.0967741935484,18.5675787594,0.461879857143,0.923759714286,0.923759714286,18.5675654771
0.0774193548387,0.116129032258,19.7582474983,19.7582474983,19.7582474983,19.7582474983,19.7582538641
0.0774193548387,0.135483870968,15.7142389888,15.7142389888,15.7142389888,15.7142389888,15.7142389888
0.0774193548387,0.154838709677,12.8390703799,12.8390703799,12.8390703799,12.8390703799,12.8390703799
0.0774193548387,0.174193548387,10.392844148,10.392844148,10.392844148,10.392844148,10.3928440601
0.0774193548387,0.193548387097,8.31529239033,8.31529239033,8.31529239033,8.31529239033,0.353090877551
0.0774193548387,0.212903225806,6.79974375029,6.79974375029,6.79974375029,6.79974375029,0.288736387755
0.0774193548387,0.232258064516,5.6009907562,5.6009907562,5.6009907562,5.6009907562,0.237833938776
0.0774193548387,0.251612903226,4.70022800712,4.70022800712,4.70022800712,4.70022800712,0.199585
0.0774193548387,0.270967741935,4.00461753332,4.00461753332,4.00461753332,4.00461753332,0.170047408163
0.0774193548387,0.290322580645,3.45532805477,3.45532805477,3.45532805477,3.45532805477,0.146723020408
0.0967741935484,-0.290322580645,3.41501957562,3.41501957562,3.41501957562,3.41501957562,0.145011408163
0.0967741935484,-0.270967741935,3.95176747428,3.95176747428,3.95176747428,3.95176747428,0.167803244898
0.0967741935484,-0.251612903226,4.62922521874,4.62922521874,4.62922521874,4.62922521874,0.196570020408
0.0967741935484,-0.232258064516,5.49662866298,5.49662866298,5.49662866298,5.49662866298,5.49662861648
0.0967741935484,-0.212903225806,6.54808597992,6.54808597992,6.54808597992,6.54808597992,6.54808592453
0.0967741935484,-0.193548387097,7.93404374142,7.93404374142,7.93404374142,7.93404374142,7.9340436743
0.0967741935484,-0.174193548387,9.81373891968,9.81373891968,9.81373891968,9.81373891968,9.81373883666
0.0967741935484,-0.154838709677,11.4231513619,11.4231513619,11.4231513619,11.4231513619,11.4231513619
0.0967741935484,-0.135483870968,13.3950465965,13.3950465965,13.3950465965,13.3950465965,13.3950465965
0.0967741935484,-0.116129032258,14.622613844,14.622613844,14.6226099365,14.6226136183,14.622613844
0.0967741935484,-0.0967741935484,13.5369931085,0.642324734694,13.5369894809,13.5369862152,13.5369980347
0.0967741935484,-0.0774193548387,0.512882122449,11.8091061761,0.769323183673,1.0257642449,1.28220530612
0.0967741935484,-0.058064516129,0.443962653061,0.665943979592,0.887925306122,1.10990663265,1.55386928571
0.0967741935484,-0.0387096774194,0.43759297665,0.585284654645,0.816598174212,1.14912346747,1.55813310164
0.0967741935484,-0.0193548387097,0.440731527472,0.601393365572,0.835005311534,1.1684731913,1.58155659194
0.0967741935484,2.77555756156e-17,0.450985544324,0.596724472539,0.836139893793,1.16638998335,1.57315438977
0.0967741935484,0.0193548387097,0.445376268904,0.598420755809,0.828642932958,1.16113083257,1.57117959379
0.0967741935484,0.0387096774194,0.431883497521,0.583133253688,0.807872941729,1.1452303754,1.55921052028
0.0967741935484,0.058064516129,0.460117795918,0.690176693878,0.920235591837,1.1502944898,1.61041228571
0.0967741935484,0.0774193548387,0.542205591837,12.4842787904,0.813308387755,1.08441118367,1.35551397959
0.0967741935484,0.0967741935484,14.4382311476,0.70173644898,14.4382311476,14.4382387914,14.4382387914
0.0967741935484,0.116129032258,15.5378091854,15.5378091854,15.5378091854,15.5378039036,15.5378091854
0.0967741935484,0.135483870968,13.842093167,13.842093167,13.842093167,13.842093167,13.842093167
0.0967741935484,0.154838709677,11.5277606407,11.5277606407,11.5277606407,11.5277606407,11.5277606407
0.0967741935484,0.174193548387,9.8971886073,9.8971886073,9.8971886073,9.8971886073,9.89718852358
0.0967741935484,0.193548387097,7.99555107114,7.99555107114,7.99555107114,7.99555107114,7.9955510035
0.0967741935484,0.212903225806,6.59413825754,6.59413825754,6.59413825754,6.59413825754,6.59413820176
0.0967741935484,0.232258064516,5.53077376905,5.53077376905,5.53077376905,5.53077376905,0.234852326531
0.0967741935484,0.251612903226,4.65068696428,4.65068696428,4.65068696428,4.65068696428,0.197481346939
0.0967741935484,0.270967741935,3.96860428695,3.96860428695,3.96860428695,3.96860428695,0.168518183673
0.0967741935484,0.290322580645,3.42848729555,3.42848729555,3.42848729555,3.42848729555,0.145583285714
0.116129032258,-0.290322580645,3.3575282429,3.3575282429,3.3575282429,3.3575282429,0.142570163265
0.116129032258,-0.270967741935,3.87499157008,3.87499157008,3.87499157008,3.87499157008,0.164543122449
0.116129032258,-0.251612903226,4.52422583352,4.52422583352,4.52422583352,4.52422583352,4.52422579524
0.116129032258,-0.232258064516,5.28326079979,5.28326079979,5.28326079979,5.28326079979,5.2832607551
0.116129032258,-0.212903225806,6.2475239781,6.2475239781,6.2475239781,6.2475239781,6.24752392525
0.116129032258,-0.193548387097,7.49704742148,7.49704742148,7.49704742148,7.49704742148,7.49704735806
0.116129032258,-0.174193548387,8.78452602106,8.78452602106,8.78452602106,8.78452602106,8.78452602106
0.116129032258,-0.154838709677,9.92367196573,9.92367196573,9.92367196573,9.92367196573,9.92367196573
0.116129032258,-0.135483870968,11.6812105949,11.6812105949,11.6812105949,11.6812105949,11.681217972
0.116129032258,-0.116129032258,12.2215300032,12.2215300032,12.2215213285,12.2215287336,12.2215287336
0.116129032258,-0.0967741935484,11.6520409015,0.552884530612,11.652037779,11.652034968,0.829326795918
0.116129032258,-0.0774193548387,10.2311110822,10.2311110822,10.2311110822,10.2311110822,1.13552897959
0.116129032258,-0.058064516129,9.39387124118,0.399314244898,0.598971367347,0.998285612245,1.19794273469
0.116129032258,-0.0387096774194,0.368090285714,0.552135428571,0.736180571429,0.920225714286,1.288316
0.116129032258,-0.0193548387097,0.362017520813,0.467534959466,0.663299467905,0.930745602526,1.27090162351
0.116129032258,2.77555756156e-17,0.36749430174,0.487226791561,0.666994081216,0.940436814622,1.291200708
0.116129032258,0.0193548387097,0.366141977908,0.475328869828,0.668903886226,0.937151931333,1.28026828111
0.116129032258,0.0387096774194,0.375374938776,0.563062408163,0.750749877551,0.938437346939,1.31381228571
0.116129032258,0.058064516129,0.412335346939,0.412335346939,0.618503020408,0.824670693878,1.23700604082
0.116129032258,0.0774193548387,10.7457666264,10.7457666264,10.7457666264,0.715589693878,10.7457666264
0.116129032258,0.0967741935484,12.2697322445,0.298170816327,12.2697322445,0.596341632653,12.2697387403
0.116129032258,0.116129032258,13.0207914875,13.0207914875,13.0207914875,13.0207943328,13.0207914875
0.116129032258,0.135483870968,12.0205642713,12.0205642713,12.0205642713,12.0205642713,12.0205718626
0.116129032258,0.154838709677,10.5534380667,10.5534380667,10.5534380667,10.5534380667,10.5534380667
0.116129032258,0.174193548387,8.85424470117,8.85424470117,8.85424470117,8.85424470117,8.85424470117
0.116129032258,0.193548387097,7.55230679034,7.55230679034,7.55230679034,7.55230679034,7.55230672646
0.116129032258,0.212903225806,6.28970972918,6.28970972918,6.28970972918,6.28970972918,6.28970967597
0.116129032258,0.232258064516,5.31615487186,5.31615487186,5.31615487186,5.31615487186,0.225739
0.116129032258,0.251612903226,4.54489408802,4.54489408802,4.54489408802,4.54489408802,0.192989081633
0.116129032258,0.270967741935,3.8913141275,3.8913141275,3.8913141275,3.8913141275,0.16523622449
0.116129032258,0.290322580645,3.37065376682,3.37065376682,3.37065376682,3.37065376682,0.143127510204
0.135483870968,-0.290322580645,3.27234787012,3.27234787012,3.27234787012,3.27234787012,0.138953163265
0.135483870968,-0.270967741935,3.76197797352,3.76197797352,3.76197797352,3.76197797352,0.159744244898
0.135483870968,-0.251612903226,4.33077502769,4.33077502769,4.33077502769,4.33077502769,4.33077499106
0.135483870968,-0.232258064516,5.02120161644,5.02120161644,5.02120161644,5.02120161644,5.02120157396
0.135483870968,-0.212903225806,5.8843761524,5.8843761524,5.8843761524,5.8843761524,5.88437610262
0.135483870968,-0.193548387097,6.98013679854,6.98013679854,6.98013679854,6.98013679854,6.98013673949
0.135483870968,-0.174193548387,8.05611894035,8.05611894035,8.05611894035,8.05611894035,8.05611894035
0.135483870968,-0.154838709677,8.78672818821,8.78672818821,8.78672818821,8.78672818821,8.78672818821
0.135483870968,-0.135483870968,10.1592378852,10.1592378852,10.1592378852,10.1592378852,10.1592443011
0.135483870968,-0.116129032258,10.5600776058,10.5600776058,10.5600747839,10.5600774428,10.5600776058
0.135483870968,-0.0967741935484,10.203580158,0.253820285714,0.507640571429,0.507640571429,10.203580158
0.135483870968,-0.0774193548387,0.211611612245,0.42322322449,0.42322322449,9.3320756962,0.84644644898
0.135483870968,-0.058064516129,0.375164693878,8.63816364345,0.562747040816,0.750329387755,0.937911734694
0.135483870968,-0.0387096774194,0.347472204082,0.347472204082,0.521208306122,0.694944408163,1.04241661224
0.135483870968,-0.0193548387097,0.333320571429,0.499980857143,0.666641142857,0.833301428571,0.999961714286
0.135483870968,2.77555756156e-17,0.329809061224,0.494713591837,0.659618122449,0.824522653061,1.15433171429
0.135483870968,0.0193548387097,0.336275183673,0.50441277551,0.672550367347,0.840687959184,1.00882555102
0.135483870968,0.0387096774194,0.353956285714,0.353956285714,0.530934428571,0.707912571429,1.06186885714
0.135483870968,0.058064516129,0.386635510204,8.9022790844,0.579953265306,0.773271020408,0.96658877551
0.135483870968,0.0774193548387,9.75689708381,9.75689708381,9.75689708381,9.75689708381,9.75689708381
0.135483870968,0.0967741935484,10.6632049179,0.272020489796,10.6631972804,0.544040979592,10.6632049179
0.135483870968,0.116129032258,11.064528561,11.064528561,11.064528561,11.0645250935,11.064528561
0.135483870968,0.135483870968,10.4154995769,10.4154995769,10.4154995769,10.4154995769,10.4155061546
0.135483870968,0.154838709677,9.0087550303,9.0087550303,9.0087550303,9.0087550303,9.0087550303
0.135483870968,0.174193548387,8.11509478177,8.11509478177,8.11509478177,8.11509478177,8.11509478177
0.135483870968,0.193548387097,7.02832924306,7.02832924306,7.02832924306,7.02832924306,7.0283291836
0.135483870968,0.212903225806,5.92203117064,5.92203117064,5.92203117064,5.92203117064,5.92203112054
0.135483870968,0.232258064516,5.05109955096,5.05109955096,5.05109955096,5.05109955096,5.05109950823
0.135483870968,0.251612903226,4.35485995557,4.35485995557,4.35485995557,4.35485995557,0.184919693878
0.135483870968,0.270967741935,3.77748829604,3.77748829604,3.77748829604,3.77748829604,0.160402857143
0.135483870968,0.290322580645,3.28491780613,3.28491780613,3.28491780613,3.28491780613,0.139486918367
0.154838709677,-0.290322580645,3.16372995433,3.16372995433,3.16372995433,3.16372995433,0.134340938776
0.154838709677,-0.270967741935,3.6022810553,3.6022810553,3.6022810553,3.6022810553,3.60228102483
0.154838709677,-0.251612903226,4.1098908676,4.1098908676,4.1098908676,4.1098908676,4.10989083283
0.154838709677,-0.232258064516,4.72667754787,4.72667754787,4.72667754787,4.72667754787,4.72667750788
0.154838709677,-0.212903225806,5.48393424836,5.48393424836,5.48393424836,5.48393424836,5.48393420197
0.154838709677,-0.193548387097,6.16460216679,6.16460216679,6.16460216679,6.16460216679,6.16460216679
0.154838709677,-0.174193548387,6.97326894702,6.97326894702,6.97326894702,6.97326894702,6.97326894702
0.154838709677,-0.154838709677,7.77297508991,7.77297508991,7.77297508991,7.77297508991,7.77297508991
0.154838709677,-0.135483870968,8.82525184237,8.82525184237,8.82525184237,8.82525184237,8.82525741581
0.154838709677,-0.116129032258,9.43951512612,9.43951512612,9.43951512612,9.43951216789,9.43951512612
0.154838709677,-0.0967741935484,9.12789088102,9.12788657346,9.12789212871,9.12789088102,9.12789033068
0.154838709677,-0.0774193548387,8.66081898943,0.410952285714,8.66081666854,8.66081457918,0.616428428571
0.154838709677,-0.058064516129,0.18274522449,0.36549044898,0.36549044898,0.548235673469,0.730980897959
0.154838709677,-0.0387096774194,0.339157591837,7.80910044845,0.508736387755,0.678315183673,0.847893979592
0.154838709677,-0.0193548387097,0.325661918367,7.49836269032,0.488492877551,0.651323836735,0.814154795918
0.154838709677,2.77555756156e-17,0.322309061224,0.322309061224,0.483463591837,0.644618122449,0.805772653061
0.154838709677,0.0193548387097,0.328481673469,7.56328752574,0.492722510204,0.656963346939,0.821204183673
0.154838709677,0.0387096774194,7.7786022385,7.7786022385,7.7786022385,7.7786022385,0.863330306122
0.154838709677,0.058064516129,0.188184204082,0.376368408163,0.376368408163,0.564552612245,0.752736816327
0.154838709677,0.0774193548387,8.83830844443,0.429565306122,8.83830844443,8.83831312358,0.644347959184
0.154838709677,0.0967741935484,9.49622269493,9.49622269493,9.49622801653,9.49622269493,9.4962276649
0.154838709677,0.116129032258,9.80968944114,9.80968944114,9.80968944114,0.357365653061,9.80968944114
0.154838709677,0.135483870968,9.01882391174,9.01882391174,9.01882391174,9.01882391174,9.01882960742
0.154838709677,0.154838709677,7.94690092288,7.94690092288,7.94690092288,7.94690092288,7.94690092288
0.154838709677,0.174193548387,7.34500454603,7.34500454603,7.34500454603,7.34500454603,7.34500454603
0.154838709677,0.193548387097,6.20400595085,6.20400595085,6.20400595085,6.20400595085,6.20400595085
0.154838709677,0.212903225806,5.51683841329,5.51683841329,5.51683841329,5.51683841329,5.51683836662
0.154838709677,0.232258064516,4.75333423255,4.75333423255,4.75333423255,4.75333423255,4.75333419234
0.154838709677,0.251612903226,4.13171739792,4.13171739792,4.13171739792,4.13171739792,4.13171736297
0.154838709677,0.270967741935,3.62033333666,3.62033333666,3.62033333666,3.62033333666,0.153729612245
0.154838709677,0.290322580645,3.17557416566,3.17557416566,3.17557416566,3.17557416566,0.134843877551
0.174193548387,-0.290322580645,3.03613553959,3.03613553959,3.03613553959,3.03613553959,3.03613551391
0.174193548387,-0.270967741935,3.41829831324,3.41829831324,3.41829831324,3.41829831324,3.41829828432
0.174193548387,-0.251612903226,3.87211943053,3.87211943053,3.87211943053,3.87211943053,3.87211939778
0.174193548387,-0.232258064516,4.41489757264,4.41489757264,4.41489757264,4.41489757264,4.41489753529
0.174193548387,-0.212903225806,5.06864911178,5.06864911178,5.06864911178,5.06864911178,5.0686490689
0.174193548387,-0.193548387097,5.6247851305,5.6247851305,5.6247851305,5.6247851305,5.6247851305
0.174193548387,-0.174193548387,6.26200537461,6.26200537461,6.26200537461,6.26200537461,6.26200537461
0.174193548387,-0.154838709677,6.87085173113,6.87085173113,6.87085173113,6.87085173113,6.87085173113
0.174193548387,-0.135483870968,7.67792887941,7.67792887941,7.67792887941,7.67792887941,7.67793372827
0.174193548387,-0.116129032258,8.29436637236,8.29436637236,8.29436637236,8.29437041958,8.29437094898
0.174193548387,-0.0967741935484,8.25350235959,8.25350235959,8.25350644654,8.25350386605,8.25350386605
0.174193548387,-0.0774193548387,8.12173970842,0.207187204082,8.12173389125,0.414374408163,8.12173578591
0.174193548387,-0.058064516129,7.75970364662,0.368194734694,7.75970156721,7.75969969524,0.552292102041
0.174193548387,-0.0387096774194,7.52121020348,0.341484979592,7.52121020348,7.52121020348,7.52121020348
0.174193548387,-0.0193548387097,0.16390355102,0.327807102041,0.327807102041,0.491710653061,0.655614204082
0.174193548387,2.77555756156e-17,0.162205081633,7.3073353393,0.324410163265,7.3073353393,0.648820326531
0.174193548387,0.0193548387097,0.165332122449,0.330664244898,0.330664244898,0.495996367347,0.661328489796
0.174193548387,0.0387096774194,0.173872571429,0.347745142857,7.49391136835,0.521617714286,7.4939064651
0.174193548387,0.058064516129,7.80279026305,0.379236367347,7.80279026305,7.80279439399,0.56885455102
0.174193548387,0.0774193548387,8.28696480196,8.28696722033,8.28695664403,8.28696480196,7.59367516395
0.174193548387,0.0967741935484,8.5647220459,8.5647220459,8.56471986389,8.56472253029,8.5647220459
0.174193548387,0.116129032258,8.52045573413,8.52045573413,8.52045573413,8.52045573413,8.52045837037
0.174193548387,0.135483870968,7.84400978909,7.84400978909,7.84400978909,7.84400978909,7.84400978909
0.174193548387,0.154838709677,7.00717835289,7.00717835289,7.00717835289,7.00717835289,7.00717835289
0.174193548387,0.174193548387,6.57739406571,6.57739406571,6.57739406571,6.57739406571,6.57739406571
0.174193548387,0.193548387097,5.65778435255,5.65778435255,5.65778435255,5.65778435255,5.65778435255
0.174193548387,0.212903225806,5.09692786322,5.09692786322,5.09692786322,5.09692786322,5.0969278201
0.174193548387,0.232258064516,4.43829570543,4.43829570543,4.43829570543,4.43829570543,4.43829566789
0.174193548387,0.251612903226,3.8916130684,3.8916130684,3.8916130684,3.8916130684,3.89161303548
0.174193548387,0.270967741935,3.43465451353,3.43465451353,3.43465451353,3.43465451353,3.43465448447
0.174193548387,0.290322580645,3.04762313654,3.04762313654,3.04762313654,3.04762313654,0.129410714286
0.193548387097,-0.290322580645,2.88318353542,2.88318353542,2.88318353542,2.88318353542,2.88318351103
0.193548387097,-0.270967741935,3.22564292089,3.22564292089,3.22564292089,3.22564292089,3.2256428936
0.193548387097,-0.251612903226,3.62675383736,3.62675383736,3.62675383736,3.62675383736,3.62675380668
0.193548387097,-0.232258064516,4.09873585441,4.09873585441,4.09873585441,4.09873585441,4.09873581974
0.193548387097,-0.212903225806,4.65630099741,4.65630099741,4.65630099741,4.65630099741,4.65630095802
0.193548387097,-0.193548387097,5.10229629486,5.10229629486,5.10229629486,5.10229629486,5.10229629486
0.193548387097,-0.174193548387,5.59467533651,5.59467533651,5.59467533651,5.59467533651,5.59467533651
0.193548387097,-0.154838709677,6.09443233893,6.09443233893,6.09443233893,6.09443233893,6.09443233893
0.193548387097,-0.135483870968,6.7174056653,6.7174056653,6.7174056653,6.7174056653,6.7174056653
0.193548387097,-0.116129032258,7.37251707119,7.37251707119,7.37251707119,7.37251707119,7.37252172717
0.193548387097,-0.0967741935484,7.44917318465,7.44917318465,7.44917318465,7.44917065246,7.44917318465
0.193548387097,-0.0774193548387,7.45918422244,7.45918422244,0.217152306122,7.45918422244,7.45918658704
0.193548387097,-0.058064516129,7.3410585398,7.34106455724,7.34105518815,7.3410585398,7.34105694921
0.193548387097,-0.0387096774194,7.13362699308,0.177453326531,0.354906653061,0.354906653061,7.13362189005
0.193548387097,-0.0193548387097,6.99870477991,0.340155673469,6.99870477991,6.99870848515,0.510233510204
0.193548387097,2.77555756156e-17,7.091723383,0.336499346939,7.09172148259,7.09171977177,0.504749020408
0.193548387097,0.0193548387097,7.06202120945,0.343233020408,7.06202120945,7.06202494821,7.06202494821
0.193548387097,0.0387096774194,7.26963596148,0.180836632653,0.361673265306,0.361673265306,7.26963596148
0.193548387097,0.058064516129,7.56095509188,0.197930795918,7.56095825619,7.56095509188,7.56095908094
0.193548387097,0.0774193548387,7.58955018634,7.58955018634,7.58955394452,7.58955157161,7.58955157161
0.193548387097,0.0967741935484,7.72013445671,7.72013445671,7.72013445671,0.28124344898,7.72013445671
0.193548387097,0.116129032258,7.4875257019,7.4875257019,7.4875257019,7.4875257019,7.48753043051
0.193548387097,0.135483870968,6.83036179284,6.83036179284,6.83036179284,6.83036179284,6.83036179284
0.193548387097,0.154838709677,6.19431727925,6.19431727925,6.19431727925,6.19431727925,6.19431727925
0.193548387097,0.174193548387,5.88604569117,5.88604569117,5.88604569117,5.88604569117,5.88604569117
0.193548387097,0.193548387097,5.12960954253,5.12960954253,5.12960954253,5.12960954253,5.12960954253
0.193548387097,0.212903225806,4.68030854669,4.68030854669,4.68030854669,4.68030854669,4.6803085071
0.193548387097,0.232258064516,4.11902490575,4.11902490575,4.11902490575,4.11902490575,4.11902487091
0.193548387097,0.251612903226,3.64395976033,3.64395976033,3.64395976033,3.64395976033,3.6439597295
0.193548387097,0.270967741935,3.24029727277,3.24029727277,3.24029727277,3.24029727277,3.24029724536
0.193548387097,0.290322580645,2.89572511531,2.89572511531,2.89572511531,2.89572511531,0.122960693878
0.212903225806,-0.290322580645,2.72596321276,2.72596321276,2.72596321276,2.72596321276,2.7259631897
0.212903225806,-0.270967741935,3.03012548186,3.03012548186,3.03012548186,3.03012548186,3.03012545623
0.212903225806,-0.251612903226,3.38144063093,3.38144063093,3.38144063093,3.38144063093,3.38144060232
0.212903225806,-0.232258064516,3.78815644889,3.78815644889,3.78815644889,3.78815644889,3.78815641685
0.212903225806,-0.212903225806,4.25957134334,4.25957134334,4.25957134334,4.25957134334,4.25957130731
0.212903225806,-0.193548387097,4.61183672637,4.61183672637,4.61183672637,4.61183672637,4.61183672637
0.212903225806,-0.174193548387,5.21715408443,5.21715408443,5.21715408443,5.21715408443,5.21715408443
0.212903225806,-0.154838709677,5.40149513108,5.40149513108,5.40149513108,5.40149513108,5.40149513108
0.212903225806,-0.135483870968,5.88736087938,5.88736087938,5.88736087938,5.88736087938,5.88736087938
0.212903225806,-0.116129032258,6.38251683949,6.38251683949,6.38251683949,6.38251683949,6.38252087026
0.212903225806,-0.0967741935484,6.60046133973,6.60046133973,6.60046133973,6.60046133973,6.60045597479
0.212903225806,-0.0774193548387,6.77014627073,6.77014627073,6.77014627073,6.77014396936,6.77014627073
0.212903225806,-0.058064516129,6.93688800824,6.93688800824,6.93689144323,6.93688927438,6.93688927438
0.212903225806,-0.0387096774194,6.74630226486,6.74630226486,0.191113306122,6.74630226486,0.382226612245
0.212903225806,-0.0193548387097,6.80132684591,6.80132363628,6.80132777558,6.80132684591,6.80132643584
0.212903225806,2.77555756156e-17,0.180480571429,0.180480571429,0.360961142857,0.360961142857,0.541441714286
0.212903225806,0.0193548387097,6.86742510604,6.86742510604,6.86742604474,6.86742510604,6.86742469198
0.212903225806,0.0387096774194,6.88502771543,6.88502771543,0.195043204082,6.88502771543,0.390086408163
0.212903225806,0.058064516129,6.95775504176,6.95775504176,6.95775326915,6.95775543526,6.95775504176
0.212903225806,0.0774193548387,6.87725792336,6.87725792336,6.87725792336,0.250537571429,6.87725792336
0.212903225806,0.0967741935484,6.95558593815,6.95558593815,6.95558593815,6.95558593815,6.95558817915
0.212903225806,0.116129032258,6.46957958497,6.46957958497,6.46957958497,6.46957958497,6.46958367072
0.212903225806,0.135483870968,5.97486002658,5.97486002658,5.97486002658,5.97486002658,5.97486002658
0.212903225806,0.154838709677,5.67793499121,5.67793499121,5.67793499121,5.67793499121,5.67793499121
0.212903225806,0.174193548387,5.24300894055,5.24300894055,5.24300894055,5.24300894055,5.24300894055
0.212903225806,0.193548387097,4.63428313418,4.63428313418,4.63428313418,4.63428313418,4.63428313418
0.212903225806,0.212903225806,4.27978205487,4.27978205487,4.27978205487,4.27978205487,4.27978201867
0.212903225806,0.232258064516,3.80559210458,3.80559210458,3.80559210458,3.80559210458,3.80559207238
0.212903225806,0.251612903226,3.39648860434,3.39648860434,3.39648860434,3.39648860434,3.39648857561
0.212903225806,0.270967741935,3.04313662004,3.04313662004,3.04313662004,3.04313662004,3.04313659429
0.212903225806,0.290322580645,2.73724366578,2.73724366578,2.73724366578,2.73724366578,0.116231122449
0.232258064516,-0.290322580645,2.56819979811,2.56819979811,2.56819979811,2.56819979811,2.56819977639
0.232258064516,-0.270967741935,2.83644446272,2.83644446272,2.83644446272,2.83644446272,2.83644443872
0.232258064516,-0.251612903226,3.14202213526,3.14202213526,3.14202213526,3.14202213526,3.14202210868
0.232258064516,-0.232258064516,3.49022195492,3.49022195492,3.49022195492,3.49022195492,3.4902219254
0.232258064516,-0.212903225806,3.88652626704,3.88652626704,3.88652626704,3.88652626704,3.88652623416
0.232258064516,-0.193548387097,4.16122233369,4.16122233369,4.16122233369,4.16122233369,4.16122233369
0.232258064516,-0.174193548387,4.64779654784,4.64779654784,4.64779654784,4.64779654784,4.64779654784
0.232258064516,-0.154838709677,4.96133842095,4.96133842095,4.96133842095,4.96133842095,4.96133842095
0.232258064516,-0.135483870968,5.18423692159,5.18423692159,5.18423692159,5.18423692159,5.18423692159
0.232258064516,-0.116129032258,5.57617974283,5.57617974283,5.57617974283,5.57617974283,5.57617974283
0.232258064516,-0.0967741935484,5.94379642754,5.94379642754,5.94379642754,5.94379642754,5.94380018124
0.232258064516,-0.0774193548387,6.28279543085,6.28279543085,6.28279543085,6.28279543085,6.28279745508
0.232258064516,-0.058064516129,6.26251052134,6.26251052134,6.26251052134,0.236767918367,6.26251052134
0.232258064516,-0.0387096774194,6.32474089257,6.32474089257,6.32474089257,6.32473891047,6.32474089257
0.232258064516,-0.0193548387097,6.40738447726,6.40738447726,6.40738447726,6.32563241932,6.40738447726
0.232258064516,2.77555756156e-17,6.33488617333,6.33488617333,6.3348844805,6.33488607555,6.33488617333
0.232258064516,0.0193548387097,6.47716700218,6.47716700218,6.47716700218,6.47716809076,6.47716700218
0.232258064516,0.0387096774194,6.47151473185,6.47151473185,6.47151473185,6.47151270375,6.47151473185
0.232258064516,0.058064516129,6.27243137577,6.27243137577,6.27243137577,6.27243443638,6.27243137577
0.232258064516,0.0774193548387,6.33824958389,6.33824958389,6.33824958389,6.33824958389,6.33825162599
0.232258064516,0.0967741935484,6.00664206193,6.00664206193,6.00664206193,6.00664206193,6.00664585532
0.232258064516,0.116129032258,5.64331557597,5.64331557597,5.64331557597,5.64331557597,5.64331557597
0.232258064516,0.135483870968,5.25281181214,5.25281181214,5.25281181214,5.25281181214,5.25281181214
0.232258064516,0.154838709677,4.98320997174,4.98320997174,4.98320997174,4.98320997174,4.98320997174
0.232258064516,0.174193548387,4.66843541724,4.66843541724,4.66843541724,4.66843541724,4.66843541724
0.232258064516,0.193548387097,4.17960350965,4.17960350965,4.17960350965,4.17960350965,4.17960350965
0.232258064516,0.212903225806,3.90345151238,3.90345151238,3.90345151238,3.90345151238,3.90345147936
0.232258064516,0.232258064516,3.50511132625,3.50511132625,3.50511132625,3.50511132625,3.5051112966
0.232258064516,0.251612903226,3.15509334998,3.15509334998,3.15509334998,3.15509334998,3.15509332329
0.232258064516,0.270967741935,2.84791475762,2.84791475762,2.84791475762,2.84791475762,2.84791473353
0.232258064516,0.290322580645,2.57827343346,2.57827343346,2.57827343346,2.57827343346,2.57827341165
0.251612903226,-0.290322580645,2.41287116575,2.41287116575,2.41287116575,2.41287116575,2.41287114534
0.251612903226,-0.270967741935,2.64816552664,2.64816552664,2.64816552664,2.64816552664,2.64816550424
0.251612903226,-0.251612903226,2.91263353922,2.91263353922,2.91263353922,2.91263353922,2.91263351458
0.251612903226,-0.232258064516,3.20944916758,3.20944916758,3.20944916758,3.20944916758,3.20944914043
0.251612903226,-0.212903225806,3.54152684517,3.54152684517,3.54152684517,3.54152684517,3.54152681521
0.251612903226,-0.193548387097,3.7532997938,3.7532997938,3.7532997938,3.7532997938,3.7532997938
0.251612903226,-0.174193548387,4.14467267981,4.14467267981,4.14467267981,4.14467267981,4.14467267981
0.251612903226,-0.154838709677,4.36900316924,4.36900316924,4.36900316924,4.36900316924,4.36900316924
0.251612903226,-0.135483870968,4.5942146046,4.5942146046,4.5942146046,4.5942146046,4.5942146046
0.251612903226,-0.116129032258,4.89190016413,4.89190016413,4.89190016413,4.89190016413,4.89190016413
0.251612903226,-0.0967741935484,5.18352054594,5.18352054594,5.18352054594,5.18352054594,5.18352054594
0.251612903226,-0.0774193548387,5.4370513651,5.4370513651,5.4370513651,5.4370513651,5.43705479878
0.251612903226,-0.058064516129,5.6650517921,5.6650517921,5.6650517921,5.6650517921,5.66505536976
0.251612903226,-0.0387096774194,5.8275370373,5.8275370373,5.8275370373,5.8275370373,5.82753891486
0.251612903226,-0.0193548387097,5.69364863347,5.69364863347,5.69364863347,5.69364863347,5.69365039509
0.251612903226,2.77555756156e-17,5.845445,5.845445,5.845445,5.845445,5.84544838066
0.251612903226,0.0193548387097,5.76730295308,5.76730295308,5.76730295308,5.76730295308,5.76730473748
0.251612903226,0.0387096774194,5.85152328357,5.85152328357,5.85152328357,5.85152328357,5.85152516885
0.251612903226,0.058064516129,5.69923858253,5.69923858253,5.69923858253,5.69923858253,5.69924218179
0.251612903226,0.0774193548387,5.47945395642,5.47945395642,5.47945395642,5.47945395642,5.47945741687
0.251612903226,0.0967741935484,5.23208400413,5.23208400413,5.23208400413,5.23208400413,5.23208400413
0.251612903226,0.116129032258,4.94435576183,4.94435576183,4.94435576183,4.94435576183,4.94435576183
0.251612903226,0.135483870968,4.82362602811,4.82362602811,4.82362602811,4.82362602811,4.82362602811
0.251612903226,0.154838709677,4.38606188564,4.38606188564,4.38606188564,4.38606188564,4.38606188564
0.251612903226,0.174193548387,4.16118082349,4.16118082349,4.16118082349,4.16118082349,4.16118082349
0.251612903226,0.193548387097,3.92674775535,3.92674775535,3.92674775535,3.92674775535,3.92674772213
0.251612903226,0.212903225806,3.55566405814,3.55566405814,3.55566405814,3.55566405814,3.55566402806
0.251612903226,0.232258064516,3.22211426485,3.22211426485,3.22211426485,3.22211426485,3.22211423759
0.251612903226,0.251612903226,2.92393273612,2.92393273612,2.92393273612,2.92393273612,2.92393271138
0.251612903226,0.270967741935,2.6582237824,2.6582237824,2.6582237824,2.6582237824,2.65822375991
0.251612903226,0.290322580645,2.42181728447,2.42181728447,2.42181728447,2.42181728447,2.42181726399
0.270967741935,-0.290322580645,2.26223186832,2.26223186832,2.26223186832,2.26223186832,2.26223184918
0.270967741935,-0.270967741935,2.46781429167,2.46781429167,2.46781429167,2.46781429167,2.4678142708
0.270967741935,-0.251612903226,2.69593695473,2.69593695473,2.69593695473,2.69593695473,2.69593693192
0.270967741935,-0.232258064516,2.94831900794,2.94831900794,2.94831900794,2.94831900794,2.948318983
0.270967741935,-0.212903225806,3.22622157819,3.22622157819,3.22622157819,3.22622157819,3.2262215509
0.270967741935,-0.193548387097,3.53007625538,3.53007625538,3.53007625538,3.53007625538,3.53007622551
0.270967741935,-0.174193548387,3.70330629755,3.70330629755,3.70330629755,3.70330629755,3.70330629755
0.270967741935,-0.154838709677,4.04019705145,4.04019705145,4.04019705145,4.04019705145,4.04019705145
0.270967741935,-0.135483870968,4.19854428289,4.19854428289,4.19854428289,4.19854428289,4.19854428289
0.270967741935,-0.116129032258,4.32914012149,4.32914012149,4.32914012149,4.32914012149,4.32914012149
0.270967741935,-0.0967741935484,4.54436716763,4.54436716763,4.54436716763,4.54436716763,4.54436716763
0.270967741935,-0.0774193548387,4.74811550014,4.74811550014,4.74811550014,4.74811550014,4.74811550014
0.270967741935,-0.058064516129,4.92065104305,4.92065104305,4.92065104305,4.92065104305,4.92065104305
0.270967741935,-0.0387096774194,5.04082706787,5.04082706787,5.04082706787,5.04082706787,5.04083025132
0.270967741935,-0.0193548387097,5.12548294856,5.12548294856,5.12548294856,5.12548294856,5.12548618547
0.270967741935,2.77555756156e-17,5.15756189748,5.15756189748,5.15756189748,5.15756189748,5.15756515465
0.270967741935,0.0193548387097,5.13506217816,5.13506217816,5.13506217816,5.13506217816,5.13506542112
0.270967741935,0.0387096774194,5.05939125501,5.05939125501,5.05939125501,5.05939125501,5.05939445018
0.270967741935,0.058064516129,4.94716577052,4.94716577052,4.94716577052,4.94716577052,4.94716577052
0.270967741935,0.0774193548387,4.78108391455,4.78108391455,4.78108391455,4.78108391455,4.78108391455
0.270967741935,0.0967741935484,4.58216775439,4.58216775439,4.58216775439,4.58216775439,4.58216775439
0.270967741935,0.116129032258,4.3558877842,4.3558877842,4.3558877842,4.3558877842,4.3558877842
0.270967741935,0.135483870968,4.21240619813,4.21240619813,4.21240619813,4.21240619813,4.21240619813
0.270967741935,0.154838709677,4.05422011807,4.05422011807,4.05422011807,4.05422011807,4.05422011807
0.270967741935,0.174193548387,3.71656280922,3.71656280922,3.71656280922,3.71656280922,3.71656280922
0.270967741935,0.193548387097,3.54292062106,3.54292062106,3.54292062106,3.54292062106,3.54292059109
0.270967741935,0.212903225806,3.23802301502,3.23802301502,3.23802301502,3.23802301502,3.23802298763
0.270967741935,0.232258064516,2.95907078735,2.95907078735,2.95907078735,2.95907078735,2.95907076232
0.270967741935,0.251612903226,2.70567560325,2.70567560325,2.70567560325,2.70567560325,2.70567558036
0.270967741935,0.270967741935,2.47660180831,2.47660180831,2.47660180831,2.47660180831,2.47660178736
0.270967741935,0.290322580645,2.2701432286,2.2701432286,2.2701432286,2.2701432286,2.2701432094
0.290322580645,-0.290322580645,2.11788234502,2.11788234502,2.11788234502,2.11788234502,2.1178823271
0.290322580645,-0.270967741935,2.29702868477,2.29702868477,2.29702868477,2.29702868477,2.29702866534
0.290322580645,-0.251612903226,2.49341507097,2.49341507097,2.49341507097,2.49341507097,2.49341504988
0.290322580645,-0.232258064516,2.70779798749,2.70779798749,2.70779798749,2.70779798749,2.70779796458
0.290322580645,-0.212903225806,2.94042158542,2.94042158542,2.94042158542,2.94042158542,2.94042156055
0.290322580645,-0.193548387097,3.19074085033,3.19074085033,3.19074085033,3.19074085033,3.19074082334
0.290322580645,-0.174193548387,3.31760923899,3.31760923899,3.31760923899,3.31760923899,3.31760923899
0.290322580645,-0.154838709677,3.58544685959,3.58544685959,3.58544685959,3.58544685959,3.58544685959
0.290322580645,-0.135483870968,3.85199729657,3.85199729657,3.85199729657,3.85199729657,3.85199729657
0.290322580645,-0.116129032258,3.95265684672,3.95265684672,3.95265684672,3.95265684672,3.95265684672
0.290322580645,-0.0967741935484,4.02144022527,4.02144022527,4.02144022527,4.02144022527,4.02144022527
0.290322580645,-0.0774193548387,4.17028623141,4.17028623141,4.17028623141,4.17028623141,4.17028623141
0.290322580645,-0.058064516129,4.30280353408,4.30280353408,4.30280353408,4.30280353408,4.30280353408
0.290322580645,-0.0387096774194,4.40374229199,4.40374229199,4.40374229199,4.40374229199,4.40374229199
0.290322580645,-0.0193548387097,4.46806349194,4.46806349194,4.46806349194,4.46806349194,4.46806349194
0.290322580645,2.77555756156e-17,4.49236939451,4.49236939451,4.49236939451,4.49236939451,4.49236939451
0.290322580645,0.0193548387097,4.47533781577,4.47533781577,4.47533781577,4.47533781577,4.47533781577
0.290322580645,0.0387096774194,4.41789785794,4.41789785794,4.41789785794,4.41789785794,4.41789785794
0.290322580645,0.058064516129,4.32310462773,4.32310462773,4.32310462773,4.32310462773,4.32310462773
0.290322580645,0.0774193548387,4.19574783624,4.19574783624,4.19574783624,4.19574783624,4.19574783624
0.290322580645,0.0967741935484,4.03099190839,4.03099190839,4.03099190839,4.03099190839,4.03099190839
0.290322580645,0.116129032258,3.96324658117,3.96324658117,3.96324658117,3.96324658117,3.96324658117
0.290322580645,0.135483870968,3.87180356224,3.87180356224,3.87180356224,3.87180356224,3.87180356224
0.290322580645,0.154838709677,3.59655544923,3.59655544923,3.59655544923,3.59655544923,3.59655544923
0.290322580645,0.174193548387,3.32831056749,3.32831056749,3.32831056749,3.32831056749,3.32831056749
0.290322580645,0.193548387097,3.20129605928,3.20129605928,3.20129605928,3.20129605928,3.2012960322
0.290322580645,0.212903225806,2.9502827901,2.9502827901,2.9502827901,2.9502827901,2.95028276514
0.290322580645,0.232258064516,2.71692097156,2.71692097156,2.71692097156,2.71692097156,2.71692094858
0.290322580645,0.251612903226,2.50179502831,2.50179502831,2.50179502831,2.50179502831,2.50179500715
0.290322580645,0.270967741935,2.30468772355,2.30468772355,2.30468772355,2.30468772355,2.30468770406
0.290322580645,0.290322580645,2.12485795301,2.12485795301,2.12485795301,2.12485795301,2.12485793503
