-1.93548387097,-1.93548387097,0.0168337056187,0.0198645037834,0.0281653328551,0.0386486927103,0.0509995304425
-1.93548387097,-1.8064516129,0.0176804781149,0.0208795136556,0.0295853740802,0.0405942824787,0.0535825060321
-1.93548387097,-1.67741935484,0.0185919034369,0.0219735108498,0.0311141811061,0.0426886086446,0.0563643760714
-1.93548387097,-1.54838709677,0.0195747120054,0.0231548720967,0.0327630281084,0.044946964393,0.0593658343305
-1.93548387097,-1.41935483871,0.0206363796773,0.024432983784,0.0345446800691,0.0473866311045,0.0626104325216
-1.93548387097,-1.29032258065,0.0217854521802,0.0258186315119,0.0364734579715,0.0500272425056,0.066124548958
-1.93548387097,-1.16129032258,0.0230316208803,0.0273240026394,0.0385658699736,0.0528911224754,0.0699385184331
-1.93548387097,-1.03225806452,0.0243859425142,0.028963156723,0.0408405132605,0.0560035592624,0.0740868075059
-1.93548387097,-0.903225806452,0.025861057474,0.0307521162763,0.0433188344352,0.0593936027361,0.0786087433686
-1.93548387097,-0.774193548387,0.0274714563771,0.0327093897113,0.0460253624389,0.0630944915846,0.0835498812876
-1.93548387097,-0.645161290323,0.0292338154872,0.034856439504,0.0489883717208,0.0671445392879,0.0889623896631
-1.93548387097,-0.516129032258,0.0311674145777,0.0372181883563,0.0522405839283,0.0715879003847,0.0949068062203
-1.93548387097,-0.387096774194,0.0332946006244,0.0398234910236,0.0558198484349,0.0764756666595,0.101453278725
-1.93548387097,-0.258064516129,0.0356413719627,0.0427063635005,0.0597704653463,0.0818673308748,0.108683528708
-1.93548387097,-0.129032258065,0.0382380373405,0.0459066973282,0.0641439409864,0.0878322860676,0.116693302392
-1.93548387097,0.0,0.0411202877568,0.0494715423271,0.0690008080589,0.0944516387244,0.12559496559
-1.93548387097,0.129032258065,0.044330075615,0.0534568159345,0.0744127401973,0.101821035735,0.135521077023
-1.93548387097,0.258064516129,0.0479169291977,0.0579292032231,0.0804641174588,0.110053073946,0.146628478047
-1.93548387097,0.387096774194,0.0519399705856,0.0629685283593,0.0872556902494,0.119281354924,0.159103892677
-1.93548387097,0.516129032258,0.0564695611174,0.0686709669517,0.0949076003422,0.129665007965,0.173170204826
-1.93548387097,0.645161290323,0.0615902054715,0.075152963643,0.103564242139,0.141393757545,0.189095023077
-1.93548387097,0.774193548387,0.0674037550182,0.0825562550019,0.11339974461,0.154695966839,0.207200387201
-1.93548387097,0.903225806452,0.0740338478998,0.0910542137285,0.124625511092,0.169846855944,0.227876827635
-1.93548387097,1.03225806452,0.0816311308997,0.100859952882,0.137499020515,0.187180062498,0.251598861497
-1.93548387097,1.16129032258,0.0903803407129,0.112236304683,0.152336610924,0.207102870008,0.278947303609
-1.93548387097,1.29032258065,0.100546624427,0.125350420479,0.169556422313,0.23026292622,0.310630736302
-1.93548387097,1.41935483871,0.112418668429,0.140686165081,0.189668208281,0.257292372488,0.347626599099
-1.93548387097,1.54838709677,0.126353867114,0.158799329722,0.213292325866,0.288972191645,0.391097398205
-1.93548387097,1.67741935484,0.142809014904,0.180331014676,0.241211435885,0.326318927362,0.442484150958
-1.93548387097,1.8064516129,0.162356505861,0.206088079508,0.274405813895,0.370604606842,0.503594194595
-1.93548387097,1.93548387097,0.185711850035,0.237076623783,0.314103387921,0.423427136495,0.576693277985
-1.8064516129,-1.93548387097,0.0184189871418,0.0217608558491,0.030823111476,0.0422909763571,0.0558312029049
-1.8064516129,-1.8064516129,0.0193899207015,0.0229274657771,0.0324519864014,0.0445220490964,0.0587959110616
-1.8064516129,-1.67741935484,0.0204386469049,0.0241895391332,0.0342117533623,0.0469319511761,0.062000344488
-1.8064516129,-1.54838709677,0.0215735907591,0.0255576229544,0.0361167561742,0.0495401515219,0.0654707482537
-1.8064516129,-1.41935483871,0.0228043308833,0.0270438444804,0.0381831171558,0.0523684832628,0.0692368191312
-1.8064516129,-1.29032258065,0.0241417735089,0.028662012787,0.0404292086869,0.0554420933207,0.0733327774587
-1.8064516129,-1.16129032258,0.0255983640334,0.0304280061094,0.042876267893,0.0587894879145,0.0777973838081
-1.8064516129,-1.03225806452,0.0271884114125,0.0323602000915,0.0455485181856,0.0624436294994,0.0826756005877
-1.8064516129,-0.903225806452,0.0289284246865,0.0344796837868,0.0484738368425,0.0664422548669,0.0880190564023
-1.8064516129,-0.774193548387,0.0308374059704,0.0368111395694,0.0516845084994,0.0708290431529,0.0938874491781
-1.8064516129,-0.645161290323,0.0329374264486,0.0393833049691,0.0552180976815,0.0756543960447,0.100350228137
-1.8064516129,-0.516129032258,0.0352542251909,0.0422298156405,0.0591182233196,0.0809770546615,0.107488456317
-1.8064516129,-0.387096774194,0.0378177848308,0.0453903041778,0.063435952007,0.0868657244067,0.115396668471
-1.8064516129,-0.258064516129,0.0406633672344,0.0489116288033,0.0682313452008,0.0934005588577,0.124186495188
-1.8064516129,-0.129032258065,0.0438324857946,0.0528495018635,0.0735751904554,0.100676163029,0.133989097491
-1.8064516129,0.0,0.0473743662603,0.0572705067651,0.0795512593898,0.108803838356,0.14496057443
-1.8064516129,0.129032258065,0.0513474206513,0.0622545144731,0.0862595850036,0.117915918272,0.157285983136
-1.8064516129,0.258064516129,0.0558214806643,0.0678982005297,0.093819308087,0.128169193654,0.171187056686
-1.8064516129,0.387096774194,0.0608803906105,0.0743189877016,0.102374067542,0.139751681673,0.186929817401
-1.8064516129,0.516129032258,0.0666251780842,0.0816600831199,0.112096866961,0.152888238242,0.204835002828
-1.8064516129,0.645161290323,0.0731784946954,0.0900979379997,0.123197772947,0.167849302329,0.225290070996
-1.8064516129,0.774193548387,0.080689740425,0.0998505209928,0.135933033926,0.184961619428,0.248766606198
-1.8064516129,0.903225806452,0.0893663829306,0.111061748062,0.150631012079,0.204722154444,0.275817625694
-1.8064516129,1.03225806452,0.0994606263653,0.124052405681,0.167719084237,0.227711615399,0.307232769189
-1.8064516129,1.16129032258,0.111258220772,0.139332046625,0.187704292214,0.254535795024,0.343983669716
-1.8064516129,1.29032258065,0.125133401545,0.157431969771,0.211227280423,0.28602286016,0.387246316531
-1.8064516129,1.41935483871,0.141558937468,0.179029502289,0.23909689412,0.323209128009,0.438504170813
-1.8064516129,1.54838709677,0.161131903274,0.204991617116,0.272336638237,0.367397561725,0.499627971538
-1.8064516129,1.67741935484,0.184608948502,0.236425654542,0.312243942615,0.42023132268,0.572987173411
-1.8064516129,1.8064516129,0.21294842154,0.274735079883,0.360464326292,0.483792963438,0.661586174657
-1.8064516129,1.93548387097,0.247360795405,0.321665445417,0.41907975225,0.560746042824,0.769245724738
-1.67741935484,-1.93548387097,0.0202379727937,0.0239416786771,0.033873799593,0.0464705127326,0.0613805331464
-1.67741935484,-1.8064516129,0.0213584037291,0.0252916025043,0.0357542231496,0.0490452833686,0.0648057463031
-1.67741935484,-1.67741935484,0.0225732203792,0.0267579095636,0.0377937037318,0.0518370531534,0.068522418383
-1.67741935484,-1.54838709677,0.0238932003506,0.0283542344574,0.0400103257947,0.0548704746498,0.0725640665072
-1.67741935484,-1.41935483871,0.0253306061447,0.0300962100059,0.0424250085582,0.0581738694165,0.0769690774977
-1.67741935484,-1.29032258065,0.0268995679001,0.0320019840557,0.0450615468887,0.0617794933313,0.0817816981252
-1.67741935484,-1.16129032258,0.0286162781444,0.0340923828709,0.0479475356792,0.0657246698308,0.087052883517
-1.67741935484,-1.03225806452,0.0304995680417,0.0363917628174,0.0511148453062,0.0700523655169,0.0928415044833
-1.67741935484,-0.903225806452,0.0325711540224,0.0389285101642,0.0546003666603,0.074812378643,0.0992161802101
-1.67741935484,-0.774193548387,0.0348564260108,0.0417358807079,0.0584472756503,0.0800626804524,0.106256810016
-1.67741935484,-0.645161290323,0.0373850065099,0.0448532331853,0.0627060350817,0.085871081178,0.114057023876
-1.67741935484,-0.516129032258,0.0401917016539,0.0483268611717,0.067435937584,0.0923165284544,0.122726924
-1.67741935484,-0.387096774194,0.0433175244301,0.0522121631007,0.0727067866809,0.0994924155099,0.132396456728
-1.67741935484,-0.258064516129,0.0468110533627,0.0565753510341,0.0786016880388,0.107508791885,0.143219956502
-1.67741935484,-0.129032258065,0.0507301264986,0.061496036209,0.0852194551728,0.116496007065,0.155380972456
-1.67741935484,0.0,0.0551437019448,0.0670706828951,0.0926781111969,0.126609109658,0.169098991422
-1.67741935484,0.129032258065,0.0601347295639,0.0734169845167,0.101119754068,0.138032831161,0.184637792031
-1.67741935484,0.258064516129,0.0658031980988,0.0806790036273,0.110715880831,0.150988660805,0.202314713491
-1.67741935484,0.387096774194,0.0722701226028,0.0890346436909,0.121674374098,0.165741602299,0.222513957119
-1.67741935484,0.516129032258,0.0796831345021,0.098705351247,0.13424887987,0.182610435443,0.245701028236
-1.67741935484,0.645161290323,0.0882739095433,0.109712695902,0.148782199715,0.202189797053,0.272408028237
-1.67741935484,0.774193548387,0.0982636332892,0.122587571647,0.165692611569,0.224923266445,0.303489812266
-1.67741935484,0.903225806452,0.109953734635,0.137759636911,0.185495543366,0.251474809734,0.339893595513
-1.67741935484,1.03225806452,0.123724855724,0.155775545018,0.208841610211,0.282677473176,0.382811099725
-1.67741935484,1.16129032258,0.140060105381,0.177341278042,0.23655791839,0.319578621183,0.433750028334
-1.67741935484,1.29032258065,0.159574799216,0.20337328036,0.26969833895,0.363495025193,0.494623221833
-1.67741935484,1.41935483871,0.183055538546,0.23506456676,0.309611414785,0.416088233194,0.567861810397
-1.67741935484,1.54838709677,0.211508804289,0.273967076729,0.358023308553,0.479454321309,0.656554832912
-1.67741935484,1.67741935484,0.246222948061,0.322083924644,0.417146145836,0.556258738113,0.764642663138
-1.67741935484,1.8064516129,0.288850977058,0.381944399395,0.489819192748,0.649959839932,0.897203440994
-1.67741935484,1.93548387097,0.341525238738,0.45659595596,0.579716347101,0.775849083967,1.06100249876
-1.54838709677,-1.93548387097,0.022338594159,0.026466733471,0.037398249742,0.051297594943,0.0677963423708
-1.54838709677,-1.8064516129,0.0236406134608,0.0280403894994,0.0395845502913,0.0542897572999,0.0717819280897
-1.54838709677,-1.67741935484,0.0250582474603,0.0297574139663,0.0419657270767,0.0575476719246,0.0761253423793
-1.54838709677,-1.54838709677,0.026605384749,0.0316355778978,0.044565361915,0.061103175165,0.0808699460008
-1.54838709677,-1.41935483871,0.0282979895517,0.0336954917273,0.0474105635141,0.0649930686939,0.0860658484163
-1.54838709677,-1.29032258065,0.0301545595667,0.0359610861708,0.0505326908417,0.0692594406885,0.0917712928885
-1.54838709677,-1.16129032258,0.0321965792126,0.0384603827086,0.0539681468002,0.0739515383849,0.0980536552863
-1.54838709677,-1.03225806452,0.0344489116779,0.0412262179114,0.0577593963967,0.0791263433552,0.104991796874
-1.54838709677,-0.903225806452,0.0369408183009,0.0442972690085,0.06195610314,0.0848505041459,0.112677993405
-1.54838709677,-0.774193548387,0.0397066023097,0.0477194687127,0.0666167638605,0.0912021946741,0.121220686586
-1.54838709677,-0.645161290323,0.0427866277309,0.05154748519,0.0718103612389,0.0982731947864,0.130748442506
-1.54838709677,-0.516129032258,0.0462288753394,0.0558469475335,0.0776186079427,0.106171843944,0.141413250379
-1.54838709677,-0.387096774194,0.0500902870507,0.0606967715973,0.084139122516,0.115026622896,0.153396481152
-1.54838709677,-0.258064516129,0.0544389334972,0.0661929868806,0.0914885371573,0.12499031603,0.166915392352
-1.54838709677,-0.129032258065,0.0593566357349,0.0724525639119,0.0998070969756,0.13624461187,0.182229991879
-1.54838709677,0.0,0.064941951699,0.0796197953274,0.109264104488,0.149006807078,0.199654599205
-1.54838709677,0.129032258065,0.0713142393348,0.0878727279682,0.120064785643,0.16353680826,0.219567750113
-1.54838709677,0.258064516129,0.0786263384453,0.0973822456291,0.132461333259,0.180178176958,0.242410920478
-1.54838709677,0.387096774194,0.087102021006,0.108245517415,0.14679847922,0.199488048595,0.268752290106
-1.54838709677,0.516129032258,0.0969647156817,0.12096903309,0.163492970713,0.2219191741,0.299431306528
-1.54838709677,0.645161290323,0.108517103585,0.135984423816,0.183061691896,0.248136040606,0.335394902525
-1.54838709677,0.774193548387,0.122143099114,0.15384934023,0.206160834448,0.278972116218,0.377841076487
-1.54838709677,0.903225806452,0.138331790121,0.175289418705,0.233627280253,0.315476036272,0.428289086386
-1.54838709677,1.03225806452,0.157710318631,0.201258760561,0.266534839788,0.358966227436,0.488671960895
-1.54838709677,1.16129032258,0.181084424503,0.233019133069,0.306263950505,0.411099331062,0.561446129552
-1.54838709677,1.29032258065,0.209492762861,0.272246845505,0.354592072883,0.473943298285,0.649723849323
-1.54838709677,1.41935483871,0.244271587403,0.3211691012,0.41380641816,0.550066932903,0.757423506163
-1.54838709677,1.54838709677,0.287144325571,0.382718502401,0.486850994539,0.649941371982,0.889477520414
-1.54838709677,1.67741935484,0.340347780748,0.460662663972,0.577545620559,0.782889975055,1.05359249964
-1.54838709677,1.8064516129,0.406878587202,0.559573196925,0.691038006919,0.951886428349,1.28094107321
-1.54838709677,1.93548387097,0.491028864682,0.684292978179,0.834820466233,1.16522082355,1.56814267221
-1.41935483871,-1.93548387097,0.0247816944322,0.0294122900782,0.0414992034047,0.0569118688151,0.0752675983337
-1.41935483871,-1.8064516129,0.026306383144,0.0312618320014,0.0440608144099,0.0604158789496,0.0799419473501
-1.41935483871,-1.67741935484,0.0279741443519,0.033289992646,0.0468639123048,0.0642486083647,0.0850601111602
-1.41935483871,-1.54838709677,0.0298031332018,0.0355203228938,0.0499392853179,0.0684517319307,0.0906791552439
-1.41935483871,-1.41935483871,0.0318144120399,0.0379803122696,0.0533227431123,0.0730734032195,0.096865463462
-1.41935483871,-1.29032258065,0.0340325754743,0.0407022494862,0.0570559806172,0.0781699011587,0.10369656329
-1.41935483871,-1.16129032258,0.0364862724139,0.0437243064822,0.061187940531,0.0838066128435,0.1112631547
-1.41935483871,-1.03225806452,0.0392092675745,0.0470916145377,0.0657760954644,0.090060329208,0.119672181664
-1.41935483871,-0.903225806452,0.0422413101895,0.0508580576944,0.0708883291787,0.0970215014501,0.129049974244
-1.41935483871,-0.774193548387,0.0456295032295,0.0550884266289,0.0766051039435,0.104796726167,0.139546347108
-1.41935483871,-0.645161290323,0.0494299650709,0.0598607095072,0.0830224919134,0.113512325691,0.151339969632
-1.41935483871,-0.516129032258,0.0537097295697,0.0652697488488,0.0902552984324,0.123318279319,0.164644837758
-1.41935483871,-0.387096774194,0.0585492139411,0.0714316180901,0.0984417670257,0.134393680341,0.179717753816
-1.41935483871,-0.258064516129,0.0640453695023,0.0784895170898,0.107748564253,0.146951289743,0.196867971964
-1.41935483871,-0.129032258065,0.0703157098756,0.086620925708,0.118377829779,0.161245571957,0.216468662497
-1.41935483871,0.0,0.0775136656385,0.0959732093341,0.130578152826,0.177626694912,0.23894503705
-1.41935483871,0.129032258065,0.0858582854334,0.106671029794,0.144692719892,0.196633255935,0.264874232918
-1.41935483871,0.258064516129,0.0955731956985,0.119210113475,0.161136006899,0.218719861255,0.295086874731
-1.41935483871,0.387096774194,0.106960309531,0.13402379571,0.180423296116,0.244546412012,0.330526019925
-1.41935483871,0.516129032258,0.120403462801,0.151674424696,0.203211139864,0.274942047408,0.372386602754
-1.41935483871,0.645161290323,0.13639417888,0.17290033766,0.230339759557,0.310949073526,0.422188142856
-1.41935483871,0.774193548387,0.155564694576,0.198680446136,0.262891529298,0.3538785608,0.481866507729
-1.41935483871,0.903225806452,0.178731750175,0.2303269154,0.302264054561,0.405366434492,0.553876579373
-1.41935483871,1.03225806452,0.206950330566,0.269612790273,0.350259584008,0.467423696311,0.641303673037
-1.41935483871,1.16129032258,0.241580368422,0.318948514424,0.409195031002,0.542457401816,0.747942269351
-1.41935483871,1.29032258065,0.284363392456,0.381613452705,0.482019226309,0.648084449909,0.878303644186
-1.41935483871,1.41935483871,0.337520957741,0.462026041255,0.572459306278,0.785370864134,1.05651483069
-1.41935483871,1.54838709677,0.403943661972,0.565972381015,0.685331816123,0.963294669069,1.29552420265
-1.41935483871,1.67741935484,0.487773873903,0.700512866482,0.827634805509,1.19415789715,1.60563426941
-1.41935483871,1.8064516129,0.596202390999,0.872866620341,1.02672067515,1.49020418715,2.00366885177
-1.41935483871,1.93548387097,0.754628502711,1.08169704599,1.28494929079,1.84581674193,2.48415880548
-1.29032258065,-1.93548387097,0.0276452342874,0.032876868024,0.0463085710339,0.0634926713055,0.0840375462218
-1.29032258065,-1.8064516129,0.0294458158093,0.0350705262704,0.0493357199977,0.0676305828312,0.0895673117983
-1.29032258065,-1.67741935484,0.0314254611956,0.0374895718423,0.0526654375338,0.0721797868823,0.0956542279106
-1.29032258065,-1.54838709677,0.0336082491846,0.0401656470496,0.0563387374853,0.0771952700769,0.102374095408
-1.29032258065,-1.41935483871,0.0360223797858,0.0431361729308,0.060403459807,0.0827413701689,0.109816243422
-1.29032258065,-1.29032258065,0.0387009117285,0.0464455210153,0.0649160565554,0.0888935157481,0.118085551592
-1.29032258065,-1.16129032258,0.0416829065987,0.0501466538101,0.0699432497443,0.0957405006664,0.127306045311
-1.29032258065,-1.03225806452,0.0450146599324,0.0543030343113,0.075564158597,0.103386951329,0.137625098476
-1.29032258065,-0.903225806452,0.0487512013504,0.058991614267,0.0818729258964,0.111956999797,0.14921830326
-1.29032258065,-0.774193548387,0.0529583946453,0.0643057433137,0.0889825426335,0.121598202958,0.162296034932
-1.29032258065,-0.645161290323,0.0577152582858,0.0703598703745,0.0970287262277,0.13248577137,0.177110947642
-1.29032258065,-0.516129032258,0.0631170391364,0.0772953380214,0.106175514337,0.144829072907,0.193967252938
-1.29032258065,-0.387096774194,0.0692789216581,0.0852880468792,0.11662126674,0.158876987705,0.213231867089
-1.29032258065,-0.258064516129,0.0763503543631,0.0944898738089,0.128609465028,0.174967065916,0.235322883584
-1.29032258065,-0.129032258065,0.0845500314054,0.105000079683,0.142477544756,0.193641470021,0.260796860034
-1.29032258065,0.0,0.0940985614049,0.117325005847,0.158637686568,0.215345848492,0.290486150826
-1.29032258065,0.129032258065,0.105295224306,0.131895584322,0.177601016011,0.240732151059,0.325324123057
-1.29032258065,0.258064516129,0.118521579165,0.149274302027,0.200019452389,0.270620728624,0.366496591555
-1.29032258065,0.387096774194,0.134267471456,0.170203378215,0.226730592176,0.306043935941,0.415513269566
-1.29032258065,0.516129032258,0.153165234775,0.195675865523,0.258816197693,0.348296333038,0.474297746951
-1.29032258065,0.645161290323,0.176034153307,0.227034797062,0.297676375325,0.398984949197,0.545286414303
-1.29032258065,0.774193548387,0.203934576364,0.266120317764,0.345119628568,0.460050307159,0.631505895021
-1.29032258065,0.903225806452,0.238229292273,0.315480910003,0.403456567491,0.535423939901,0.73656772955
-1.29032258065,1.03225806452,0.280640507438,0.378671728892,0.475571051177,0.643106540969,0.865148339267
-1.29032258065,1.16129032258,0.333279870033,0.460660181046,0.564909488782,0.783209848755,1.05323960566
-1.29032258065,1.29032258065,0.398649972904,0.568310322319,0.675356187734,0.967832073513,1.30087850665
-1.29032258065,1.41935483871,0.488146192191,0.707685713598,0.831239938235,1.20645789513,1.62126915237
-1.29032258065,1.54838709677,0.610187893046,0.890486888101,1.04686072266,1.51906512564,2.04153867971
-1.29032258065,1.67741935484,0.754948030783,1.13583447869,1.34036440069,1.94198622261,2.60941626269
-1.29032258065,1.8064516129,0.956970659373,1.4418700955,1.70224355324,2.46771582168,3.31836906659
-1.29032258065,1.93548387097,1.34516977275,1.674071197,2.27637569886,3.10718367,4.19434085708
-1.16129032258,-1.93548387097,0.0310304064318,0.0369894133611,0.0519976270958,0.0712721304527,0.0944223626624
-1.16129032258,-1.8064516129,0.0331767945486,0.0396178783597,0.0556089925979,0.0762042888327,0.101027478227
-1.16129032258,-1.67741935484,0.035550062686,0.0425346957624,0.0596042543386,0.0816569911736,0.108340662198
-1.16129032258,-1.54838709677,0.0381826584089,0.045783385661,0.0640386927215,0.0877042456645,0.116464790276
-1.16129032258,-1.41935483871,0.0411128256446,0.0494156788736,0.0689776362464,0.0944329454426,0.125521531803
-1.16129032258,-1.29032258065,0.0443858773153,0.0534939363914,0.0744985676075,0.101945894541,0.135655294276
-1.16129032258,-1.16129032258,0.0480558479845,0.0580933863443,0.0806939115794,0.11036484733,0.147038265007
-1.16129032258,-1.03225806452,0.0521871910969,0.063305587128,0.0876743520416,0.119834310823,0.159876866623
-1.16129032258,-0.903225806452,0.0568575242071,0.069243042778,0.095573185674,0.130526573914,0.174419428613
-1.16129032258,-0.774193548387,0.0621600538609,0.0760444973586,0.10455096503,0.142646569546,0.190964107124
-1.16129032258,-0.645161290323,0.068207867732,0.0838831591753,0.114802521533,0.156438263657,0.209871592061
-1.16129032258,-0.516129032258,0.0751423731491,0.0929407344996,0.126564800857,0.172211394294,0.231562538475
-1.16129032258,-0.387096774194,0.0831845504157,0.103244020456,0.140165246479,0.190528028509,0.256542866664
-1.16129032258,-0.258064516129,0.0925500904158,0.115327915718,0.156014227568,0.211816416045,0.285657749944
-1.16129032258,-0.129032258065,0.103533974842,0.129618223187,0.174615222674,0.236718272101,0.319827340517
-1.16129032258,0.0,0.116513052092,0.146672764195,0.196612151623,0.266041809057,0.36022036102
-1.16129032258,0.129032258065,0.131972282492,0.167230784175,0.222834235853,0.300803684777,0.408329018325
-1.16129032258,0.258064516129,0.150539383158,0.192286617684,0.25435533399,0.342279106085,0.46605506169
-1.16129032258,0.387096774194,0.173029552303,0.223196735821,0.292566589001,0.392041005074,0.535801268785
-1.16129032258,0.516129032258,0.200498645905,0.2618389675,0.339265931559,0.451959650224,0.620524936934
-1.16129032258,0.645161290323,0.234298809833,0.310851198476,0.396736481317,0.527538221499,0.723641478616
-1.16129032258,0.774193548387,0.276110545412,0.37398656753,0.467758978302,0.635152743231,0.854298312947
-1.16129032258,0.903225806452,0.327884034776,0.456633626125,0.555399682454,0.776489608004,1.0439009711
-1.16129032258,1.03225806452,0.394978536718,0.56506521705,0.668423006173,0.962208495375,1.29292565007
-1.16129032258,1.16129032258,0.498005061884,0.70362636934,0.843242531534,1.1973669213,1.60929086429
-1.16129032258,1.29032258065,0.634817358503,0.892616071099,1.07539581202,1.5187495168,2.0415734637
-1.16129032258,1.41935483871,0.845182201711,0.979825777602,1.4099893408,1.93589555529,2.6562845686
-1.16129032258,1.54838709677,1.13843678809,1.39500576169,1.91606002746,2.61445414717,3.50262811075
-1.16129032258,1.67741935484,1.27706950497,1.97659371794,2.3411939926,3.38897596008,4.55550733275
-1.16129032258,1.8064516129,1.8364433315,2.19742078969,3.08985221032,4.24797286844,5.64445661051
-1.16129032258,1.93548387097,1.87145588069,2.53729454741,3.46506885325,4.7886038895,6.57222813276
-1.03225806452,-1.93548387097,0.0350703717532,0.0419216308259,0.0587921313691,0.0805555851406,0.106839806652
-1.03225806452,-1.8064516129,0.0376556256475,0.0451072396038,0.0631460056191,0.0864948658772,0.114814119085
-1.03225806452,-1.67741935484,0.0405323021145,0.0486677964266,0.0679937534804,0.093101765621,0.123701157288
-1.03225806452,-1.54838709677,0.0437446988812,0.0526641349123,0.0734112066242,0.100476809349,0.133642279975
-1.03225806452,-1.41935483871,0.047345674718,0.0571697470613,0.0794888316735,0.108739348257,0.144806331235
-1.03225806452,-1.29032258065,0.0513983058503,0.0622740178821,0.0863348069529,0.118031044158,0.157395131408
-1.03225806452,-1.16129032258,0.055978512237,0.0680868963909,0.0940794902715,0.128520614802,0.171651850545
-1.03225806452,-1.03225806452,0.0611775879843,0.0747441165419,0.102880427721,0.140409172579,0.187869083638
-1.03225806452,-0.903225806452,0.067106094199,0.0824152693689,0.112928063476,0.153935835497,0.206400572698
-1.03225806452,-0.774193548387,0.0738978335416,0.091313642124,0.124454055887,0.169383363651,0.227672098458
-1.03225806452,-0.645161290323,0.0817691326024,0.101413656155,0.137768310681,0.187308140129,0.252134551288
-1.03225806452,-0.516129032258,0.0909370610739,0.113233105926,0.153281186255,0.208151076077,0.280630541448
-1.03225806452,-0.387096774194,0.101688453267,0.127210646317,0.171486320954,0.232529350553,0.314071688377
-1.03225806452,-0.258064516129,0.114393225161,0.143894787784,0.193016106104,0.261235999452,0.353605288424
-1.03225806452,-0.129032258065,0.129528855192,0.164015125953,0.218686638269,0.295269868149,0.400697968601
-1.03225806452,0.0,0.14771413074,0.18855702069,0.249555312969,0.335881835521,0.457221341682
-1.03225806452,0.129032258065,0.169754393496,0.218872744205,0.28699769964,0.384611040743,0.52553695886
-1.03225806452,0.258064516129,0.196693747692,0.256849353203,0.332787929961,0.443265816453,0.608532816033
-1.03225806452,0.387096774194,0.229865174025,0.30516608655,0.38917024989,0.517858191432,0.709454841668
-1.03225806452,0.516129032258,0.27090005242,0.367692871524,0.458815661839,0.624447280365,0.839796862899
-1.03225806452,0.645161290323,0.32157902229,0.450101875588,0.544409352276,0.765450945615,1.02883900472
-1.03225806452,0.774193548387,0.39390938022,0.556142152942,0.666497471075,0.9461190359,1.27137234739
-1.03225806452,0.903225806452,0.50104386425,0.694959093262,0.847970759214,1.18110337182,1.58751252192
-1.03225806452,1.03225806452,0.598582194252,0.809104025047,1.09794613009,1.51147840327,2.04633936705
-1.03225806452,1.16129032258,0.780912019703,1.02046089488,1.41012681963,1.96651886934,2.6508373262
-1.03225806452,1.29032258065,1.01050661987,1.34695025585,1.85692610346,2.60606274028,3.51973157263
-1.03225806452,1.41935483871,1.37990889406,1.78116972304,2.49783974748,3.50924178289,4.74271315652
-1.03225806452,1.54838709677,1.9109724661,2.77434077645,3.26165319676,4.74145913507,6.38412425631
-1.03225806452,1.67741935484,2.43203575076,2.97306590402,4.07310066011,5.80691526332,7.93568917486
-1.03225806452,1.8064516129,2.34633051157,3.05748729813,4.30920078753,6.08935604826,8.31006266843
-1.03225806452,1.93548387097,2.02921144392,2.69385495734,3.69410514932,5.2249891814,7.22559339381
-0.903225806452,-1.93548387097,0.039942634836,0.0479054789136,0.0669939255322,0.0917495511092,0.121849356969
-0.903225806452,-1.8064516129,0.0430926154525,0.0518167334114,0.0723047529371,0.0989827685515,0.131591766135
-0.903225806452,-1.67741935484,0.0466224757373,0.056224338987,0.0782606689813,0.107084249589,0.142528982785
-0.903225806452,-1.54838709677,0.0505937749279,0.0612155698734,0.0849674817627,0.116192432087,0.154858442118
-0.903225806452,-1.41935483871,0.0550806274228,0.066897072311,0.0925523707689,0.12647259804,0.168817460949
-0.903225806452,-1.29032258065,0.0601723849004,0.0734012577434,0.101169116922,0.138121880074,0.18469270549
-0.903225806452,-1.16129032258,0.0659769775723,0.0808930998336,0.111004288229,0.151374849327,0.202830577227
-0.903225806452,-1.03225806452,0.0726253450788,0.0895807387321,0.122284176728,0.166509143047,0.223648567233
-0.903225806452,-0.903225806452,0.0803106476391,0.0995200125449,0.135298729056,0.183996393883,0.247593390057
-0.903225806452,-0.774193548387,0.0892683934412,0.111054851472,0.150453897564,0.204367953698,0.275432015699
-0.903225806452,-0.645161290323,0.0997701392925,0.124691604565,0.168233975676,0.228188741855,0.308092274852
-0.903225806452,-0.516129032258,0.112177380635,0.140965371142,0.189256900988,0.256233891182,0.346696162187
-0.903225806452,-0.387096774194,0.12695714199,0.160590191814,0.214320427801,0.289480563667,0.392679308308
-0.903225806452,-0.258064516129,0.144715910352,0.184533191365,0.244461818255,0.329153636602,0.447874898984
-0.903225806452,-0.129032258065,0.166244305786,0.21412654103,0.281029878379,0.376760170227,0.514599355887
-0.903225806452,0.0,0.192568974159,0.251239666569,0.325769671931,0.434059130889,0.595676390321
-0.903225806452,0.129032258065,0.224998877421,0.298548688294,0.380879561022,0.50659233375,0.694230144558
-0.903225806452,0.258064516129,0.265118348136,0.35996130504,0.448937415268,0.611275922638,0.822028696103
-0.903225806452,0.387096774194,0.314569438804,0.441292989379,0.532327044647,0.750468388502,1.00856451672
-0.903225806452,0.516129032258,0.389198585685,0.544721879506,0.658373697693,0.926106243118,1.2444966464
-0.903225806452,0.645161290323,0.520341900491,0.620849731883,0.870777295327,1.19155843042,1.57804179061
-0.903225806452,0.774193548387,0.590998909544,0.752015281995,1.06753818622,1.47500608839,1.99520422396
-0.903225806452,0.903225806452,0.755148323967,1.01099424357,1.38713896676,1.95879099231,2.64811542378
-0.903225806452,1.03225806452,1.00176480296,1.36294750286,1.89166614221,2.64716613243,3.58560562546
-0.903225806452,1.16129032258,1.40664140655,1.87484885445,2.60980662932,3.67024749644,4.96995946797
-0.903225806452,1.29032258065,1.92981117707,2.59040464016,3.67130169627,5.1143264019,6.95470424936
-0.903225806452,1.41935483871,3.08474664289,3.84871079708,5.22559998553,7.13435418002,9.64286181743
-0.903225806452,1.54838709677,2.92442113924,4.1117405019,5.64977696334,8.00294120651,10.9181004726
-0.903225806452,1.67741935484,2.68034836516,3.56025264301,4.87930385805,6.90263837384,9.5537480968
-0.903225806452,1.8064516129,1.91645347585,2.56078970933,3.55239558004,5.03956398076,6.87213897304
-0.903225806452,1.93548387097,1.34329807649,1.78793808992,2.43849152953,3.47177817013,4.76896158247
-0.774193548387,-1.93548387097,0.045887904544,0.0552608028533,0.0770126802812,0.105402883361,0.140212315412
-0.774193548387,-1.8064516129,0.0497755528015,0.0601344307135,0.0835760491237,0.114322435323,0.152273689346
-0.774193548387,-1.67741935484,0.0541662628468,0.0656790050245,0.0909959556832,0.124387061463,0.165924509323
-0.774193548387,-1.54838709677,0.0591471546831,0.0720227345966,0.0994222005799,0.135789700201,0.181444791856
-0.774193548387,-1.41935483871,0.064823646745,0.079325526562,0.109036979098,0.14876059794,0.199172897153
-0.774193548387,-1.29032258065,0.0713235575313,0.0877891337227,0.12006124807,0.16357233954,0.219518376578
-0.774193548387,-1.16129032258,0.0788161229663,0.0975738284465,0.132767798831,0.180607079977,0.24294048278
-0.774193548387,-1.03225806452,0.0875528299617,0.108806978476,0.147547078719,0.20048494795,0.270088513974
-0.774193548387,-0.903225806452,0.0977902462922,0.122078919552,0.164877325157,0.223718956769,0.301923990821
-0.774193548387,-0.774193548387,0.109880006185,0.137908803336,0.185359333683,0.251063628102,0.339538343528
-0.774193548387,-0.645161290323,0.124276230506,0.156989570278,0.209769182085,0.28347191836,0.384329972033
-0.774193548387,-0.516129032258,0.141570156147,0.180260986721,0.239117686205,0.322141375577,0.438089407321
-0.774193548387,-0.387096774194,0.162533655919,0.209022000188,0.274722302702,0.368546495617,0.503081871767
-0.774193548387,-0.258064516129,0.188170579538,0.245101772901,0.318289066294,0.424410853015,0.582076905244
-0.774193548387,-0.129032258065,0.219762944595,0.291131873484,0.371971589871,0.493967837213,0.678130511499
-0.774193548387,0.0,0.258856683168,0.350984467455,0.438279354241,0.595970549112,0.801434355536
-0.774193548387,0.129032258065,0.307006063309,0.430486433596,0.51942280165,0.732019665042,0.983719967036
-0.774193548387,0.258064516129,0.381359490029,0.531153793936,0.644981944244,0.902708493888,1.21304545422
-0.774193548387,0.387096774194,0.491726590347,0.568601340485,0.819396900281,1.12423613469,1.54755151845
-0.774193548387,0.516129032258,0.576697479336,0.761633945997,1.03909209108,1.45517162394,1.9654172298
-0.774193548387,0.645161290323,0.739635836693,0.98825142154,1.37718421173,1.9243977253,2.61455830219
-0.774193548387,0.774193548387,1.0094655739,1.35511183327,1.8953549482,2.65511488617,3.5897772952
-0.774193548387,0.903225806452,1.43652885041,1.93273164512,2.69033281967,3.7708826183,5.09788289894
-0.774193548387,1.03225806452,2.09031953344,2.81446941119,3.92101907279,5.49682993571,7.43494830639
-0.774193548387,1.16129032258,3.04522004825,4.0814450222,5.75204397404,8.03355589546,10.9038562095
-0.774193548387,1.29032258065,4.25818304186,5.55957648678,7.52387776707,10.6478234552,14.3241525373
-0.774193548387,1.41935483871,3.71377135318,4.92942537954,6.76309540432,9.56759367372,13.2322548581
-0.774193548387,1.54838709677,2.48786753392,3.33190937633,4.66631552733,6.59620658735,9.02927843479
-0.774193548387,1.67741935484,1.64284156335,2.19074513253,3.0141163088,4.27953181917,5.84089169607
-0.774193548387,1.8064516129,1.12760126232,1.49136580483,2.04766730273,2.88672481299,3.9543277745
-0.774193548387,1.93548387097,0.805617382986,1.05367109482,1.46525899534,2.05644610673,2.78996922137
-0.645161290323,-1.93548387097,0.053237685588,0.0644379667244,0.0894143970287,0.122268524521,0.162981695432
-0.645161290323,-1.8064516129,0.0581046499076,0.07061511014,0.0976446475774,0.133417552075,0.178135217947
-0.645161290323,-1.67741935484,0.0636491271739,0.0777206709796,0.107031859006,0.14609780099,0.195438961162
-0.645161290323,-1.54838709677,0.069995892871,0.0859494503657,0.11779184473,0.160577664611,0.215293384325
-0.645161290323,-1.41935483871,0.077296306787,0.0955491014111,0.130186910056,0.17717340774,0.238181086909
-0.645161290323,-1.29032258065,0.0857985895483,0.106502717615,0.144574924727,0.196519023842,0.264625619847
-0.645161290323,-1.16129032258,0.0957597639503,0.119390782164,0.161434875789,0.219141311999,0.295598862512
-0.645161290323,-1.03225806452,0.107515253361,0.134749089411,0.181347405545,0.245752389035,0.332173216768
-0.645161290323,-0.903225806452,0.121504896366,0.153245489047,0.205064474327,0.27727888488,0.375704625102
-0.645161290323,-0.774193548387,0.138301696437,0.175786287791,0.233565370131,0.31488726996,0.427934470679
-0.645161290323,-0.645161290323,0.15865485037,0.203624540585,0.268129438343,0.36002064957,0.49107383816
-0.645161290323,-0.516129032258,0.183541863909,0.23852943272,0.31041943461,0.414377865607,0.567840762715
-0.645161290323,-0.387096774194,0.214214976237,0.283052968453,0.362541168958,0.480221091856,0.661269764646
-0.645161290323,-0.258064516129,0.252189146934,0.340968899437,0.426961937282,0.578885933975,0.778487493003
-0.645161290323,-0.129032258065,0.298986335331,0.417995985428,0.505850900165,0.710648539645,0.955027212994
-0.645161290323,0.0,0.37089657268,0.515803373093,0.627201044083,0.876500751911,1.177801225
-0.645161290323,0.129032258065,0.470461866608,0.570911981146,0.783801735286,1.095093072,1.50231784589
-0.645161290323,0.258064516129,0.551807925221,0.734895048758,1.00989589283,1.41574338105,1.91351858845
-0.645161290323,0.387096774194,0.722362937759,0.97194106228,1.34587954517,1.88100804561,2.54938156472
-0.645161290323,0.516129032258,0.995523912207,1.33779640353,1.86628443435,2.61983318265,3.53528544305
-0.645161290323,0.645161290323,1.44527699818,1.94507642932,2.70862714288,3.79134783585,5.12088855331
-0.645161290323,0.774193548387,2.1822627956,2.93800634124,4.09056566326,5.72255372274,7.73003721957
-0.645161290323,0.903225806452,3.39512216569,4.56959031371,6.37841603788,8.93778363359,12.0775842539
-0.645161290323,1.03225806452,5.87408367844,7.98335974823,10.0339479206,13.6074849478,18.5440734775
-0.645161290323,1.16129032258,5.50238256397,7.26857744829,10.0362938884,14.1861664914,19.4845097904
-0.645161290323,1.29032258065,3.35828950398,4.507987697,6.37013756037,8.97072324843,12.3119983964
-0.645161290323,1.41935483871,2.04504615222,2.73181049197,3.78776906239,5.36338152986,7.29389058561
-0.645161290323,1.54838709677,1.33312778269,1.76520722842,2.41963458515,3.41149748296,4.68122958328
-0.645161290323,1.67741935484,0.920403994722,1.20443924185,1.67341552637,2.3486438525,3.18439641935
-0.645161290323,1.8064516129,0.664147137244,0.856341763215,1.20915549464,1.6831065296,2.30437948021
-0.645161290323,1.93548387097,0.495973118142,0.635744165742,0.903349096603,1.26165173739,1.71669262195
-0.516129032258,-1.93548387097,0.0624564383389,0.0760866847513,0.104994651665,0.143391854419,0.191640006346
-0.516129032258,-1.8064516129,0.0686458434868,0.0840719818837,0.115482326665,0.157529904717,0.210986735379
-0.516129032258,-1.67741935484,0.075763127366,0.0933782451526,0.127560223357,0.173736787459,0.233286927097
-0.516129032258,-1.54838709677,0.0840137873027,0.104154853857,0.141550958371,0.192486487864,0.259068154823
-0.516129032258,-1.41935483871,0.0936887715673,0.116643824489,0.157924072695,0.214476815754,0.289148742607
-0.516129032258,-1.29032258065,0.105096472177,0.131509137466,0.177244446482,0.240326812039,0.32464136402
-0.516129032258,-1.16129032258,0.11866075887,0.149389565947,0.20023639003,0.270933945662,0.36685577527
-0.516129032258,-1.03225806452,0.134933788202,0.171152551559,0.227844196935,0.307431816943,0.417476911001
-0.516129032258,-0.903225806452,0.154639308435,0.197996538143,0.261304552835,0.351230213842,0.478656781148
-0.516129032258,-0.774193548387,0.178723866857,0.231613905864,0.302229393245,0.404008994273,0.553062629082
-0.516129032258,-0.645161290323,0.20840687904,0.27444882221,0.352674197631,0.467529466275,0.643733623038
-0.516129032258,-0.516129032258,0.245178389798,0.330123528198,0.415080214258,0.560388096859,0.753669519454
-0.516129032258,-0.387096774194,0.290570144548,0.404148644145,0.491683276752,0.686934001618,0.923246340951
-0.516129032258,-0.258064516129,0.358294161727,0.499036171816,0.605850349525,0.848064682807,1.1395519091
-0.516129032258,-0.129032258065,0.459966935938,0.53817479,0.766313219109,1.05139657644,1.45348910503
-0.516129032258,0.0,0.531639802984,0.708638488845,0.977602653828,1.36923068749,1.8455080847
-0.516129032258,0.129032258065,0.702910807309,0.935329620527,1.30196204285,1.82757002065,2.47023333169
-0.516129032258,0.258064516129,0.973315131512,1.30693433028,1.81530255855,2.54539394248,3.43983331842
-0.516129032258,0.387096774194,1.42194657474,1.91124978196,2.66505557117,3.72535358108,5.02866784974
-0.516129032258,0.516129032258,2.20887452652,2.9679248742,4.12939076503,5.76557674763,7.7679170048
-0.516129032258,0.645161290323,3.62460941712,4.87803082918,6.78244422548,9.45943652228,12.7249132237
-0.516129032258,0.774193548387,6.28415972244,8.44345848857,11.7636584973,16.467960944,22.2623418453
-0.516129032258,0.903225806452,8.7984813706,11.2532057776,16.1503337875,22.5139774324,31.1898513906
-0.516129032258,1.03225806452,4.78397666397,6.43646432002,9.16975686041,12.8636262319,17.6811876634
-0.516129032258,1.16129032258,2.59668908737,3.47380512939,4.84712741732,6.84652105919,9.33581195096
-0.516129032258,1.29032258065,1.58886605261,2.10557969273,2.88248171452,4.06413801117,5.58300621566
-0.516129032258,1.41935483871,1.05511463714,1.38102594368,1.91771778988,2.69120487168,3.64737817176
-0.516129032258,1.54838709677,0.74165251812,0.95580595983,1.34991845861,1.87800436523,2.57135638138
-0.516129032258,1.67741935484,0.5434984702,0.697719003239,0.989619037877,1.38378663478,1.87885640307
-0.516129032258,1.8064516129,0.411212036535,0.542784751145,0.747970136477,1.06910330638,1.45028372188
-0.516129032258,1.93548387097,0.319107102925,0.433651104517,0.595008548251,0.847585481476,1.14949985555
-0.387096774194,-1.93548387097,0.0742059044638,0.0911704827324,0.124890911293,0.170240179055,0.228303563206
-0.387096774194,-1.8064516129,0.0822114379657,0.101735112093,0.138489449232,0.188427275083,0.253424148937
-0.387096774194,-1.67741935484,0.0915871969378,0.113853923443,0.154361557483,0.209744904207,0.28260379435
-0.387096774194,-1.54838709677,0.102636624871,0.128210043099,0.173071809428,0.234811299849,0.316981401867
-0.387096774194,-1.41935483871,0.115760584051,0.145451411697,0.195313381111,0.264468594144,0.357832175256
-0.387096774194,-1.29032258065,0.131489075538,0.166401578873,0.22199288163,0.29981382414,0.406780798087
-0.387096774194,-1.16129032258,0.15051674904,0.192197513872,0.254297877605,0.342221303017,0.465910504319
-0.387096774194,-1.03225806452,0.173755953937,0.224442725142,0.293784252873,0.393349801762,0.537833581474
-0.387096774194,-0.903225806452,0.202388587431,0.265451357425,0.3424508209,0.4550028935,0.625600868876
-0.387096774194,-0.774193548387,0.237879869548,0.318653183332,0.402717506066,0.540833014682,0.731987247659
-0.387096774194,-0.645161290323,0.281797149776,0.389271576104,0.476948751467,0.661453414169,0.889132754287
-0.387096774194,-0.516129032258,0.34400373419,0.481201817551,0.581678031837,0.817966413923,1.09906044548
-0.387096774194,-0.387096774194,0.456028279933,0.537443842559,0.761534229614,1.04331590756,1.3747495472
-0.387096774194,-0.258064516129,0.516321062935,0.684989002488,0.929440833436,1.30323920885,1.77747186683
-0.387096774194,-0.129032258065,0.672742897069,0.897682145984,1.24458176971,1.74972736453,2.3649514607
-0.387096774194,0.0,0.933624324037,1.25164483401,1.74004697918,2.43570924765,3.29239237244
-0.387096774194,0.129032258065,1.37163041779,1.84378837126,2.56655486184,3.58830213811,4.83665363812
-0.387096774194,0.258064516129,2.15359568021,2.89885362886,4.02972648561,5.62122878746,7.56131250256
-0.387096774194,0.387096774194,3.65710741873,4.90913154136,6.81021863886,9.47058937475,10.6514
-0.387096774194,0.516129032258,6.85969131801,9.19437559347,12.7500416906,17.7034348565,18.087533
-0.387096774194,0.645161290323,16.9402525481,20.3099501948,28.5312250449,39.2436833214,52.2002626351
-0.387096774194,0.774193548387,7.48308851351,10.1807211641,14.2845195418,20.2571029463,27.8109853411
-0.387096774194,0.903225806452,3.36925295734,4.51192257772,6.32250207201,8.91397715215,12.1728959556
-0.387096774194,1.03225806452,1.90711513563,2.52831841661,3.45861179129,4.87598903647,6.7007499775
-0.387096774194,1.16129032258,1.21230883143,1.58651309374,2.20285402678,3.09046915868,4.18798220874
-0.387096774194,1.29032258065,0.828551226398,1.066905413,1.50774418646,2.09594539196,2.87052687546
-0.387096774194,1.41935483871,0.595364673035,0.765778722978,1.08373145142,1.5176865625,2.05766133898
-0.387096774194,1.54838709677,0.443932561873,0.587702198734,0.807092334937,1.15642190024,1.56852371361
-0.387096774194,1.67741935484,0.340630357716,0.464730452524,0.637538061283,0.907129257715,1.22994606678
-0.387096774194,1.8064516129,0.267422981087,0.376329322879,0.515826981759,0.7281164129,0.98598916084
-0.387096774194,1.93548387097,0.221818933895,0.31070338768,0.425521863762,0.5954429569,0.804566264001
-0.258064516129,-1.93548387097,0.0894641446846,0.111036143592,0.150763404826,0.204964243235,0.275991591794
-0.258064516129,-1.8064516129,0.100147877872,0.12487232218,0.168850397486,0.229230318171,0.309229993689
-0.258064516129,-1.67741935484,0.112820662357,0.141458569254,0.190323061891,0.257913171992,0.348682101883
-0.258064516129,-1.54838709677,0.12798843244,0.1615719868,0.216046757486,0.292071232249,0.395906699692
-0.258064516129,-1.41935483871,0.146315299502,0.186283117376,0.247157227668,0.333038065415,0.452911518229
-0.258064516129,-1.29032258065,0.168674826596,0.217097710548,0.285146104399,0.382447266717,0.522242399824
-0.258064516129,-1.16129032258,0.196207085728,0.256184776689,0.331948545558,0.442142159014,0.606950683398
-0.258064516129,-1.03225806452,0.230347301616,0.30675101107,0.389954960054,0.520555721344,0.710081600304
-0.258064516129,-0.903225806452,0.272702784888,0.373675757439,0.461672249697,0.634756941364,0.853409299868
-0.258064516129,-0.774193548387,0.328439947181,0.462627531023,0.555358765581,0.786738357036,1.05703758641
-0.258064516129,-0.645161290323,0.441468475034,0.535820119036,0.740419738048,1.00984984206,1.34654269696
-0.258064516129,-0.516129032258,0.500700415221,0.653824441076,0.903152113655,1.2578471534,1.69447333716
-0.258064516129,-0.387096774194,0.630945864988,0.857056756223,1.18853254559,1.66159332285,2.24788324522
-0.258064516129,-0.258064516129,0.882373721705,1.18581642094,1.64850001493,2.30938577235,3.11885090857
-0.258064516129,-0.129032258065,1.29605277817,1.74224191468,2.42501824384,3.39011588363,4.56955260915
-0.258064516129,0.0,2.04553313802,2.74540416915,3.81749141637,5.32346037757,7.15561673893
-0.258064516129,0.129032258065,3.50322904792,4.69890667927,6.50923174932,9.03731482855,9.097249
-0.258064516129,0.258064516129,6.65879089246,8.9078537806,11.958434,11.958434,11.958434
-0.258064516129,0.387096774194,17.8039492139,23.8507406365,33.0099821009,37.518677,37.518677
-0.258064516129,0.516129032258,13.6584231996,18.4398351679,25.5058217639,36.4583750709,49.9369806393
-0.258064516129,0.645161290323,4.47054637668,5.98816561339,8.40043484625,11.8357535394,16.1655767398
-0.258064516129,0.774193548387,2.30074863192,3.0495589298,4.17164136011,5.87990612852,8.07569873194
-0.258064516129,0.903225806452,1.39382389108,1.82293640012,2.53223723704,3.55087298699,4.81291538044
-0.258064516129,1.03225806452,0.924959940642,1.18962860572,1.68285198575,2.33699581443,3.2022378996
-0.258064516129,1.16129032258,0.651434508473,0.839838260909,1.18542887674,1.66313813482,2.25469563891
-0.258064516129,1.29032258065,0.478672627572,0.635739678553,0.87276882183,1.24961005371,1.69467999631
-0.258064516129,1.41935483871,0.363179277646,0.497558162555,0.682449327972,0.969862374894,1.31464467559
-0.258064516129,1.54838709677,0.284131342745,0.399695483975,0.547748641577,0.771984696356,1.04490809966
-0.258064516129,1.67741935484,0.234319538138,0.327888374179,0.448962947674,0.627055674872,0.846677809165
-0.258064516129,1.8064516129,0.196560711138,0.273668058101,0.374405327243,0.517896449035,0.699025284945
-0.258064516129,1.93548387097,0.167252315263,0.231745435393,0.316783041802,0.433765448489,0.592215618714
-0.129032258065,-1.93548387097,0.10985557418,0.137436363443,0.18529088294,0.251296495372,0.339450564163
-0.129032258065,-1.8064516129,0.124452079873,0.156699350505,0.210040247372,0.284240426028,0.384913165264
-0.129032258065,-1.67741935484,0.142061555967,0.180304168023,0.239927595446,0.323725909332,0.439735449056
-0.129032258065,-1.54838709677,0.163516351349,0.209653777916,0.276375490781,0.371351871899,0.50638095892
-0.129032258065,-1.41935483871,0.189908713498,0.246761516777,0.32124361173,0.428986729961,0.587878448308
-0.129032258065,-1.29032258065,0.222635372309,0.294593780239,0.376877821473,0.499863091197,0.687497636403
-0.129032258065,-1.16129032258,0.263331167637,0.357647260822,0.445901886798,0.607349346434,0.816737941045
-0.129032258065,-1.03225806452,0.313329479701,0.442949821322,0.52991699607,0.753505866282,1.01241795131
-0.129032258065,-0.903225806452,0.399145599973,0.549812012489,0.674935966025,0.933773259437,1.25487376099
-0.129032258065,-0.774193548387,0.463319526778,0.613684472928,0.840483624402,1.19677012503,1.61342740953
-0.129032258065,-0.645161290323,0.604420707787,0.797346344478,1.11379430238,1.56672588094,2.11844492932
-0.129032258065,-0.516129032258,0.823796316275,1.10663264238,1.54012525334,2.16323459588,2.92063475993
-0.129032258065,-0.387096774194,1.20262599766,1.616382775,2.25456150279,3.1520333325,4.25261918249
-0.129032258065,-0.258064516129,1.88761698157,2.5369288966,3.52723681467,4.91969312166,6.61322744758
-0.129032258065,-0.129032258065,3.2241729729,4.32273508591,5.98896485716,8.223,8.223
-0.129032258065,0.0,6.03742029892,8.06428752803,9.692222,9.692222,9.692222
-0.129032258065,0.129032258065,14.3573973855,17.598355,17.598355,17.598355,17.598355
-0.129032258065,0.258064516129,33.4883382714,44.9945818233,62.5913534615,88.5642945951,121.606776271
-0.129032258065,0.387096774194,6.05634939509,8.10406269144,11.3227042334,15.973877843,21.7768000375
-0.129032258065,0.516129032258,2.78024212671,3.68172146613,5.04096571317,7.1025011858,9.73743789987
-0.129032258065,0.645161290323,1.59991412293,2.09022835629,2.90640840879,4.07279164019,5.52343413374
-0.129032258065,0.774193548387,1.03034892543,1.3231756958,1.87428331905,2.59965137197,3.5645907071
-0.129032258065,0.903225806452,0.711310438566,0.919412926309,1.29398770073,1.8191746035,2.466078385
-0.129032258065,1.03225806452,0.515191343573,0.686560647913,0.942379475242,1.34801903782,1.82787468164
-0.129032258065,1.16129032258,0.386617012188,0.531913967459,0.729442413054,1.03537475829,1.40304405994
-0.129032258065,1.29032258065,0.301645007983,0.423956836784,0.580885817751,0.817415456409,1.10586110707
-0.129032258065,1.41935483871,0.247235690744,0.345625771772,0.473151443129,0.659583763662,0.889937122906
-0.129032258065,1.54838709677,0.206358050965,0.28700712867,0.39256559645,0.541791469379,0.733053765692
-0.129032258065,1.67741935484,0.174859231991,0.242015374238,0.330739888535,0.45168991757,0.618408254991
-0.129032258065,1.8064516129,0.150069239109,0.206744075193,0.282292977917,0.385152273404,0.528407319127
-0.129032258065,1.93548387097,0.130206148456,0.178592008582,0.243641557302,0.333247119898,0.456473972833
0.0,-1.93548387097,0.137780555553,0.174306157888,0.232651760983,0.314329072887,0.426454686119
0.0,-1.8064516129,0.158314005846,0.202177480764,0.267528973589,0.360117097561,0.49034231577
0.0,-1.67741935484,0.183537824936,0.23728323887,0.310411302788,0.41559131846,0.568491910613
0.0,-1.54838709677,0.214799602759,0.282339243161,0.363577188181,0.482720367444,0.664321886871
0.0,-1.41935483871,0.253738704306,0.341441962086,0.429718549889,0.579675958569,0.780572329687
0.0,-1.29032258065,0.301938635506,0.420959949736,0.511082511768,0.715687979818,0.961952198623
0.0,-1.16129032258,0.375877793516,0.523713888875,0.635739117638,0.890098658908,1.19610879684
0.0,-1.03225806452,0.455911894897,0.607217995781,0.820329245801,1.13911421251,1.52442028767
0.0,-0.903225806452,0.569466611788,0.76163206281,1.04554370182,1.47352404508,1.9906307993
0.0,-0.774193548387,0.768649608648,1.02643484623,1.43231494808,2.00705784427,2.71505858227
0.0,-0.645161290323,1.10244562113,1.48362898292,2.06809542539,2.8943630864,3.90710052049
0.0,-0.516129032258,1.70803936184,2.29653816751,3.19273466083,4.45647162141,5.99678112511
0.0,-0.387096774194,2.87357045571,3.85557433824,5.34460745965,7.42354868933,7.755262
0.0,-0.258064516129,5.27654167518,7.05008507154,8.776219,8.776219,8.776219
0.0,-0.129032258065,11.1453245703,12.786116,12.786116,12.786116,12.786116
0.0,0.0,0.0202019944071,0.0202019944071,0.0202019944071,0.0202019944071,0.0202019944071
0.0,0.129032258065,8.3336356645,11.1197106158,15.3505155768,21.737862368,29.5611259574
0.0,0.258064516129,3.34790950633,4.42635446582,6.07125535222,8.54935655966,11.6846316259
0.0,0.387096774194,1.8280432041,2.38488252211,3.32082334908,4.64961717062,6.31096259418
0.0,0.516129032258,1.14325457174,1.46570641689,2.07939194358,2.88027085494,3.95254710889
0.0,0.645161290323,0.774261705214,1.00345822187,1.40808983987,1.98379445172,2.68909716416
0.0,0.774193548387,0.553125576426,0.73957857026,1.01499288748,1.45055887263,1.96663205663
0.0,0.903225806452,0.410759550595,0.567454472843,0.778052629227,1.10305238325,1.49432274077
0.0,1.03225806452,0.319665622745,0.448904411645,0.614958101995,0.864056624244,1.16838581442
0.0,1.16129032258,0.260465788686,0.363783198734,0.497911220309,0.692818481428,0.934078633259
0.0,1.29032258065,0.216359355079,0.300615516266,0.411090431742,0.566111529662,0.767767910316
0.0,1.41935483871,0.182604030549,0.252464510508,0.344938492777,0.46987644182,0.64505489507
0.0,1.54838709677,0.156188948804,0.214932797684,0.293398474734,0.400541037235,0.54926930576
0.0,1.67741935484,0.135125900465,0.18512210222,0.252479734815,0.345555375609,0.473085592633
0.0,1.8064516129,0.118058343073,0.161058098635,0.219465557421,0.301108486316,0.411512776665
0.0,1.93548387097,0.104034627411,0.141359660313,0.192453694322,0.264671950377,0.361054535346
0.129032258065,-1.93548387097,0.177137417484,0.227837056196,0.299524460074,0.402023152085,0.548910067103
0.129032258065,-1.8064516129,0.206896658742,0.27012355642,0.350148823004,0.466649448922,0.640691399982
0.129032258065,-1.67741935484,0.243993924021,0.325278225057,0.413232662539,0.552116134061,0.752973786945
0.129032258065,-1.54838709677,0.290182661999,0.398999933712,0.491486508021,0.678005349658,0.91162967266
0.129032258065,-1.41935483871,0.352169555317,0.497664267588,0.595715953688,0.846610701275,1.13756911089
0.129032258065,-1.29032258065,0.478532818927,0.576692016476,0.801917483567,1.09546392924,1.45660470767
0.129032258065,-1.16129032258,0.538626392182,0.715780993138,0.973630180334,1.36750229963,1.86137048352
0.129032258065,-1.03225806452,0.713792196857,0.947812731845,1.32637723083,1.85014833629,2.50542612064
0.129032258065,-0.903225806452,1.0018224145,1.35175863713,1.88146982977,2.63321999389,3.55574582188
0.129032258065,-0.774193548387,1.52208337629,2.04737471823,2.84775940007,3.97929273123,5.35977832398
0.129032258065,-0.645161290323,2.5001785855,3.35723601281,4.65895414994,6.48367613305,7.579944
0.129032258065,-0.516129032258,4.48239891942,5.99468884263,8.27898496291,8.625947,8.625947
0.129032258065,-0.387096774194,8.94811575878,11.01171,11.01171,11.01171,11.01171
0.129032258065,-0.258064516129,42.4547541762,43.066037,43.066037,43.066037,43.066037
0.129032258065,-0.129032258065,11.5337490654,15.3322280885,20.9076971364,29.5866206718,40.7135271161
0.129032258065,0.0,3.98852080544,5.26392606619,7.23470239576,10.1812574218,13.8637114691
0.129032258065,0.129032258065,2.07135256481,2.69845180647,3.76298991363,5.2643333564,7.15157456724
0.129032258065,0.258064516129,1.26096634638,1.61408023635,2.29326529762,3.17253935512,4.35697614843
0.129032258065,0.387096774194,0.839146591098,1.09019361307,1.5256968012,2.15365762013,2.91923261673
0.129032258065,0.516129032258,0.591964359673,0.793894055601,1.08938688302,1.55559870985,2.10876509713
0.129032258065,0.645161290323,0.435370004095,0.60369212347,0.827617614132,1.1720550827,1.58736535391
0.129032258065,0.774193548387,0.337977297753,0.474257086964,0.64958415787,0.911447675231,1.23189113038
0.129032258065,0.903225806452,0.273877076154,0.382190938283,0.523011860376,0.72650065999,0.978787432622
0.129032258065,1.03225806452,0.226478864559,0.314385834306,0.429836055465,0.590707896664,0.802894743709
0.129032258065,1.16129032258,0.190429241961,0.263022539357,0.359284801283,0.489454650989,0.671975801156
0.129032258065,1.29032258065,0.162365218318,0.22319695779,0.304606118231,0.416073147857,0.570320281714
0.129032258065,1.41935483871,0.14008654593,0.19170582813,0.261390651537,0.357967101953,0.489829732025
0.129032258065,1.54838709677,0.122102783411,0.166383723968,0.226658218992,0.31117668047,0.425027748109
0.129032258065,1.67741935484,0.107375483729,0.145725169173,0.198337245598,0.272947778672,0.372104152361
0.129032258065,1.8064516129,0.0951624257741,0.128656155969,0.174949514649,0.241315939075,0.328337013118
0.129032258065,1.93548387097,0.0849216079855,0.114394452837,0.155419557193,0.214849433099,0.291741502114
0.258064516129,-1.93548387097,0.234174126352,0.309338978255,0.396578440147,0.525396813809,0.724478313458
0.258064516129,-1.8064516129,0.278158867143,0.377373868396,0.471298463445,0.640983251896,0.862152880926
0.258064516129,-1.67741935484,0.332396176854,0.470120229985,0.562622564371,0.799967133468,1.07507314895
0.258064516129,-1.54838709677,0.423484622055,0.588919827196,0.716536485906,1.0009472106,1.34523804655
0.258064516129,-1.41935483871,0.492999430809,0.665274728606,0.910779838605,1.29123286779,1.74010682551
0.258064516129,-1.29032258065,0.655819395266,0.866722293025,1.20936190281,1.70198743818,2.30648870702
0.258064516129,-1.16129032258,0.901738387828,1.21538666513,1.69872861638,2.37869504929,3.21632870123
0.258064516129,-1.03225806452,1.34173391482,1.80620546128,2.51371972846,3.51462940555,4.74599496571
0.258064516129,-0.903225806452,2.14054529161,2.8753661758,3.9967412535,5.5730120508,7.48865014092
0.258064516129,-0.774193548387,3.70646957929,4.96845631587,6.87822495262,9.163338,9.163338
0.258064516129,-0.645161290323,7.10448882249,9.48808149513,10.567335,10.567335,10.567335
0.258064516129,-0.516129032258,21.2218525427,26.555807,26.555807,26.555807,26.555807
0.258064516129,-0.387096774194,15.5109199145,20.596913899,28.1100823361,39.635697272,54.5927588163
0.258064516129,-0.258064516129,4.65177313014,6.13378712966,8.43856177708,11.8712347605,16.1326162918
0.258064516129,-0.129032258065,2.31663019183,3.01532001156,4.20876150887,5.88493181356,7.99906525342
0.258064516129,0.0,1.37915467127,1.76349156621,2.50807546075,3.46677762577,4.76357494815
0.258064516129,0.129032258065,0.904323459018,1.17693810005,1.64390184303,2.32378851955,3.14975667001
0.258064516129,0.258064516129,0.631028360992,0.84824173437,1.16384709705,1.66087920697,2.25125194952
0.258064516129,0.387096774194,0.460154250525,0.639971334221,0.877254505236,1.24126459622,1.68072033381
0.258064516129,0.516129032258,0.356298793952,0.49965070026,0.684275233377,0.959009046348,1.29565210698
0.258064516129,0.645161290323,0.287300702243,0.400634018152,0.548167973252,0.760317269456,1.02369454422
0.258064516129,0.774193548387,0.236610709304,0.32818576679,0.44862591163,0.615407171928,0.838099937981
0.258064516129,0.903225806452,0.198265203958,0.273604738875,0.373666694409,0.509278465585,0.698959588749
0.258064516129,1.03225806452,0.168550940764,0.231480873062,0.315842283489,0.431639546643,0.591420104154
0.258064516129,1.16129032258,0.145055237794,0.198305237128,0.27032390285,0.370405710524,0.506611378551
0.258064516129,1.29032258065,0.126154150327,0.171722044873,0.233869098879,0.32126728412,0.438572797923
0.258064516129,1.41935483871,0.110722239069,0.150100904968,0.204234842527,0.281241703669,0.383176896107
0.258064516129,1.54838709677,0.0979589296501,0.132285136373,0.179829847034,0.248212146974,0.337491128103
0.258064516129,1.67741935484,0.0872821592011,0.117435557943,0.159500037885,0.220642660584,0.29938523447
0.258064516129,1.8064516129,0.0782605743393,0.10493190527,0.14239194493,0.197395952023,0.267282104953
0.258064516129,1.93548387097,0.0705686981377,0.0943071071012,0.127863592568,0.177616168497,0.239993611171
0.387096774194,-1.93548387097,0.317881200775,0.44078662846,0.538657806043,0.749467427242,1.00773688102
0.387096774194,-1.8064516129,0.390481056945,0.553898470227,0.660853241952,0.942665598728,1.26676253656
0.387096774194,-1.67741935484,0.523148432451,0.608246761539,0.872410526214,1.19689569052,1.62221765211
0.387096774194,-1.54838709677,0.596187885611,0.798488355027,1.12331021655,1.56596674632,2.11767972525
0.387096774194,-1.41935483871,0.816325946753,1.10091892406,1.52450684448,2.14137527584,2.8962247394
0.387096774194,-1.29032258065,1.180746816,1.58013870712,2.20303929329,3.09092342255,4.17601579693
0.387096774194,-1.16129032258,1.81111458744,2.43649118438,3.39387095561,4.74007008818,6.38874437017
0.387096774194,-1.03225806452,3.00970156752,4.03950387948,5.6099462619,7.80668528688,9.348762
0.387096774194,-0.903225806452,5.4591217142,7.31394377217,10.1185441207,11.152462,11.152462
0.387096774194,-0.774193548387,12.4690453022,16.6967612949,23.084557572,23.089792,23.089792
0.387096774194,-0.645161290323,17.0246433871,22.3029966316,30.9574003256,43.4796077167,58.9199035699
0.387096774194,-0.516129032258,5.21520013042,6.87971356888,9.46019251097,13.3106862201,18.106194213
0.387096774194,-0.387096774194,2.54137430164,3.30835121704,4.61716981993,6.4567066513,8.77562847415
0.387096774194,-0.258064516129,1.49137952851,1.90674131556,2.71218928516,3.74858059406,5.15119267025
0.387096774194,-0.129032258065,0.967533277822,1.2600078357,1.75870913054,2.48734576859,3.37143474053
0.387096774194,0.0,0.66943068435,0.900959818029,1.23612014527,1.76343708742,2.39014453178
0.387096774194,0.129032258065,0.48474292212,0.675461258524,0.925837675847,1.30927921668,1.77255761566
0.387096774194,0.258064516129,0.374282682731,0.52463411122,0.718424549099,1.00603253728,1.35878464776
0.387096774194,0.387096774194,0.300531816738,0.418853394884,0.573030570045,0.793893747171,1.06900341909
0.387096774194,0.516129032258,0.246627223661,0.341858253225,0.467251036128,0.640006340097,0.872986206052
0.387096774194,0.645161290323,0.206030149414,0.2841118507,0.387953218794,0.528951472622,0.725756113618
0.387096774194,0.774193548387,0.174691382233,0.239718807298,0.327021817212,0.447112822943,0.612407426757
0.387096774194,0.903225806452,0.149994271748,0.204876638919,0.27922296232,0.382786034547,0.523324649374
0.387096774194,1.03225806452,0.130185733898,0.177042719135,0.241058796105,0.33132001027,0.452074568739
0.387096774194,1.16129032258,0.114055367745,0.154465509652,0.210119561203,0.289510741091,0.394221758775
0.387096774194,1.29032258065,0.100746042697,0.135906911378,0.184702155624,0.255091965322,0.346627017267
0.387096774194,1.41935483871,0.0896362286991,0.120472211916,0.163575597254,0.226424894499,0.307017035478
0.387096774194,1.54838709677,0.0802667693391,0.107501218674,0.145832478858,0.202299925523,0.273713963029
0.387096774194,1.67741935484,0.0722921876946,0.0964992955074,0.130792178919,0.181809530386,0.245457266711
0.387096774194,1.8064516129,0.0654489811237,0.087089262621,0.117936317907,0.164260867949,0.221284740223
0.387096774194,1.93548387097,0.0595327682817,0.0789799155267,0.106864503899,0.149119107871,0.200452786106
0.516129032258,-1.93548387097,0.465788598587,0.654742469383,0.78864025145,1.11379643091,1.49701093398
0.516129032258,-1.8064516129,0.548054249535,0.745974283641,1.02121873269,1.44530884266,1.94791937109
0.516129032258,-1.67741935484,0.742018634276,0.979556984383,1.36840199844,1.92517849445,2.60270987162
0.516129032258,-1.54838709677,1.03147653181,1.38574623688,1.92954581272,2.70940022229,3.66390140698
0.516129032258,-1.41935483871,1.5350862083,2.06306533454,2.87092341174,4.02160649348,5.43092290651
0.516129032258,-1.29032258065,2.42150582926,3.25848577728,4.5377428113,6.33653569356,8.53095708468
0.516129032258,-1.16129032258,4.11928661221,5.5306417118,7.68000809344,10.6929042068,13.172176
0.516129032258,-1.03225806452,7.78980605941,10.4648830305,14.5452435977,20.2760787753,24.889209
0.516129032258,-0.903225806452,11.9684167591,16.5553554845,22.6740265723,31.139292482,42.6801337066
0.516129032258,-0.774193548387,5.45549166141,7.1929950911,9.90118611315,13.9328399896,18.9410043677
0.516129032258,-0.645161290323,2.71112994173,3.53298817157,4.92597091046,6.89332350245,9.36400347773
0.516129032258,-0.516129032258,1.58861072654,2.03305277112,2.88929559033,3.99666180332,5.48965824327
0.516129032258,-0.387096774194,1.02575034613,1.33474562515,1.8647328725,2.63557857678,3.57243789533
0.516129032258,-0.258064516129,0.706018019384,0.950000187644,1.30341803904,1.85957328408,2.52049275692
0.516129032258,-0.129032258065,0.50866711326,0.709153081268,0.972002855735,1.37437727079,1.86063492632
0.516129032258,0.0,0.391514339165,0.548669983786,0.751307948171,1.05166608425,1.42022701634
0.516129032258,0.129032258065,0.313328974323,0.436542793574,0.597191038904,0.826790156983,1.11414732714
0.516129032258,0.258064516129,0.256381546333,0.355219766855,0.485467867327,0.66427335979,0.907090651935
0.516129032258,0.387096774194,0.213629638036,0.294429038787,0.401992820557,0.54825282069,0.75207993582
0.516129032258,0.516129032258,0.180723993344,0.247837562298,0.338047188994,0.462348727135,0.633099987817
0.516129032258,0.645161290323,0.154860711466,0.211370565885,0.288023303648,0.395009930817,0.539848604683
0.516129032258,0.774193548387,0.134167228323,0.182311725337,0.24818365174,0.34126783354,0.465451948881
0.516129032258,0.903225806452,0.117353537772,0.158794991061,0.215960767611,0.297707521123,0.40518374488
0.516129032258,1.03225806452,0.103508112567,0.139504524046,0.189544765651,0.261921011114,0.355706188126
0.516129032258,1.16129032258,0.0919720107644,0.123491610733,0.167630425372,0.232170969596,0.314609055391
0.516129032258,1.29032258065,0.0822593680287,0.110058471341,0.149258468824,0.207177775287,0.280117478918
0.516129032258,1.41935483871,0.0740055869672,0.098682700025,0.133710386071,0.185983522177,0.250900448746
0.516129032258,1.54838709677,0.0669328128635,0.0889673415076,0.120440493247,0.167858723159,0.225944715637
0.516129032258,1.67741935484,0.0608261326505,0.0806063314286,0.109028034438,0.152240919154,0.204468162091
0.516129032258,1.8064516129,0.0555176111522,0.0733605195874,0.0991443861697,0.138690232344,0.185859169841
0.516129032258,1.93548387097,0.0508740239422,0.06704134711,0.0905305888193,0.126858836023,0.169634017685
0.645161290323,-1.93548387097,0.684356087438,0.905046882813,1.23376106998,1.72959450487,2.34599741077
0.645161290323,-1.8064516129,0.911057402134,1.21777434653,1.68748964438,2.37652468406,3.21705463037
0.645161290323,-1.67741935484,1.30230667667,1.7490498326,2.43017252401,3.41175274639,4.61689210572
0.645161290323,-1.54838709677,1.96210525417,2.63767152876,3.67490403459,5.14383869395,6.94901701695
0.645161290323,-1.41935483871,3.11494707071,4.18326563346,5.83095548669,8.14914000207,10.9980471973
0.645161290323,-1.29032258065,5.1590242362,6.95185235687,9.69570053495,13.5872451343,18.3669730773
0.645161290323,-1.16129032258,8.41188719361,10.3014262641,14.0870435828,20.1060706109,27.4505221906
0.645161290323,-1.03225806452,5.16752725892,6.76974006127,9.40027611758,13.2066441132,17.9024985877
0.645161290323,-0.903225806452,2.78340694165,3.62997351079,5.05912307051,7.08489454539,9.62285240785
0.645161290323,-0.774193548387,1.65931990273,2.12737876388,3.01854884017,4.18184623322,5.73949456909
0.645161290323,-0.645161290323,1.07509651537,1.39579224655,1.95499455363,2.75812884972,3.73876974124
0.645161290323,-0.516129032258,0.739312904723,0.992991990248,1.3625210103,1.9448952503,2.63639887035
0.645161290323,-0.387096774194,0.531325417849,0.73988484136,1.01417686817,1.43451997325,1.9422634856
0.645161290323,-0.258064516129,0.407523361509,0.571141383065,0.782092564796,1.09489970156,1.47870136563
0.645161290323,-0.129032258065,0.325419991647,0.453352940462,0.62018026461,0.858488480024,1.15706796031
0.645161290323,0.0,0.265706618191,0.368062643505,0.502999301257,0.687933509936,0.9398896039
0.645161290323,0.129032258065,0.220957403304,0.304427893908,0.415615311435,0.566932085303,0.77760707226
0.645161290323,0.258064516129,0.186578211854,0.255753658807,0.348809857051,0.47718450408,0.65329127152
0.645161290323,0.387096774194,0.159607244938,0.217731746417,0.29665316427,0.406969153393,0.556048232427
0.645161290323,0.516129032258,0.13806580618,0.187491459029,0.25519547947,0.35103514739,0.478615558259
0.645161290323,0.645161290323,0.120592876072,0.16306315366,0.221725289547,0.305779003437,0.41600084428
0.645161290323,0.774193548387,0.106227732457,0.143059088541,0.194334162052,0.268661462642,0.364685625767
0.645161290323,0.903225806452,0.094276583368,0.126480444329,0.171647958278,0.237852779884,0.322131444044
0.645161290323,1.03225806452,0.0842287424911,0.11259337437,0.152657727235,0.21200869971,0.286471540019
0.645161290323,1.16129032258,0.0757014063796,0.100849802106,0.136609242207,0.190122742868,0.256308199399
0.645161290323,1.29032258065,0.0684031905058,0.0908332976409,0.122930404686,0.171430329799,0.230578714716
0.645161290323,1.41935483871,0.062109196879,0.0822235409226,0.111180759288,0.155342769086,0.208464050277
0.645161290323,1.54838709677,0.0566436509574,0.0747706721531,0.101017034398,0.141400044613,0.189325161651
0.645161290323,1.67741935484,0.0518675837862,0.0682778965666,0.0921686217884,0.129239244688,0.172656440342
0.645161290323,1.8064516129,0.0476698634682,0.0625880683062,0.0844199498512,0.118570655167,0.158055136611
0.645161290323,1.93548387097,0.0439609226732,0.0575748840687,0.0775972873244,0.109161030171,0.145196967379
0.774193548387,-1.93548387097,1.11701254405,1.48254485928,2.07543165959,2.91136051187,3.94063579108
0.774193548387,-1.8064516129,1.5943864083,2.14377604749,2.9964288483,4.20912556574,5.69420476209
0.774193548387,-1.67741935484,2.3987086005,3.21015898502,4.49410193181,6.29938715712,8.52230610337
0.774193548387,-1.54838709677,3.67659800004,4.86843036335,6.84654823971,9.58301599413,12.9901480568
0.774193548387,-1.41935483871,5.75041116556,6.70178549154,9.63917833269,13.281337629,18.3098444567
0.774193548387,-1.29032258065,4.40597248803,5.66404661281,8.04827553386,11.2112625118,15.4205158147
0.774193548387,-1.16129032258,2.72560350905,3.55027697955,4.95879803842,6.9443706862,9.44638242748
0.774193548387,-1.03225806452,1.69128655802,2.17236715428,3.0778997031,4.27123221645,5.8582474367
0.774193548387,-0.903225806452,1.11102451745,1.43767938833,2.02121792272,2.84402844323,3.85559752193
0.774193548387,-0.774193548387,0.767494213142,1.02741327197,1.40997609024,2.01452821158,2.73125752176
0.774193548387,-0.645161290323,0.55195023946,0.766392626906,1.05063586291,1.4873840115,2.01433366556
0.774193548387,-0.516129032258,0.421800618891,0.591369113793,0.809859611863,1.13457156466,1.53269296373
0.774193548387,-0.387096774194,0.336507658323,0.468898651685,0.641479560651,0.888382357232,1.19678548587
0.774193548387,-0.258064516129,0.274420787706,0.380157197202,0.519538061459,0.710667645306,0.970801890438
0.774193548387,-0.129032258065,0.227897712805,0.313965135457,0.428630632427,0.584714473015,0.801980819905
0.774193548387,0.0,0.192178343975,0.263375239656,0.359188910717,0.49144154135,0.672754210771
0.774193548387,0.129032258065,0.16418148659,0.223899319886,0.305033835168,0.418543879971,0.571776796482
0.774193548387,0.258064516129,0.141844709011,0.192540882037,0.262040928651,0.360540695817,0.491465928801
0.774193548387,0.387096774194,0.123747294652,0.167241352319,0.227376153725,0.313668007028,0.426606190653
0.774193548387,0.516129032258,0.108885882256,0.146550359796,0.199044698472,0.275272075801,0.373519315124
0.774193548387,0.645161290323,0.0965359907995,0.1294238964,0.175609690436,0.243441123618,0.32955193561
0.774193548387,0.774193548387,0.0861643547451,0.115095366827,0.156016733066,0.216770686647,0.292753045817
0.774193548387,0.903225806452,0.0773714939588,0.102992334402,0.139478822677,0.194210383784,0.261663193477
0.774193548387,1.03225806452,0.0698538110253,0.092680846782,0.125398666215,0.17496310741,0.235174253427
0.774193548387,1.16129032258,0.0633768616865,0.0838268641117,0.113317294589,0.158414748336,0.21243189156
0.774193548387,1.29032258065,0.0577576365745,0.0761701882551,0.102877405385,0.144086797083,0.192769932477
0.774193548387,1.41935483871,0.0528515543889,0.0695060878125,0.0937973094709,0.1316015541,0.175662676732
0.774193548387,1.54838709677,0.0485432041207,0.0636714248605,0.0858528934702,0.120657919513,0.160691681793
0.774193548387,1.67741935484,0.0447394495078,0.0585349374568,0.0788642179564,0.111013683245,0.147519444994
0.774193548387,1.8064516129,0.0413647552512,0.053990349254,0.0726851191534,0.102472267027,0.135872380123
0.774193548387,1.93548387097,0.0383570686065,0.0499506954225,0.0671963711487,0.0948726675313,0.125526908022
0.903225806452,-1.93548387097,1.88705295173,2.535795163,3.53737463759,4.95780921261,6.72534760078
0.903225806452,-1.8064516129,2.76643480007,3.80169211075,5.18643505277,7.08286756105,9.69979743936
0.903225806452,-1.67741935484,4.05787917756,4.73635381476,6.8036993659,9.3742926831,12.8767027151
0.903225806452,-1.54838709677,3.46217736772,4.60395797453,6.34103053603,9.10589717466,12.3974102373
0.903225806452,-1.41935483871,2.53838913529,3.29060272284,4.62600829206,6.46752743923,8.83514866372
0.903225806452,-1.29032258065,1.67558453668,2.15411748952,3.0512556277,4.23926413858,5.81480047497
0.903225806452,-1.16129032258,1.12899649015,1.45576389216,2.05507414958,2.88351169362,3.90973970244
0.903225806452,-1.03225806452,0.78850335602,1.0508470278,1.44246386021,2.06354662272,2.79835997767
0.903225806452,-0.903225806452,0.569607748683,0.787392813271,1.0796260552,1.53046298884,2.07343291706
0.903225806452,-0.774193548387,0.433827140776,0.608642582247,0.833641317203,1.16937581645,1.58045359827
0.903225806452,-0.645161290323,0.346282444936,0.482768988661,0.660532660691,0.915778128901,1.23286338429
0.903225806452,-0.516129032258,0.282332814838,0.391256021104,0.534751277377,0.732098583675,0.999199335837
0.903225806452,-0.387096774194,0.234327722074,0.322886958481,0.440833585641,0.601304688766,0.824811681995
0.903225806452,-0.258064516129,0.19744243423,0.270603267027,0.369053434185,0.504928447648,0.691241858278
0.903225806452,-0.129032258065,0.168528242955,0.229807733498,0.313079098202,0.429605841334,0.586872160175
0.903225806452,0.0,0.145465464553,0.197415198056,0.268662287538,0.369696715515,0.503896078368
0.903225806452,0.129032258065,0.126789363147,0.171298516312,0.232874155045,0.321313143642,0.436927162278
0.903225806452,0.258064516129,0.111462460073,0.149956282089,0.203648689914,0.281709101005,0.382157050597
0.903225806452,0.387096774194,0.0987350762441,0.132306003516,0.179495797102,0.248903309411,0.336835152183
0.903225806452,0.516129032258,0.0880547425573,0.117552468115,0.159321390584,0.22143987526,0.298937075214
0.903225806452,0.645161290323,0.0790073760179,0.105101913776,0.142308526788,0.198228644554,0.266948608192
0.903225806452,0.774193548387,0.0712780805356,0.0945036154798,0.127837443087,0.178443172424,0.239718992175
0.903225806452,0.903225806452,0.0646239404221,0.085411261041,0.115431907727,0.161446552262,0.216362050675
0.903225806452,1.03225806452,0.0588554350508,0.0775552282336,0.104721109502,0.146742392999,0.196186715741
0.903225806452,1.16129032258,0.0538226497222,0.0707230923957,0.0954131796106,0.133939440809,0.178648114253
0.903225806452,1.29032258065,0.0494061871786,0.064745921574,0.0872761321638,0.122725814027,0.16331206803
0.903225806452,1.41935483871,0.0455097215473,0.0594879874647,0.0801233802209,0.112850972846,0.149829658293
0.903225806452,1.54838709677,0.0420549449764,0.0548392418997,0.0738039144728,0.104111362964,0.137917530304
0.903225806452,1.67741935484,0.038977794403,0.0507097904626,0.0681944001103,0.0963406093959,0.127392838256
0.903225806452,1.8064516129,0.0362253354747,0.0470257033864,0.0631933608565,0.0894015248265,0.118342407596
0.903225806452,1.93548387097,0.0337535664978,0.0437255262317,0.0587166018519,0.0831801734087,0.110219287087
1.03225806452,-1.93548387097,2.97671191112,3.46080501894,4.98861317393,6.87460128273,9.53544701905
1.03225806452,-1.8064516129,2.64040744138,3.71495089211,5.10262084752,7.22778937346,9.84806662369
1.03225806452,-1.67741935484,2.26001718647,2.90214816977,4.1276386081,5.74463506023,7.90528083133
1.03225806452,-1.54838709677,1.61088665707,2.06907362053,2.9361758966,4.08001767205,5.60385121963
1.03225806452,-1.41935483871,1.12563791806,1.44733518923,2.050336543,2.87037991109,3.89442081401
1.03225806452,-1.29032258065,0.800312901746,1.06133300096,1.45726180637,2.087695477,2.83186306196
1.03225806452,-1.16129032258,0.5832497671,0.801705398895,1.09952223156,1.56130543744,2.11614090242
1.03225806452,-1.03225806452,0.443110526405,0.622265785268,0.852483428032,1.19792956737,1.62006485196
1.03225806452,-0.903225806452,0.354440399383,0.494545859301,0.676770416754,0.939900262743,1.26631711255
1.03225806452,-0.774193548387,0.289248548329,0.401101957011,0.548291742164,0.751793219014,1.02442827001
1.03225806452,-0.645161290323,0.240120736365,0.331030537341,0.452006481538,0.61639351499,0.845686532866
1.03225806452,-0.516129032258,0.202286025689,0.277332072593,0.378262845732,0.517441971765,0.708488551534
1.03225806452,-0.387096774194,0.172589063638,0.235386542562,0.320696043543,0.440018418992,0.601159703559
1.03225806452,-0.258064516129,0.148887249335,0.202066512774,0.274996915279,0.378408403949,0.515789109071
1.03225806452,-0.129032258065,0.129689603906,0.175201463388,0.238176016297,0.328647633819,0.446884560508
1.03225806452,0.0,0.113936271155,0.153253347886,0.208116026851,0.287924703294,0.390544275974
1.03225806452,0.129032258065,0.100858331207,0.135109916065,0.183284884807,0.254205130609,0.343942826978
1.03225806452,0.258064516129,0.08988819054,0.119952591064,0.162556272902,0.225990692356,0.304996831129
1.03225806452,0.387096774194,0.0805997728848,0.107169015671,0.14508737559,0.202158825928,0.272144739826
1.03225806452,0.516129032258,0.0726688134854,0.0962944137189,0.130238472143,0.181856609619,0.244199057834
1.03225806452,0.645161290323,0.0658449423413,0.0869714591539,0.117518108409,0.164427147875,0.220244603508
1.03225806452,0.774193548387,0.0599325978015,0.0789215104001,0.106543325872,0.149358200907,0.199568343795
1.03225806452,0.903225806452,0.0547774394586,0.0719255773361,0.0970126755383,0.136246117237,0.181607039295
1.03225806452,1.03225806452,0.0502560493309,0.0658090299058,0.088686571144,0.124769202825,0.165912734932
1.03225806452,1.16129032258,0.0462692933248,0.0604319641926,0.0813725322654,0.114668655477,0.152124724588
1.03225806452,1.29032258065,0.0427364323659,0.0556809021399,0.0749148440499,0.105734658429,0.13995099373
1.03225806452,1.41935483871,0.0395914039709,0.0514631020005,0.0691862517695,0.0977957678609,0.12937090629
1.03225806452,1.54838709677,0.0367796577781,0.0477023315493,0.0640820665558,0.0907104996186,0.120127114332
1.03225806452,1.67741935484,0.0342559824842,0.0443353904931,0.059515667279,0.0843615604233,0.111834765807
1.03225806452,1.8064516129,0.0319824208523,0.041309579683,0.0554147790536,0.0786511654551,0.104368039573
1.03225806452,1.93548387097,0.0299270569563,0.0385806445645,0.0517188344042,0.0734969485668,0.0976214849441
1.16129032258,-1.93548387097,1.9450998682,2.50754602911,3.55960478961,4.99101113477,6.82529655068
1.16129032258,-1.8064516129,1.50495974518,1.92684369739,2.74637311392,3.81152066048,5.25005025507
1.16129032258,-1.67741935484,1.09992249349,1.41246159694,2.00503799631,2.80399368848,3.81571619365
1.16129032258,-1.54838709677,0.801345557121,1.05772647279,1.45829385775,2.08418914652,2.82794010016
1.16129032258,-1.41935483871,0.59183672647,0.808392157162,1.1090160101,1.57776139331,2.13945633667
1.16129032258,-1.29032258065,0.449228110727,0.631611591215,0.865520004293,1.21887127641,1.64959002481
1.16129032258,-1.16129032258,0.360698784855,0.503828104101,0.689641810634,0.959927082616,1.294559062
1.16129032258,-1.03225806452,0.294981846502,0.409438382253,0.559809402587,0.769263168456,1.04583235136
1.16129032258,-0.903225806452,0.2451519435,0.338229954463,0.461923115283,0.629671294675,0.864182420306
1.16129032258,-0.774193548387,0.206623589058,0.283451760084,0.386669780853,0.528773783214,0.72421487251
1.16129032258,-0.645161290323,0.17630487327,0.240562376094,0.327787005546,0.449640269452,0.61445350739
1.16129032258,-0.516129032258,0.152067936554,0.206444207956,0.280978505061,0.386578372175,0.527020492564
1.16129032258,-0.387096774194,0.132417879673,0.178914621751,0.243236216704,0.335602773612,0.456392417892
1.16129032258,-0.258064516129,0.116284898966,0.156416218596,0.212414408767,0.293869658162,0.398621532631
1.16129032258,-0.129032258065,0.102888906147,0.13781730725,0.186954341965,0.259310600603,0.350834116628
1.16129032258,0.0,0.0916520853612,0.122282021002,0.165704806653,0.230396657335,0.310903231944
1.16129032258,0.129032258065,0.082139291433,0.109183845728,0.14780285298,0.205980323214,0.277230757937
1.16129032258,0.258064516129,0.0740187234166,0.0980460569624,0.132592679086,0.185187542909,0.248599233298
1.16129032258,0.387096774194,0.0670340793547,0.0885017140161,0.119569230502,0.167344436049,0.224069471941
1.16129032258,0.516129032258,0.0609847736126,0.080264894696,0.108338976753,0.151925229266,0.20290725068
1.16129032258,0.645161290323,0.0557121766211,0.073110133852,0.098591719265,0.138514633882,0.184534157541
1.16129032258,0.774193548387,0.0510898388132,0.0668581691451,0.0900813011763,0.12678218639,0.168489455368
1.16129032258,0.903225806452,0.0470158275594,0.0613649073751,0.0826095099088,0.116462133469,0.154401795949
1.16129032258,1.03225806452,0.0434072710954,0.0565136578055,0.0760161369343,0.107338491637,0.141970541647
1.16129032258,1.16129032258,0.0401962385981,0.0522092587828,0.0701704232961,0.0992350508676,0.131323230978
1.16129032258,1.29032258065,0.0373268090423,0.0483731761924,0.0649646357774,0.0920064806962,0.12189060697
1.16129032258,1.41935483871,0.0347523644264,0.0449404796956,0.0603097824725,0.0855323444922,0.113432636272
1.16129032258,1.54838709677,0.0324340766071,0.0418570495039,0.0561315632126,0.0797119685046,0.105820148177
1.16129032258,1.67741935484,0.0303391491343,0.0390774440774,0.0523676672753,0.0744608891192,0.0989447058992
1.16129032258,1.8064516129,0.0284399465622,0.0365633694874,0.0489657087876,0.0697076912663,0.0927145232133
1.16129032258,1.93548387097,0.0267129107162,0.0342822512956,0.0458810661947,0.0653918646391,0.0870518449486
1.29032258065,-1.93548387097,1.05371494009,1.35417896717,1.92245616544,2.68989251106,3.6647105966
1.29032258065,-1.8064516129,0.790889000674,1.03996677645,1.44061372654,2.05240659511,2.78572059058
1.29032258065,-1.67741935484,0.594511667927,0.80689718452,1.10731949663,1.57837525869,2.1412919914
1.29032258065,-1.54838709677,0.451869620882,0.636186112924,0.872059391087,1.23100981167,1.66729092773
1.29032258065,-1.41935483871,0.364821611831,0.510260295718,0.698651833611,0.975045142578,1.31638631034
1.29032258065,-1.29032258065,0.299364037367,0.416023235714,0.568969042445,0.783989125295,1.06278598178
1.29032258065,-1.16129032258,0.249303191839,0.344321429283,0.470360333475,0.640833118378,0.879876324029
1.29032258065,-1.03225806452,0.210372449731,0.288852358489,0.39412386122,0.538717153661,0.738137320625
1.29032258065,-0.903225806452,0.179616923756,0.245259235056,0.33425019654,0.458327499289,0.626562155086
1.29032258065,-0.774193548387,0.154965337715,0.210495940369,0.286537078174,0.394104851976,0.537457926179
1.29032258065,-0.645161290323,0.134943416334,0.182401353639,0.248006002975,0.342106472012,0.465360086321
1.29032258065,-0.516129032258,0.118485843144,0.159418811461,0.216509828746,0.299491940254,0.406325926135
1.29032258065,-0.387096774194,0.104810125404,0.140409174106,0.190479331103,0.264181294095,0.357464363683
1.29032258065,-0.258064516129,0.0933335153792,0.124527047159,0.168749067597,0.23462962045,0.316624796767
1.29032258065,-0.129032258065,0.0836159255108,0.111135991388,0.150442385713,0.209672435896,0.282184812465
1.29032258065,0.0,0.0753202097949,0.0997505200975,0.134890671455,0.188420511633,0.252904111516
1.29032258065,0.129032258065,0.0681853137585,0.0899961449489,0.121578177942,0.170186668921,0.227824085357
1.29032258065,0.258064516129,0.0620069095895,0.0815806435412,0.110102553023,0.154433698368,0.206194720597
1.29032258065,0.387096774194,0.0566230658947,0.0742732931158,0.100146410908,0.140737315014,0.187423413869
1.29032258065,0.516129032258,0.0519044605597,0.0678904149171,0.0914571019961,0.128759131633,0.171037817717
1.29032258065,0.645161290323,0.0477468904872,0.0622844732626,0.0838316878141,0.118226642596,0.156657529347
1.29032258065,0.774193548387,0.0440654583223,0.0573358345684,0.0771059071812,0.108919119749,0.144015731578
1.29032258065,0.903225806452,0.0407906687171,0.0529467902376,0.0711454379697,0.100655612724,0.133244796304
1.29032258065,1.03225806452,0.0378652594216,0.0490370133388,0.0658399204917,0.0932872258129,0.123628807844
1.29032258065,1.16129032258,0.0352415297781,0.0455399119678,0.061097994161,0.0866905116143,0.115009502927
1.29032258065,1.29032258065,0.0328796486681,0.0423998834228,0.0568435399756,0.0807623733849,0.107254647662
1.29032258065,1.41935483871,0.0307461169141,0.0395704357003,0.0530127003916,0.075416110999,0.100253109551
1.29032258065,1.54838709677,0.0288125641284,0.0370122955732,0.0495516278916,0.0705786769522,0.0939110157124
1.29032258065,1.67741935484,0.0270548897733,0.0346920955459,0.0464147326143,0.0661879767279,0.0881485680164
1.29032258065,1.8064516129,0.0254524709572,0.0325814718459,0.0435630997735,0.0621911980947,0.0828975756706
1.29032258065,1.93548387097,0.0239876735011,0.0306561193325,0.0409635909641,0.0585427935764,0.0780994908473
1.41935483871,-1.93548387097,0.59077707512,0.797147089971,1.09430101146,1.56263983915,2.12089771814
1.41935483871,-1.8064516129,0.454994772577,0.635689476259,0.871673562567,1.23347201232,1.67187528221
1.41935483871,-1.67741935484,0.366637606117,0.513561579046,0.70340793074,0.984525159271,1.33069441738
1.41935483871,-1.54838709677,0.302255527513,0.420641630119,0.575472076721,0.795451056583,1.07473996986
1.41935483871,-1.41935483871,0.252469565389,0.349151942711,0.477104576471,0.650480404048,0.892370355909
1.41935483871,-1.29032258065,0.213455552653,0.293425583852,0.400477037665,0.547071691356,0.74997431219
1.41935483871,-1.16129032258,0.182469056531,0.249401505945,0.339982152492,0.465938448694,0.637287986744
1.41935483871,-1.03225806452,0.157538313777,0.214168271331,0.29160097163,0.400887031412,0.546963086283
1.41935483871,-0.903225806452,0.137235889538,0.185623751653,0.252434269153,0.348085923947,0.473690843969
1.41935483871,-0.774193548387,0.120516224115,0.162233679304,0.22036617138,0.304738166774,0.41358869096
1.41935483871,-0.645161290323,0.10660459285,0.142865748427,0.193833933946,0.268778276423,0.363785010432
1.41935483871,-0.516129032258,0.0949195537425,0.126672901352,0.171670328712,0.238660267254,0.322127083086
1.41935483871,-0.387096774194,0.0850196647215,0.11301444504,0.152991788361,0.213212875361,0.286981231618
1.41935483871,-0.258064516129,0.0765652295566,0.101399540354,0.137121921004,0.191538421259,0.25709528778
1.41935483871,-0.129032258065,0.0692924400599,0.0914483982083,0.123537215371,0.172940607086,0.231496103899
1.41935483871,0.0,0.062994223629,0.0828639217617,0.111828398974,0.156873707832,0.209421424309
1.41935483871,0.129032258065,0.0575062322326,0.0754110991517,0.1016721433,0.142906306547,0.190267740311
1.41935483871,0.258064516129,0.0526967345254,0.0689027976545,0.0928106022627,0.130693472846,0.173553056856
1.41935483871,0.387096774194,0.0484597321229,0.063188301242,0.0850366245243,0.119957445737,0.158888607077
1.41935483871,0.516129032258,0.044708728675,0.0581454292903,0.0781820384163,0.110472560924,0.146102699225
1.41935483871,0.645161290323,0.0413728863973,0.0536742655092,0.0721096850008,0.102053997301,0.135130427879
1.41935483871,0.774193548387,0.0383936117349,0.0496927024693,0.0667066200367,0.0945498804812,0.125337271725
1.41935483871,0.903225806452,0.0357222760826,0.0461326435765,0.0618793984194,0.0878338315416,0.116561651838
1.41935483871,1.03225806452,0.0333182105597,0.0429372067021,0.0575499910091,0.0818004519514,0.108668484926
1.41935483871,1.16129032258,0.0311471732981,0.0400588706117,0.0536531740612,0.0763610296811,0.101544293954
1.41935483871,1.29032258065,0.029180135666,0.0374574326639,0.0501338410938,0.0714410643045,0.0950928720339
1.41935483871,1.41935483871,0.027392565605,0.0350987498018,0.0469453139126,0.0669769187984,0.0892328690241
1.41935483871,1.54838709677,0.0257633569538,0.0329539014684,0.0440478096545,0.0629145592052,0.0838945901462
1.41935483871,1.67741935484,0.0242744463184,0.0309979631659,0.0414074337364,0.059207520076,0.0790181748043
1.41935483871,1.8064516129,0.0229103248802,0.0292095766707,0.0389948320909,0.0558158845123,0.0745523567202
1.41935483871,1.93548387097,0.0216573927069,0.0275703406507,0.0367848721858,0.0527051348459,0.07045230217
1.54838709677,-1.93548387097,0.366056181565,0.513556113644,0.703654004074,0.987811713922,1.33660661419
1.54838709677,-1.8064516129,0.303555434381,0.423125103818,0.579078208119,0.803171782431,1.08236407804
1.54838709677,-1.67741935484,0.254564448685,0.352585948614,0.481967330195,0.659518531489,0.901310306498
1.54838709677,-1.54838709677,0.215804759474,0.297070858715,0.40558903769,0.553655173122,0.759459020715
1.54838709677,-1.41935483871,0.184809038438,0.252915970427,0.344881152065,0.472336952312,0.646436669129
1.54838709677,-1.29032258065,0.159747793819,0.21740815112,0.296097224172,0.406825538639,0.555397742053
1.54838709677,-1.16129032258,0.139265630693,0.188542714886,0.256469545192,0.353467182488,0.48128424243
1.54838709677,-1.03225806452,0.122353729411,0.164832642946,0.223945617765,0.309554221529,0.420338435134
1.54838709677,-0.903225806452,0.108255322311,0.1451660143,0.196991278403,0.27306104669,0.369744641132
1.54838709677,-0.774193548387,0.0963969871407,0.128704244903,0.174449034071,0.242458073875,0.327372228218
1.54838709677,-0.645161290323,0.08634019499,0.114807754033,0.155436706399,0.216578840355,0.291593985771
1.54838709677,-0.516129032258,0.0777458058881,0.102984492499,0.139275508542,0.194523842945,0.261153465831
1.54838709677,-0.387096774194,0.0703492015137,0.0928518505875,0.12543805125,0.175592789232,0.235071435221
1.54838709677,-0.258064516129,0.0639416932834,0.0841095790526,0.113510176313,0.159235027919,0.212577496252
1.54838709677,-0.129032258065,0.0583574877051,0.0765197599576,0.103164226007,0.14501364769,0.193059974325
1.54838709677,0.0,0.0534633929809,0.0698922664513,0.094138262064,0.13257909026,0.1760294829
1.54838709677,0.129032258065,0.049151795972,0.0640739810095,0.0862212689443,0.121649138338,0.161090934655
1.54838709677,0.258064516129,0.0453350597247,0.0589404765759,0.0792423169499,0.111994551551,0.148139230733
1.54838709677,0.387096774194,0.0419410511196,0.0543900333391,0.073061437461,0.10342713524,0.136974692261
1.54838709677,0.516129032258,0.0389103495311,0.0503389204681,0.0675633544319,0.0957919295555,0.127011612622
1.54838709677,0.645161290323,0.0361933399056,0.0467176123478,0.0626527795772,0.0889602126136,0.118085495008
1.54838709677,0.774193548387,0.033748626394,0.0434681860634,0.0582500230089,0.0828244516741,0.110058616927
1.54838709677,0.903225806452,0.0315413437844,0.0405420515778,0.0542884566635,0.0772944343113,0.102815465228
1.54838709677,1.03225806452,0.0295419171755,0.0378982040135,0.0507118013276,0.0722936928616,0.096257832567
1.54838709677,1.16129032258,0.0277252667245,0.0355017898068,0.0474724182359,0.0677576926169,0.0903028779832
1.54838709677,1.29032258065,0.02607000102,0.0333232616265,0.0445296846669,0.0636310008211,0.0848794042808
1.54838709677,1.41935483871,0.0245576098172,0.0313372168171,0.041848852832,0.0598662890296,0.0799264552065
1.54838709677,1.54838709677,0.0231722518714,0.0295218339026,0.039400167417,0.0564229194511,0.0753915269252
1.54838709677,1.67741935484,0.0219001712642,0.0278582677611,0.0371577529631,0.0532655568817,0.0712291581271
1.54838709677,1.8064516129,0.0207294402263,0.0263302233487,0.0350993653177,0.0503636932041,0.0674000287833
1.54838709677,1.93548387097,0.0196495923351,0.0249234859358,0.0332056199748,0.0476906593857,0.0638695634193
1.67741935484,-1.93548387097,0.255526439179,0.354516265962,0.484793931297,0.665999695325,0.906415042652
1.67741935484,-1.8064516129,0.217364942508,0.299699054332,0.409333590266,0.558310961811,0.766357541356
1.67741935484,-1.67741935484,0.186592109264,0.255733823167,0.348852262544,0.477400186236,0.653825679553
1.67741935484,-1.54838709677,0.161558028447,0.220163912443,0.299954289328,0.411825243024,0.562622910499
1.67741935484,-1.41935483871,0.141004908548,0.191120498646,0.260058847662,0.358180001492,0.488038837608
1.67741935484,-1.29032258065,0.123976971536,0.167187323766,0.227209947664,0.313886854972,0.426500506095
1.67741935484,-1.16129032258,0.109745668874,0.147289224167,0.199922867487,0.2769893465,0.375288534058
1.67741935484,-1.03225806452,0.0977528661432,0.13060511352,0.177063737485,0.245992837707,0.33232109063
1.67741935484,-0.903225806452,0.0875675768385,0.116503974794,0.157761340974,0.219747072172,0.295993632422
1.67741935484,-0.774193548387,0.0788540321953,0.104496263256,0.141340126268,0.197359062165,0.265057455136
1.67741935484,-0.645161290323,0.0713491454853,0.0941994986646,0.12727213106,0.178129292864,0.238534282493
1.67741935484,-0.516129032258,0.0648442314141,0.0853123201339,0.115141442836,0.161506447698,0.215650962661
1.67741935484,-0.387096774194,0.0591728870436,0.0775950040399,0.104617585332,0.147050500241,0.195791292746
1.67741935484,-0.258064516129,0.0542010686873,0.0708555194055,0.095435944647,0.134408992101,0.17846110188
1.67741935484,-0.129032258065,0.0498203612911,0.0649389102705,0.0873827814933,0.123296629991,0.163259943965
1.67741935484,0.0,0.0459421414751,0.0597189474008,0.0802844859138,0.11348100693,0.150118670897
1.67741935484,0.129032258065,0.0424933897335,0.0550924998058,0.0739988150177,0.104771309814,0.138771906827
1.67741935484,0.258064516129,0.0394139411217,0.0509743303319,0.0684087693715,0.0970104047964,0.128647038954
1.67741935484,0.387096774194,0.0366534032605,0.0472938027602,0.0634170628079,0.0900671488192,0.119577114118
1.67741935484,0.516129032258,0.034169825995,0.0439919391313,0.058942745847,0.0838325090436,0.111421823658
1.67741935484,0.645161290323,0.0319277136971,0.0410192531644,0.0549178232498,0.0782144523439,0.104063962021
1.67741935484,0.774193548387,0.0298970721023,0.0383340044722,0.0512850032678,0.0731352946803,0.0974038255727
1.67741935484,0.903225806452,0.0280523985275,0.0359006647348,0.0479955534123,0.0685290637282,0.0913566627126
1.67741935484,1.03225806452,0.0263718241889,0.0336891278601,0.0450082332928,0.0643394962361,0.0858503404491
1.67741935484,1.16129032258,0.024836618799,0.0316734956292,0.0422876078116,0.0605184537008,0.0808227746472
1.67741935484,1.29032258065,0.0234306510497,0.0298315514839,0.0398031514852,0.0570242322004,0.0762204954116
1.67741935484,1.41935483871,0.0221398394562,0.0281440851536,0.0375287723811,0.0538211103213,0.0719971634096
1.67741935484,1.54838709677,0.0209521468323,0.026594453636,0.0354415225717,0.0508778697719,0.0681128214776
1.67741935484,1.67741935484,0.0198568479428,0.0251682132305,0.0335217615587,0.0481673574891,0.0645320795481
1.67741935484,1.8064516129,0.0188447160062,0.0238526468779,0.0317521645008,0.0456659244162,0.0612246137024
1.67741935484,1.93548387097,0.0179075893223,0.022636759645,0.030117622063,0.0433527506662,0.058163309623
1.8064516129,-1.93548387097,0.187781267518,0.257795483979,0.351808235674,0.481021808276,0.659290002385
1.8064516129,-1.8064516129,0.162937962243,0.222388356924,0.303104600136,0.415800881933,0.56850819717
1.8064516129,-1.67741935484,0.142428654431,0.193320325167,0.263150672347,0.36215600671,0.493853503964
1.8064516129,-1.54838709677,0.125365784614,0.169269997035,0.230120286037,0.317683360819,0.43199851997
1.8064516129,-1.41935483871,0.111059755947,0.149214034093,0.202599404215,0.280522907469,0.380359412613
1.8064516129,-1.29032258065,0.098974547063,0.132359775368,0.17949291769,0.249233501754,0.336931324172
1.8064516129,-1.16129032258,0.0886916187133,0.118090817659,0.159949474933,0.222693679198,0.300148455654
1.8064516129,-1.03225806452,0.0798820791394,0.105925469706,0.143303072215,0.200025149105,0.268783502797
1.8064516129,-0.903225806452,0.0722860213222,0.0954842127756,0.129029965125,0.180536169266,0.241867425922
1.8064516129,-0.774193548387,0.0656967432778,0.0864665319366,0.11671490671,0.163676860437,0.218629164625
1.8064516129,-0.645161290323,0.059948142655,0.0786324818181,0.106026894656,0.14900830974,0.198452810522
1.8064516129,-0.516129032258,0.0549064309684,0.0717891830291,0.0966997200124,0.136176381566,0.180840955085
1.8064516129,-0.387096774194,0.0504626494711,0.0657803095139,0.0885179153082,0.124894142101,0.165390514467
1.8064516129,-0.258064516129,0.046527668351,0.0604787161175,0.0813059150073,0.114927218051,0.152033921129
1.8064516129,-0.129032258065,0.043027996103,0.0557798642129,0.0749199626608,0.106083015736,0.140516691919
1.8064516129,0.0,0.0399027512949,0.0515975459498,0.0692411895759,0.0982022942609,0.130239151298
1.8064516129,0.129032258065,0.0371012076995,0.0478599930287,0.0641710004682,0.0911524277692,0.121032480154
1.8064516129,0.258064516129,0.0345807021112,0.0445075266352,0.059627149567,0.084822660861,0.112754775015
1.8064516129,0.387096774194,0.0323053848076,0.0414897369645,0.0555404791874,0.0791195304983,0.10528699836
1.8064516129,0.516129032258,0.0302448782465,0.0387641802704,0.0518526268783,0.0739643878216,0.0985281204206
1.8064516129,0.645161290323,0.0283732058417,0.0362948380615,0.0485142469191,0.0692899366216,0.09239218378
1.8064516129,0.774193548387,0.0266682570805,0.034051069594,0.0454831849783,0.0650392094626,0.0868057102644
1.8064516129,0.903225806452,0.0251109935416,0.0320064907669,0.0427233383881,0.0611630440326,0.0817057491542
1.8064516129,1.03225806452,0.0236850091088,0.0301384769072,0.0402037584725,0.0576191805976,0.0770379961632
1.8064516129,1.16129032258,0.0223760758529,0.0284274896421,0.0378976441013,0.054371206586,0.0727553746612
1.8064516129,1.29032258065,0.0211718245212,0.0268566453856,0.0357819369798,0.0513873157773,0.0688168953865
1.8064516129,1.41935483871,0.0200614744459,0.0254111814229,0.033836432175,0.0486400079185,0.0651871477997
1.8064516129,1.54838709677,0.0190356102086,0.0240781663032,0.0320435115766,0.0461050674892,0.0618349313867
1.8064516129,1.67741935484,0.0180859044026,0.0228464330399,0.0303878741165,0.0437614608699,0.0587327665622
1.8064516129,1.8064516129,0.0172050494855,0.0217060089444,0.0288559337844,0.0415904783271,0.0558566106672
1.8064516129,1.93548387097,0.0163866111853,0.0206481679177,0.0274358410795,0.0395758108342,0.0531852449684
1.93548387097,-1.93548387097,0.143515147924,0.195108036451,0.26569662135,0.365334306075,0.498633044666
1.93548387097,-1.8064516129,0.126502171702,0.171053597298,0.232638749308,0.320894968566,0.436757117758
1.93548387097,-1.67741935484,0.112182820266,0.150919603753,0.204992250641,0.283623031035,0.384900165662
1.93548387097,-1.54838709677,0.10005028356,0.133951789471,0.181714759883,0.252149669099,0.341158387363
1.93548387097,-1.41935483871,0.0897028398011,0.119556151631,0.16198435247,0.225394631265,0.304025726214
1.93548387097,-1.29032258065,0.0808219952527,0.107262586405,0.145151797268,0.202504128094,0.272307151267
1.93548387097,-1.16129032258,0.0731535239898,0.0966986109868,0.130701816665,0.182798215267,0.245052069571
1.93548387097,-1.03225806452,0.0664939840864,0.0875664026809,0.118223245734,0.165734941414,0.22149830381
1.93548387097,-0.903225806452,0.060679267818,0.0796276093285,0.107386242223,0.150877650484,0.201033455776
1.93548387097,-0.774193548387,0.055576136303,0.0726894754769,0.0979249572052,0.137873812846,0.183161096921
1.93548387097,-0.645161290323,0.0510758638537,0.0665954510716,0.0896230484395,0.126435780295,0.167476912837
1.93548387097,-0.516129032258,0.047089398558,0.0612174379221,0.082303982381,0.116328586209,0.153877942746
1.93548387097,-0.387096774194,0.043542906562,0.0564503086195,0.0758226217336,0.107358405535,0.142202745352
1.93548387097,-0.258064516129,0.0403752620131,0.0522070369898,0.0700589952259,0.0993646408978,0.131782893021
1.93548387097,-0.129032258065,0.0375353043747,0.0484150771867,0.064913293807,0.0922134521609,0.122447587426
1.93548387097,0.0,0.0349801225257,0.0450139067085,0.0603021508574,0.0857927098929,0.114054177477
1.93548387097,0.129032258065,0.0326733761271,0.0419526006109,0.0561555315618,0.0800080169767,0.10648188895
1.93548387097,0.258064516129,0.0305844267054,0.0391880987778,0.0524141600288,0.0747794933811,0.0996285136574
1.93548387097,0.387096774194,0.0286869927379,0.036683834173,0.0490279379912,0.070039255155,0.0934074212363
1.93548387097,0.516129032258,0.0269586741049,0.0344086018936,0.0459539276206,0.0657290735789,0.087743737573
1.93548387097,0.645161290323,0.0253802163061,0.0323357516612,0.0431556326898,0.0617992992704,0.0825739515732
1.93548387097,0.774193548387,0.0239349379778,0.0304422573137,0.0406014694421,0.0582070217345,0.0778427257291
1.93548387097,0.903225806452,0.0226084088299,0.0287082544129,0.0382642525923,0.0549152066766,0.0735023473836
1.93548387097,1.03225806452,0.0213881430658,0.0271165535557,0.0361204316808,0.0518915416355,0.0695114706925
1.93548387097,1.16129032258,0.0202631719153,0.0256521906142,0.0341494647778,0.0491081310706,0.0658338831228
1.93548387097,1.29032258065,0.0192239244563,0.0243020234973,0.032333508178,0.0465403541882,0.0624379816041
1.93548387097,1.41935483871,0.0182619479904,0.0230546534456,0.0306569776621,0.0441667573446,0.059295875637
1.93548387097,1.54838709677,0.0173698589098,0.0218999780129,0.0291060213839,0.041968473707,0.0563831668969
1.93548387097,1.67741935484,0.0165410841291,0.0208291288111,0.0276685806695,0.0399287784241,0.053678206328
1.93548387097,1.8064516129,0.0157698149014,0.0198342783637,0.0263340057022,0.0380329401456,0.0511618139943
1.93548387097,1.93548387097,0.0150509075607,0.0189084239639,0.0251308966286,0.0362677674345,0.0488170530869
