-1.93548387097,-1.93548387097,0.0382419536997,0.0519288796168,0.0734376970399,0.1051018281,0.145769233787
-1.93548387097,-1.8064516129,0.040164149623,0.054538671369,0.0771256781155,0.110377274037,0.153080273615
-1.93548387097,-1.67741935484,0.0422336722716,0.0573484986447,0.0810960556947,0.116056659668,0.160950815113
-1.93548387097,-1.54838709677,0.0444658158857,0.0603790975842,0.0853783705806,0.122181799762,0.169438729419
-1.93548387097,-1.41935483871,0.0468779810389,0.0636539978539,0.0900056170005,0.128800361362,0.178609889098
-1.93548387097,-1.29032258065,0.0494897594457,0.0671999476453,0.0950156450852,0.135965885401,0.188538465156
-1.93548387097,-1.16129032258,0.0523235479292,0.0710472895586,0.100451238985,0.143739970349,0.199309804424
-1.93548387097,-1.03225806452,0.0554049987904,0.0752307951592,0.106361482666,0.152192762869,0.211020217906
-1.93548387097,-0.903225806452,0.0587633931098,0.0797903599973,0.112802655654,0.161404447458,0.223781875386
-1.93548387097,-0.774193548387,0.0624325659459,0.084771637289,0.11983955254,0.171467608051,0.23772237401
-1.93548387097,-0.645161290323,0.0664513718002,0.090227722018,0.127546562355,0.182488922237,0.252989054955
-1.93548387097,-0.516129032258,0.070865131786,0.0962198658339,0.136010798796,0.194592336933,0.269758896425
-1.93548387097,-0.387096774194,0.0757262897912,0.102819469928,0.145332476123,0.207921731587,0.288246492153
-1.93548387097,-0.258064516129,0.0810964613437,0.110109905012,0.15562980681,0.222645877679,0.308668567445
-1.93548387097,-0.129032258065,0.0870478477219,0.118189427211,0.167041261362,0.238962432648,0.33129939837
-1.93548387097,0.0,0.0936655082416,0.127173367254,0.179730226572,0.257105033784,0.356462309143
-1.93548387097,0.129032258065,0.101050417184,0.137199018812,0.193890126264,0.27735087975,0.384541548125
-1.93548387097,0.258064516129,0.109323013181,0.148429667161,0.209752136945,0.300029979924,0.415994813419
-1.93548387097,0.387096774194,0.118627235505,0.161061149742,0.22759293534,0.325538077701,0.451369179332
-1.93548387097,0.516129032258,0.129136989369,0.175328886338,0.247746029611,0.354358028832,0.491326605424
-1.93548387097,0.645161290323,0.141062392987,0.191519294865,0.270615588122,0.387076004825,0.536667258141
-1.93548387097,0.774193548387,0.154660142673,0.209980066136,0.296695474084,0.424380814862,0.588366853463
-1.93548387097,0.903225806452,0.170244192388,0.231138230246,0.326590120447,0.467134908514,0.647624881592
-1.93548387097,1.03225806452,0.188202567723,0.255520909995,0.3610472313,0.516402057844,0.715919731447
-1.93548387097,1.16129032258,0.209016323322,0.283781750676,0.400994953658,0.573513308226,0.795088035966
-1.93548387097,1.29032258065,0.233285457679,0.316736663031,0.447593947765,0.640180138664,0.887422846415
-1.93548387097,1.41935483871,0.261762151312,0.355407871506,0.502300155125,0.718466410974,0.995804776377
-1.93548387097,1.54838709677,0.295393036153,0.401083578174,0.566956702425,0.811022927919,1.12387138362
-1.93548387097,1.67741935484,0.335368561058,0.455383152584,0.643879957219,0.921183550262,1.27675768111
-1.93548387097,1.8064516129,0.38318000932,0.520337768264,0.735975537762,1.05313720171,1.46001083275
-1.93548387097,1.93548387097,0.440686442057,0.59848299352,0.846886024772,1.21214140689,1.68099475676
-1.8064516129,-1.93548387097,0.0418501077106,0.0568279150825,0.0803620422565,0.11500809693,0.159500537414
-1.8064516129,-1.8064516129,0.0440553793656,0.0598220366138,0.0845926481087,0.12105933867,0.167886118545
-1.8064516129,-1.67741935484,0.0464382067782,0.0630571137043,0.0891635000193,0.127596944581,0.17694512247
-1.8064516129,-1.54838709677,0.0490178302131,0.0665594152478,0.0941116343598,0.134674020964,0.18675092134
-1.8064516129,-1.41935483871,0.0518165001779,0.0703590018742,0.0994794803265,0.142351113714,0.197387190092
-1.8064516129,-1.29032258065,0.0548592685172,0.0744900185563,0.105315363809,0.150697023046,0.208949601942
-1.8064516129,-1.16129032258,0.0581752316619,0.0789918238287,0.111674572402,0.159791289277,0.22154781538
-1.8064516129,-1.03225806452,0.0617976219748,0.0839096519454,0.118620979383,0.16972463716,0.235307659144
-1.8064516129,-0.903225806452,0.0657649165842,0.0892955936824,0.126228299279,0.180602726834,0.250374803597
-1.8064516129,-0.774193548387,0.0701217029681,0.0952102723355,0.134581943762,0.192547556738,0.266930226331
-1.8064516129,-0.645161290323,0.0749199156611,0.101724273252,0.143781613775,0.205701141739,0.285176746064
-1.8064516129,-0.516129032258,0.0802204384464,0.108920018001,0.153943467269,0.220230254991,0.30533173296
-1.8064516129,-0.387096774194,0.0860945368334,0.116894382875,0.165204302849,0.236329807321,0.327665953649
-1.8064516129,-0.258064516129,0.0926266359654,0.125761993072,0.177725960635,0.254231291662,0.352500135687
-1.8064516129,-0.129032258065,0.0999168073298,0.135658602942,0.191699992777,0.274207969829,0.380213867605
-1.8064516129,0.0,0.108084465824,0.146746053,0.207355456729,0.296602285735,0.411261076025
-1.8064516129,0.129032258065,0.117272866251,0.159219421462,0.224966787768,0.321812996808,0.446185240378
-1.8064516129,0.258064516129,0.127654872408,0.173312991001,0.244865583054,0.350298171795,0.485644767076
-1.8064516129,0.387096774194,0.139440458187,0.189312226281,0.267455198526,0.38263389215,0.530436591932
-1.8064516129,0.516129032258,0.152886363104,0.207565165703,0.293227685656,0.419524433831,0.581537333985
-1.8064516129,0.645161290323,0.168308316694,0.228501117465,0.322789943376,0.461834973199,0.640147640646
-1.8064516129,0.774193548387,0.186097616482,0.252650767884,0.356893828623,0.510639536629,0.707757633088
-1.8064516129,0.903225806452,0.206741741604,0.280677108932,0.39647811257,0.56727569115,0.786224826597
-1.8064516129,1.03225806452,0.23085333005,0.313412333226,0.442722751372,0.633423706334,0.877886468726
-1.8064516129,1.16129032258,0.259212086247,0.351914923294,0.497145567065,0.711184037678,0.985678221896
-1.8064516129,1.29032258065,0.292798745271,0.397518748581,0.561636033223,0.803264403954,1.11336936575
-1.8064516129,1.41935483871,0.332867278786,0.451929269125,0.638621672686,0.913300460443,1.26577593306
-1.8064516129,1.54838709677,0.381024342018,0.51733300936,0.731223836729,1.04586397189,1.44906637174
-1.8064516129,1.67741935484,0.439320202886,0.596522387496,0.84344196327,1.20659290376,1.67210156838
-1.8064516129,1.8064516129,0.510349735109,0.69303361052,0.980356274618,1.40282553403,1.94473392817
-1.8064516129,1.93548387097,0.597326682625,0.811252811017,1.14829385474,1.64371174818,2.27973219424
-1.67741935484,-1.93548387097,0.0459926170301,0.0624524076616,0.0883110672938,0.126379737424,0.175262066011
-1.67741935484,-1.8064516129,0.0485393148366,0.0659099635847,0.0931959439001,0.133366310482,0.184942340081
-1.67741935484,-1.67741935484,0.0513017418154,0.0696604190389,0.0984942857053,0.140943748839,0.195440853779
-1.67741935484,-1.54838709677,0.0543047537489,0.073737431659,0.104253510803,0.14918012281,0.206851190867
-1.67741935484,-1.41935483871,0.0575768411109,0.0781796494334,0.110528356335,0.158153419923,0.219281515758
-1.67741935484,-1.29032258065,0.0611508519869,0.0830316809182,0.117381558705,0.167953234519,0.232855858276
-1.67741935484,-1.16129032258,0.0650645559271,0.0883448953134,0.124885546791,0.178683406835,0.247717341791
-1.67741935484,-1.03225806452,0.0693620046155,0.0941789695363,0.133124721228,0.19046387973,0.264042724214
-1.67741935484,-0.903225806452,0.0740944469469,0.100603488436,0.142196961303,0.203434807414,0.282037998953
-1.67741935484,-0.774193548387,0.0793217233313,0.107699700973,0.152217034622,0.217759821386,0.301913209789
-1.67741935484,-0.645161290323,0.0851143258972,0.115563283634,0.163319911867,0.233632246791,0.323935592072
-1.67741935484,-0.516129032258,0.0915555960266,0.124307066215,0.175664813066,0.25127894335,0.348421104163
-1.67741935484,-0.387096774194,0.0987443711132,0.134065645212,0.189441228729,0.270977716061,0.375745233969
-1.67741935484,-0.258064516129,0.106798722521,0.144999147978,0.20487499409,0.293078309666,0.406356497382
-1.67741935484,-0.129032258065,0.115860544502,0.157300169244,0.222238286903,0.317942971587,0.440792519165
-1.67741935484,0.0,0.126101611965,0.171201504612,0.2418592111,0.346041900241,0.479705506246
-1.67741935484,0.129032258065,0.137730212085,0.186986423263,0.264137534986,0.377948243248,0.523886284924
-1.67741935484,0.258064516129,0.151002216105,0.205001789136,0.289563006654,0.414362443581,0.574305955126
-1.67741935484,0.387096774194,0.166232911211,0.2256758482,0.318739949012,0.456149328535,0.632162132089
-1.67741935484,0.516129032258,0.18381404215,0.249540629224,0.352437435559,0.504384491992,0.698942948081
-1.67741935484,0.645161290323,0.204236753238,0.277262788036,0.391612594813,0.560414413043,0.776515660682
-1.67741935484,0.774193548387,0.228124267545,0.309688084791,0.437411082062,0.625926712847,0.867229413411
-1.67741935484,0.903225806452,0.256268545344,0.347891461083,0.491330845179,0.703075004367,0.974082225279
-1.67741935484,1.03225806452,0.289676007474,0.393241631557,0.555341995018,0.794646381545,1.10093622851
-1.67741935484,1.16129032258,0.329652082357,0.447512294983,0.632036815907,0.904219624126,1.252775883
-1.67741935484,1.29032258065,0.377892028972,0.513008066263,0.724641256795,1.03644577847,1.43608741022
-1.67741935484,1.41935483871,0.436603917691,0.592733584634,0.837441473124,1.19739015054,1.65934440649
-1.67741935484,1.54838709677,0.508663315642,0.690601676275,0.976032362156,1.39578815412,1.93361148833
-1.67741935484,1.67741935484,0.597772965661,0.81166499922,1.14766943354,1.64169469465,2.27477097861
-1.67741935484,1.8064516129,0.708602443842,0.962287208777,1.36154005536,1.94840082383,2.70119226504
-1.67741935484,1.93548387097,0.846715229037,1.15008513873,1.62870282544,2.33194320308,3.2351457404
-1.54838709677,-1.93548387097,0.0507801138067,0.0689526171263,0.0974970104705,0.139519843428,0.193472702284
-1.54838709677,-1.8064516129,0.053742282894,0.0729740853995,0.10317785886,0.147644110407,0.204728116562
-1.54838709677,-1.67741935484,0.0569692965887,0.0773550937098,0.10936609695,0.156493593389,0.216986801598
-1.54838709677,-1.54838709677,0.0604933560334,0.0821393518332,0.116123351635,0.166156119608,0.230370745256
-1.54838709677,-1.41935483871,0.0643517635239,0.0873773818757,0.123520958986,0.176733767194,0.245020931332
-1.54838709677,-1.29032258065,0.0685876969434,0.093128018936,0.131641631432,0.188344840726,0.261102111426
-1.54838709677,-1.16129032258,0.0732516424801,0.0994594402351,0.140581963423,0.2011266946,0.278836557012
-1.54838709677,-1.03225806452,0.078402563113,0.106451861573,0.150454637244,0.215240550743,0.298420531301
-1.54838709677,-0.903225806452,0.0841097536481,0.114199330406,0.161392427192,0.230875896587,0.320116948394
-1.54838709677,-0.774193548387,0.0904553533066,0.122813153116,0.173552066466,0.248256859556,0.344236813048
-1.54838709677,-0.645161290323,0.0975366277338,0.132425594414,0.187120068945,0.267666438278,0.371150140976
-1.54838709677,-0.516129032258,0.105470173719,0.143194742286,0.202319412423,0.289436420203,0.401298285029
-1.54838709677,-0.387096774194,0.114396219277,0.155310823787,0.219417710414,0.313928562358,0.435212192631
-1.54838709677,-0.258064516129,0.124484084101,0.169003583557,0.238739202248,0.341608585663,0.473534774458
-1.54838709677,-0.129032258065,0.135940165726,0.184553453083,0.260678673503,0.373041976044,0.517048869463
-1.54838709677,0.0,0.149018061601,0.202304355224,0.285721219027,0.408924665587,0.566714401965
-1.54838709677,0.129032258065,0.164030939848,0.222681083212,0.314529314553,0.450114798138,0.623719597182
-1.54838709677,0.258064516129,0.1813690309,0.246213623876,0.347803424608,0.497683741926,0.689544022335
-1.54838709677,0.387096774194,0.20152291528,0.273567836772,0.386483146617,0.552976080566,0.766048110789
-1.54838709677,0.516129032258,0.225123243232,0.305598056719,0.43173749799,0.617677983143,0.855582590978
-1.54838709677,0.645161290323,0.252963062233,0.343381806383,0.485101072536,0.693979878054,0.961175229779
-1.54838709677,0.774193548387,0.2860677908,0.38831133998,0.548546707548,0.784702368186,1.08673135592
-1.54838709677,0.903225806452,0.325776512704,0.442205919608,0.624633689711,0.893516621974,1.23734332084
-1.54838709677,1.03225806452,0.373850019365,0.507454935545,0.716722990489,1.02524370953,1.41971401534
-1.54838709677,1.16129032258,0.432615221932,0.587225589466,0.82926000559,1.18627195138,1.64273822665
-1.54838709677,1.29032258065,0.505170273751,0.685728513014,0.968296842762,1.38510732337,1.91828458773
-1.54838709677,1.41935483871,0.595636720175,0.808572405135,1.14209537736,1.63307678002,2.26221288187
-1.54838709677,1.54838709677,0.709447883769,0.96316362181,1.36107946342,1.94607903787,2.69554862524
-1.54838709677,1.67741935484,0.853581430036,1.15902273074,1.63899509777,2.34448515461,3.24835301733
-1.54838709677,1.8064516129,1.03643625683,1.40764174675,1.99256597982,2.85205227519,3.95497249131
-1.54838709677,1.93548387097,1.26660436061,1.72082516055,2.43921263576,3.49421340191,4.85196392038
-1.41935483871,-1.93548387097,0.0563534279814,0.076519444213,0.108189224288,0.154813886454,0.214666197715
-1.41935483871,-1.8064516129,0.0598262443054,0.0812341417698,0.114848176399,0.164335869103,0.227856084467
-1.41935483871,-1.67741935484,0.063627676401,0.0863948951399,0.122136604818,0.174757472963,0.242290146952
-1.41935483871,-1.54838709677,0.0678002245458,0.0920593434743,0.130135583667,0.186194178731,0.258128513361
-1.41935483871,-1.41935483871,0.0723933278619,0.0982946842706,0.138939859049,0.198781653477,0.275579002483
-1.41935483871,-1.29032258065,0.0774649989661,0.105179419497,0.148660145851,0.21267739705,0.29486140569
-1.41935483871,-1.16129032258,0.0830832506609,0.112806093481,0.159426697591,0.228067595408,0.316219461998
-1.41935483871,-1.03225806452,0.0893287948268,0.121284000407,0.171393640944,0.245172061568,0.339958333233
-1.41935483871,-0.903225806452,0.0962973080591,0.130743177284,0.184743845118,0.264267755402,0.366441400318
-1.41935483871,-0.774193548387,0.104103386749,0.14133908374,0.19969659382,0.285688221634,0.396102325461
-1.41935483871,-0.645161290323,0.112884863028,0.153258707708,0.216515021438,0.309784971105,0.429463775388
-1.41935483871,-0.516129032258,0.122808756705,0.166728525878,0.23551795905,0.337015439219,0.467158121765
-1.41935483871,-0.387096774194,0.134078425621,0.182024753154,0.257094438724,0.367938124882,0.509955262473
-1.41935483871,-0.258064516129,0.146944148776,0.199486502589,0.281761467212,0.403238834759,0.558802554268
-1.41935483871,-0.129032258065,0.161715389302,0.219534174253,0.310116328248,0.443766908677,0.61487188879
-1.41935483871,0.0,0.17877877406,0.242692070013,0.342875297874,0.490583152791,0.679627377065
-1.41935483871,0.129032258065,0.198621490838,0.269621294809,0.380974146539,0.545021976219,0.754910191386
-1.41935483871,0.258064516129,0.221875550939,0.30117720987,0.425573675621,0.608759277154,0.843060665785
-1.41935483871,0.387096774194,0.249330033001,0.338432628352,0.478222320598,0.683995020587,0.947100684034
-1.41935483871,0.516129032258,0.282019256673,0.38278995461,0.540903298343,0.773561858493,1.07094606924
-1.41935483871,0.645161290323,0.321299629418,0.436091382293,0.616215766431,0.88117551875,1.21973513695
-1.41935483871,0.774193548387,0.368972549471,0.500780517269,0.707603252588,1.0117634805,1.4002888083
-1.41935483871,0.903225806452,0.427447305731,0.580129999197,0.819680988882,1.17193165163,1.6217667234
-1.41935483871,1.03225806452,0.499987391022,0.678571393339,0.958680928152,1.37062517577,1.89658843898
-1.41935483871,1.16129032258,0.59103695202,0.802146537361,1.13308866279,1.62003717759,2.24173465407
-1.41935483871,1.29032258065,0.706658182887,0.959102676433,1.35446342798,1.93683383619,2.68050722443
-1.41935483871,1.41935483871,0.855058437216,1.16061903451,1.63873360107,2.34361719117,3.24466634122
-1.41935483871,1.54838709677,1.04701988908,1.42141470299,2.00840831726,2.87112850055,3.97635659271
-1.41935483871,1.67741935484,1.29566624036,1.75944577416,2.48896462669,3.56088609002,4.93450737707
-1.41935483871,1.8064516129,1.61372837204,2.19224708713,3.10646179451,4.44896524126,6.17366099747
-1.41935483871,1.93548387097,2.0047831235,2.72498999785,3.86977551756,5.56374734797,7.74145281784
-1.29032258065,-1.93548387097,0.0628936180703,0.0853989550054,0.120734861283,0.172757153618,0.239528233692
-1.29032258065,-1.8064516129,0.0670010440912,0.0909750160571,0.12860906269,0.184015803504,0.255120423796
-1.29032258065,-1.67741935484,0.0715212130935,0.0971113489209,0.137273535808,0.196403635388,0.272274293313
-1.29032258065,-1.54838709677,0.0765110871633,0.10388509718,0.146837049538,0.21007510571,0.291243606648
-1.29032258065,-1.41935483871,0.0820373211215,0.11138672347,0.157426863056,0.225213010546,0.312252130683
-1.29032258065,-1.29032258065,0.0881789338176,0.119723665464,0.169194344724,0.242032254852,0.335596287784
-1.29032258065,-1.16129032258,0.0950298456678,0.12902325398,0.18231855862,0.260791320853,0.361631865664
-1.29032258065,-1.03225806452,0.102702514299,0.139437735262,0.197014298111,0.281845946859,0.390784849684
-1.29032258065,-0.903225806452,0.111332009935,0.151150811044,0.213539590894,0.305525958669,0.423567404202
-1.29032258065,-0.774193548387,0.121082219143,0.164384783376,0.232207301323,0.332280565523,0.460598719964
-1.29032258065,-0.645161290323,0.132153182328,0.179410646324,0.253398707205,0.362658767499,0.502635613419
-1.29032258065,-0.516129032258,0.144790503806,0.196561930813,0.277640944148,0.397333973048,0.550607805854
-1.29032258065,-0.387096774194,0.159298967458,0.216252078292,0.305497846806,0.437141993163,0.605667579237
-1.29032258065,-0.258064516129,0.176059778789,0.238997854986,0.337684558807,0.48312788507,0.669253296872
-1.29032258065,-0.129032258065,0.195553639317,0.265451347273,0.375125823087,0.536609718481,0.743181445624
-1.29032258065,0.0,0.218407668691,0.296461894022,0.418971125388,0.599244710117,0.829766143366
-1.29032258065,0.129032258065,0.245405013054,0.333092279608,0.470761444527,0.673218318021,0.93199831904
-1.29032258065,0.258064516129,0.277576403198,0.376740702861,0.532477279106,0.761353395798,1.05377041434
-1.29032258065,0.387096774194,0.316282956546,0.429252942849,0.606727767392,0.867370489089,1.20021113541
-1.29032258065,0.516129032258,0.363342717907,0.493094767656,0.696996515781,0.996239263917,1.37817263628
-1.29032258065,0.645161290323,0.421211510885,0.571598740972,0.807995329995,1.15468483139,1.59693110297
-1.29032258065,0.774193548387,0.493258069211,0.669332907211,0.946174600028,1.35191840644,1.86920723232
-1.29032258065,0.903225806452,0.584150598962,0.792636078653,1.12047708464,1.60072335921,2.21268234314
-1.29032258065,1.03225806452,0.70042155736,0.950377822091,1.34339838072,1.91900745179,2.65219723616
-1.29032258065,1.16129032258,0.851250642248,1.15503799286,1.63248144508,2.33199169702,3.22289116294
-1.29032258065,1.29032258065,1.04955493163,1.42419176911,2.01193421202,2.87484126441,3.97440505053
-1.29032258065,1.41935483871,1.31271427855,1.78153291534,2.51490821083,3.59472539385,4.97391166039
-1.29032258065,1.54838709677,1.6615364808,2.25558999552,3.1886582714,4.55823422394,6.30956303714
-1.29032258065,1.67741935484,2.11512024769,2.87283590798,4.0695431365,5.82546212434,8.07868876314
-1.29032258065,1.8064516129,2.67007262816,3.62936652588,5.15845656307,7.41719103866,10.3240811456
-1.29032258065,1.93548387097,3.27466152358,4.46696211977,6.3552327189,9.17350900614,12.8561573023
-1.16129032258,-1.93548387097,0.070636951661,0.0959117895442,0.135586083088,0.193996664014,0.268953009842
-1.16129032258,-1.8064516129,0.07554283197,0.102571430689,0.144988744997,0.207438928411,0.28757393664
-1.16129032258,-1.67741935484,0.0809742199834,0.109944533074,0.155397377977,0.222317830275,0.308222943103
-1.16129032258,-1.54838709677,0.0870086163752,0.11813586803,0.166959362284,0.238843598197,0.331160249801
-1.16129032258,-1.41935483871,0.0937378342027,0.127270106356,0.179850281435,0.25726699206,0.356734161437
-1.16129032258,-1.29032258065,0.101271636728,0.137496339688,0.194279891824,0.277920443255,0.385360193185
-1.16129032258,-1.16129032258,0.109742508528,0.148993997043,0.210500563111,0.301165716605,0.417539888071
-1.16129032258,-1.03225806452,0.119310668142,0.161980625471,0.228818349416,0.327421630837,0.453878864115
-1.16129032258,-0.903225806452,0.130171829431,0.176721690317,0.249606133658,0.357224967952,0.495117800535
-1.16129032258,-0.774193548387,0.14256684585,0.193543526206,0.273376885556,0.391235739347,0.542165956999
-1.16129032258,-0.645161290323,0.156794166222,0.212851465305,0.30069832771,0.430272837552,0.596150494344
-1.16129032258,-0.516129032258,0.173227426176,0.235152125337,0.332262339163,0.475361029438,0.658482405739
-1.16129032258,-0.387096774194,0.192339159901,0.261085868992,0.368978675377,0.527795307982,0.730941219775
-1.16129032258,-0.258064516129,0.214746227978,0.291487707529,0.411980656628,0.589206577754,0.815800122527
-1.16129032258,-0.129032258065,0.241222189982,0.32740708251,0.462786140051,0.661746030958,0.916003678715
-1.16129032258,0.0,0.272786251291,0.370226478465,0.523357711451,0.748206398073,1.03538788235
-1.16129032258,0.129032258065,0.310790027277,0.421776775542,0.596289369866,0.852278154113,1.17902697996
-1.16129032258,0.258064516129,0.357046444272,0.484516994464,0.685064931377,0.978916515706,1.35372565619
-1.16129032258,0.387096774194,0.414025551311,0.561793679947,0.794426223192,1.13486853296,1.56874734519
-1.16129032258,0.516129032258,0.485144156262,0.658237366105,0.930932021442,1.3294581956,1.83689306129
-1.16129032258,0.645161290323,0.575198455864,0.780348504773,1.10379480872,1.57578625789,2.17613568523
-1.16129032258,0.774193548387,0.691022330519,0.937393257244,1.32613319609,1.89252235978,2.61237206303
-1.16129032258,0.903225806452,0.842479602649,1.1427461816,1.61687481337,2.30663819692,3.18362293313
-1.16129032258,1.03225806452,1.04436390195,1.41648272005,2.00315717501,2.85761231115,3.94231485316
-1.16129032258,1.16129032258,1.31732301982,1.78667338914,2.52445579309,3.60219711225,4.97012305908
-1.16129032258,1.29032258065,1.69001854253,2.29240802659,3.23548092464,4.61978185417,6.37946010781
-1.16129032258,1.41935483871,2.19797375628,2.98243927552,4.21111862375,6.01207477925,8.3131120746
-1.16129032258,1.54838709677,2.86938447941,3.8962819985,5.51611810331,7.89091399026,10.9332431553
-1.16129032258,1.67741935484,3.67153121993,5.0013651205,7.10884383149,10.2178633568,14.238159962
-1.16129032258,1.8064516129,4.44663716832,6.0573762118,8.65492606188,12.510063974,17.5807527429
-1.16129032258,1.93548387097,4.74142660106,6.48274073122,9.28680753782,13.5051229249,19.099850765
-1.03225806452,-1.93548387097,0.0798963041252,0.10848232678,0.153342000084,0.219387241717,0.304140041143
-1.03225806452,-1.8064516129,0.0858204549258,0.116524244903,0.164693487041,0.235612848863,0.326660201883
-1.03225806452,-1.67741935484,0.0924241997613,0.125488248009,0.177344717559,0.253694589493,0.351759066544
-1.03225806452,-1.54838709677,0.0998147419782,0.135519983231,0.19150017163,0.27392321952,0.379842880965
-1.03225806452,-1.41935483871,0.108121212152,0.146794451216,0.2074064879,0.296717443968,0.411399087069
-1.03225806452,-1.29032258065,0.117500026604,0.159524105586,0.225361509285,0.322454317405,0.447020205415
-1.03225806452,-1.16129032258,0.12814199277,0.173967694372,0.245729429869,0.351656686725,0.487427983162
-1.03225806452,-1.03225806452,0.140282215079,0.190443789933,0.268988119559,0.384969604258,0.533508936605
-1.03225806452,-0.903225806452,0.154212290646,0.209347880386,0.295740656129,0.423191884833,0.58636404219
-1.03225806452,-0.774193548387,0.170297017016,0.231174967695,0.326638668605,0.46732435272,0.647368068788
-1.03225806452,-0.645161290323,0.188997862721,0.256550444664,0.362571394441,0.51863207226,0.718258536837
-1.03225806452,-0.516129032258,0.210916641933,0.286288586448,0.404652801834,0.57871509663,0.801257024794
-1.03225806452,-0.387096774194,0.236815943318,0.321423478945,0.454361767928,0.649671021594,0.89924260108
-1.03225806452,-0.258064516129,0.267693799925,0.363308807235,0.513632682332,0.734246088299,1.01597271053
-1.03225806452,-0.129032258065,0.304881511314,0.413746015623,0.585021509126,0.836070552614,1.15642571087
-1.03225806452,0.0,0.350169248648,0.475163615037,0.671973728398,0.960033956214,1.32729497178
-1.03225806452,0.129032258065,0.406009605425,0.550880625267,0.779203552642,1.11282224756,1.53772328275
-1.03225806452,0.258064516129,0.475816941696,0.645519839374,0.913277995222,1.30373765812,1.80039784569
-1.03225806452,0.387096774194,0.56442588146,0.76562657609,1.08350354148,1.54594751578,2.13439968773
-1.03225806452,0.516129032258,0.67881467865,0.920643168901,1.30331503732,1.85843780785,2.56555968123
-1.03225806452,0.645161290323,0.829234069773,1.12443931882,1.59246069983,2.26907463079,3.13201968807
-1.03225806452,0.774193548387,1.03187212361,1.3989335669,1.98028376731,2.82053096578,3.89082594525
-1.03225806452,0.903225806452,1.30968458221,1.77522082669,2.51145403532,3.57582912316,4.9293580436
-1.03225806452,1.03225806452,1.69774986445,2.30089012765,3.25279740369,4.63059966127,6.37900388729
-1.03225806452,1.16129032258,2.24672019786,3.04494374493,4.30059131506,6.12452802352,8.43219621985
-1.03225806452,1.29032258065,3.02000118423,4.09467853268,5.77492012607,8.2376014728,11.3577983909
-1.03225806452,1.41935483871,4.05690964614,5.50687011384,7.78889322235,11.1317117919,15.4033530237
-1.03225806452,1.54838709677,5.21446488032,7.13181336901,10.1388721782,14.5824532875,20.3540759756
-1.03225806452,1.67741935484,5.99208560675,8.2188816069,11.7508763995,17.051434908,24.0537071551
-1.03225806452,1.8064516129,5.63095621595,7.70863970303,11.0344676234,16.0522681721,22.7203532147
-1.03225806452,1.93548387097,4.42947362159,6.05482837314,8.65572180988,12.5558863948,17.7098131471
-0.903225806452,-1.93548387097,0.0910923072061,0.123681845809,0.174807215742,0.25007893598,0.346717995543
-0.903225806452,-1.8064516129,0.0983356567468,0.133513803327,0.188682230358,0.269907745082,0.37424472078
-0.903225806452,-1.67741935484,0.106472741693,0.144558623871,0.20426528329,0.292193384523,0.40516119543
-0.903225806452,-1.54838709677,0.115655796143,0.157022781172,0.221847143755,0.317393542814,0.440042637363
-0.903225806452,-1.41935483871,0.126070604261,0.171158186758,0.241781135702,0.345973414917,0.479590983456
-0.903225806452,-1.29032258065,0.137945752059,0.187274647496,0.264502748285,0.37855958465,0.524669461002
-0.903225806452,-1.16129032258,0.151564724029,0.205756647304,0.29064765926,0.415929693922,0.576346410682
-0.903225806452,-1.03225806452,0.167282495881,0.227085718502,0.320841990781,0.459056976795,0.635960964792
-0.903225806452,-0.903225806452,0.185548159192,0.251870318245,0.355940616123,0.509171918027,0.705201162202
-0.903225806452,-0.774193548387,0.206943763149,0.280898366755,0.397035690372,0.567835362418,0.786224806166
-0.903225806452,-0.645161290323,0.232218671413,0.315185368064,0.445553568236,0.637082066322,0.881833595129
-0.903225806452,-0.516129032258,0.262343497233,0.356047048504,0.503389165837,0.719593202302,0.995684944495
-0.903225806452,-0.387096774194,0.298618321719,0.405243034159,0.573041843268,0.81891176916,1.13263085903
-0.903225806452,-0.258064516129,0.342796075307,0.465148944677,0.657887074455,0.939822671649,1.29920141103
-0.903225806452,-0.129032258065,0.397284251074,0.539022189012,0.762560193665,1.08888245532,1.50432953721
-0.903225806452,0.0,0.465450561205,0.631418034949,0.893545963241,1.27524877817,1.76092913017
-0.903225806452,0.129032258065,0.552091787093,0.748822434183,1.0600956576,1.51194904071,2.08760291857
-0.903225806452,0.258064516129,0.664187182954,0.900667214914,1.27567692074,1.81789956023,2.50974936301
-0.903225806452,0.387096774194,0.812146926341,1.10274711352,1.56033672435,2.22117229617,3.06591220056
-0.903225806452,0.516129032258,1.01285623687,1.37514020432,1.94472719357,2.76605396094,3.815221428
-0.903225806452,0.645161290323,1.29074457771,1.75245347079,2.47660001763,3.52027379785,4.84929235875
-0.903225806452,0.774193548387,1.6851747683,2.2883346856,3.23107282456,4.59004713933,6.31177430633
-0.903225806452,0.903225806452,2.257956679,3.0667933016,4.32613388728,6.14196635173,8.4320320147
-0.903225806452,1.03225806452,3.10841731949,4.21250223614,5.93544797399,8.42710405655,11.5603173809
-0.903225806452,1.16129032258,4.34174230864,5.88262677588,8.29515860233,11.7886038947,16.1923390556
-0.903225806452,1.29032258065,6.01420509836,8.15211497221,11.5458472271,16.4844878864,22.7791615997
-0.903225806452,1.41935483871,7.63519008856,10.4105175947,14.8373134077,21.4335678997,30.0471751799
-0.903225806452,1.54838709677,7.64196684692,10.4608430516,14.9819671384,21.7878188364,30.8665853529
-0.903225806452,1.67741935484,5.86971613093,8.02525146767,11.4727893619,16.6432742772,23.4890856233
-0.903225806452,1.8064516129,4.06429645168,5.55925682459,7.93315336519,11.4784427412,16.1330521933
-0.903225806452,1.93548387097,2.83624844715,3.8703842657,5.50863643255,7.96255654544,11.1720986179
-0.774193548387,-1.93548387097,0.104801457266,0.142292331198,0.20108475415,0.287645685947,0.398841659089
-0.774193548387,-1.8064516129,0.113783548894,0.154483940493,0.218284176487,0.312255273586,0.432964397397
-0.774193548387,-1.67741935484,0.123964439126,0.168302007945,0.237772726867,0.34019368877,0.471630261662
-0.774193548387,-1.54838709677,0.135565668206,0.184047073661,0.259973083905,0.372029142343,0.515675325163
-0.774193548387,-1.41935483871,0.14886212561,0.202091778257,0.285440830796,0.408515178112,0.566136593615
-0.774193548387,-1.29032258065,0.164197832975,0.222902567372,0.314899988891,0.450595132462,0.624308919822
-0.774193548387,-1.16129032258,0.182007734635,0.247069243438,0.34912254651,0.499461596326,0.691829440894
-0.774193548387,-1.03225806452,0.202850500089,0.27534823392,0.389175700751,0.556632774538,0.770785974617
-0.774193548387,-0.903225806452,0.227461597534,0.308734438286,0.436422754484,0.624064072355,0.863885480172
-0.774193548387,-0.774193548387,0.256777541409,0.348498163722,0.492710432284,0.704360757855,0.974674987242
-0.774193548387,-0.645161290323,0.292058143126,0.396345074505,0.560464395023,0.800960249636,1.10785074124
-0.774193548387,-0.516129032258,0.33500748729,0.454581855229,0.642964662686,0.918503660205,1.26973830759
-0.774193548387,-0.387096774194,0.387965219531,0.52637406167,0.744722271608,1.06336449089,1.46899798024
-0.774193548387,-0.258064516129,0.454214945368,0.61616094595,0.872067022097,1.24445706644,1.71849260854
-0.774193548387,-0.129032258065,0.538450447859,0.730282848773,1.0340616802,1.47450384001,2.03600897322
-0.774193548387,0.0,0.647534006271,0.878638388315,1.24397650715,1.77204295104,2.4465540882
-0.774193548387,0.129032258065,0.791784642853,1.07617682551,1.52170946771,2.16548463907,2.98802756648
-0.774193548387,0.258064516129,0.988264368339,1.34367826691,1.898273366,2.70014697825,3.71972724937
-0.774193548387,0.387096774194,1.26303716253,1.71705239732,2.42262840471,3.44423713393,4.7355097039
-0.774193548387,0.516129032258,1.65955346088,2.25396902515,3.17402178322,4.50979160325,6.19119469949
-0.774193548387,0.645161290323,2.2467300671,3.0452598193,4.28610989639,6.07754646695,8.3263983519
-0.774193548387,0.774193548387,3.13875446817,4.24972688229,5.972456248,8.45222409344,11.157911
-0.774193548387,0.903225806452,4.51370742684,6.10898595156,8.58287816477,12.1261585427,12.985516
-0.774193548387,1.03225806452,6.61971717187,8.95656733609,12.5906270136,17.8079394565,18.39122
-0.774193548387,1.16129032258,9.40624692507,12.8218069718,18.1339294333,25.9121763698,35.8210369222
-0.774193548387,1.29032258065,10.7907832869,14.762234525,21.137589047,30.7329511921,43.4614041613
-0.774193548387,1.41935483871,8.19655583641,11.2107684917,16.0282377457,23.2619256586,32.857263726
-0.774193548387,1.54838709677,5.24685350349,7.18469954867,10.2467459355,14.8147166302,20.8183213658
-0.774193548387,1.67741935484,3.4487738285,4.69673817807,6.6933886504,9.65412179122,13.5418626697
-0.774193548387,1.8064516129,2.37808423117,3.23815879697,4.6074712888,6.6433584168,9.30209714748
-0.774193548387,1.93548387097,1.71761731003,2.34235644748,3.32689764091,4.79485620815,6.70697726567
-0.645161290323,-1.93548387097,0.121829874306,0.16540796826,0.233715852364,0.334334610333,0.463567546908
-0.645161290323,-1.8064516129,0.13314996399,0.180772101274,0.255382239209,0.36539961497,0.506554530612
-0.645161290323,-1.67741935484,0.146114525878,0.198366901011,0.280186561715,0.400975747552,0.555765823813
-0.645161290323,-1.54838709677,0.161055622356,0.218642675144,0.308838875754,0.441974524472,0.612454562561
-0.645161290323,-1.41935483871,0.178392897243,0.242168729711,0.342150225685,0.489545793981,0.678199263743
-0.645161290323,-1.29032258065,0.198662789709,0.269671462205,0.38111028448,0.545160474991,0.755013125067
-0.645161290323,-1.16129032258,0.222574668177,0.302110448491,0.427027758767,0.610695254018,0.84549936146
-0.645161290323,-1.03225806452,0.251035585635,0.340715341331,0.481675708695,0.688656717098,0.953077404998
-0.645161290323,-0.903225806452,0.285256960253,0.387126248002,0.547397964394,0.782363015564,1.08227131061
-0.645161290323,-0.774193548387,0.326880586592,0.443565052962,0.627357233308,0.896283798227,1.2391714696
-0.645161290323,-0.645161290323,0.378162424894,0.513083650454,0.725905786813,1.03656464681,1.43210971205
-0.645161290323,-0.516129032258,0.442271341132,0.599964795332,0.849156933326,1.2117995285,1.67345079476
-0.645161290323,-0.387096774194,0.523745329762,0.71033603604,1.0058806643,1.43427685796,1.98054153309
-0.645161290323,-0.258064516129,0.629235525765,0.854030865759,1.20895277679,1.72192186869,2.3774537745
-0.645161290323,-0.129032258065,0.768730010461,1.04548830332,1.4777555414,2.10321378621,2.90081801556
-0.645161290323,0.0,0.959851398814,1.30529174016,1.84284571649,2.62171129019,3.60861250703
-0.645161290323,0.129032258065,1.22870344938,1.66945806026,2.35284614843,3.34556984627,4.59825907871
-0.645161290323,0.258064516129,1.61921149163,2.19703106507,3.08752405859,4.38742315833,6.01778345969
-0.645161290323,0.387096774194,2.19891958592,2.98035964805,4.19070515559,5.93756493469,8.12176455271
-0.645161290323,0.516129032258,3.11046413058,4.20151147985,5.90063348555,8.32997277301,9.795315
-0.645161290323,0.645161290323,4.56781063963,6.16410366902,8.62759934165,10.811379,10.811379
-0.645161290323,0.774193548387,6.95326182007,9.37370811148,13.0837490945,13.721339,13.721339
-0.645161290323,0.903225806452,10.8466653257,14.6443967814,20.4952557434,23.1258,23.1258
-0.645161290323,1.03225806452,15.4841132245,21.1518998183,30.0688345617,43.3178590543,60.5234083201
-0.645161290323,1.16129032258,12.3806750643,16.9446042648,24.2328084682,35.2330369721,49.788521138
-0.645161290323,1.29032258065,7.05311114754,9.65102235674,13.7527258432,19.8631546784,27.9086890067
-0.645161290323,1.41935483871,4.2630768704,5.80027694185,8.2647728219,11.9186724249,16.6915670208
-0.645161290323,1.54838709677,2.78953067176,3.80433433809,5.40365441748,7.78845191248,10.8958302764
-0.645161290323,1.67741935484,1.94815926174,2.66064821582,3.78031331356,5.44209968644,7.60777780799
-0.645161290323,1.8064516129,1.43011027389,1.95492528752,2.77795787239,3.99507198998,5.58199660196
-0.645161290323,1.93548387097,1.093251984,1.49239890635,2.12080583286,3.04803165562,4.25793230466
-0.516129032258,-1.93548387097,0.143331493789,0.194594455073,0.274905056335,0.39333715451,0.545269548168
-0.516129032258,-1.8064516129,0.157868004335,0.214322243678,0.302712264161,0.433227420414,0.600440316161
-0.516129032258,-1.67741935484,0.174719631575,0.237190131379,0.335055905921,0.479468201851,0.664363088075
-0.516129032258,-1.54838709677,0.194401276328,0.263896096478,0.372879123015,0.533471057634,0.738974435265
-0.516129032258,-1.41935483871,0.217585215939,0.295350122857,0.417424347098,0.597049423,0.826767385905
-0.516129032258,-1.29032258065,0.245155536673,0.332748481696,0.47035903906,0.672579863237,0.931017065884
-0.516129032258,-1.16129032258,0.278265901473,0.377654615021,0.533945078039,0.763255447098,1.05606463061
-0.516129032258,-1.03225806452,0.318487679998,0.432194265017,0.611208976684,0.873354153388,1.20773705904
-0.516129032258,-0.903225806452,0.367978983979,0.499288771369,0.706316982016,1.00875334974,1.39400505087
-0.516129032258,-0.774193548387,0.429770620301,0.583031722718,0.825115744264,1.17767623865,1.62635814983
-0.516129032258,-0.645161290323,0.508203238961,0.689284173267,0.97600027239,1.39186977471,1.92203748659
-0.516129032258,-0.516129032258,0.609645181147,0.827359228895,1.1713063186,1.66848109561,2.30375907336
-0.516129032258,-0.387096774194,0.743671045386,1.01142759319,1.42962994772,2.03477410298,2.80655936129
-0.516129032258,-0.258064516129,0.927642273645,1.26133618287,1.78035313332,2.53312235606,3.48616191039
-0.516129032258,-0.129032258065,1.18672135959,1.61199555246,2.27063922723,3.22912162371,4.43770991737
-0.516129032258,0.0,1.56452995038,2.12167203956,2.979486997,4.23247243426,5.80232435734
-0.516129032258,0.129032258065,2.13148910313,2.88370753283,4.05356004193,5.73554634941,7.83895467472
-0.516129032258,0.258064516129,3.0262288955,4.08812556678,5.73031402701,8.07651217274,8.97537
-0.516129032258,0.387096774194,4.49342118285,6.05775964342,8.45892419357,9.538281,9.538281
-0.516129032258,0.516129032258,6.97857118771,9.3746799181,11.33223,11.33223,11.33223
-0.516129032258,0.645161290323,11.3516753697,15.2056981819,16.227022,16.227022,16.227022
-0.516129032258,0.774193548387,19.910228001,26.8335752663,37.4658004614,40.022678,40.022678
-0.516129032258,0.903225806452,21.24038189,29.0965247458,41.6580668531,60.695300378,85.9808904417
-0.516129032258,1.03225806452,10.0092200778,13.6702402263,19.4548961676,28.1168517236,39.4463886715
-0.516129032258,1.16129032258,5.36256551826,7.31185060231,10.3854492206,14.9725040444,20.9574638128
-0.516129032258,1.29032258065,3.29128583635,4.49833348289,6.39299646288,9.19969679655,12.8617537225
-0.516129032258,1.41935483871,2.21947820315,3.02889905685,4.30526075568,6.19000731701,8.65026578402
-0.516129032258,1.54838709677,1.59342416106,2.17125588561,3.08622731372,4.43852840821,6.19844248571
-0.516129032258,1.67741935484,1.19695596464,1.62930252022,2.31580691667,3.33096691239,4.6490177544
-0.516129032258,1.8064516129,0.930805846745,1.26597953953,1.79931270894,2.58824885594,3.61057285868
-0.516129032258,1.93548387097,0.743851475971,1.01102227539,1.43687775553,2.06699263365,2.88212278857
-0.387096774194,-1.93548387097,0.17100224909,0.232152842193,0.327890786285,0.469267030582,0.650369713381
-0.387096774194,-1.8064516129,0.19008215308,0.258043924101,0.3645273841,0.521621485211,0.722731494947
-0.387096774194,-1.67741935484,0.212522135024,0.288491047206,0.40765906951,0.583192261528,0.807774814944
-0.387096774194,-1.54838709677,0.239172160034,0.324644294369,0.458830976986,0.656223910722,0.908609633626
-0.387096774194,-1.41935483871,0.271132126942,0.367993643134,0.520200852114,0.743763949358,1.02938350742
-0.387096774194,-1.29032258065,0.309893743701,0.420558574002,0.594653027828,0.849889577861,1.17564785637
-0.387096774194,-1.16129032258,0.357510063875,0.485115028716,0.68614463632,0.980183058043,1.35498294825
-0.387096774194,-1.03225806452,0.416851083272,0.565545050346,0.800221201236,1.14244866931,1.57792748548
-0.387096774194,-0.903225806452,0.492033247599,0.667402691197,0.944838828679,1.34782367296,1.86124195913
-0.387096774194,-0.774193548387,0.589085498718,0.79911892518,1.13167817339,1.61254978018,2.22660929513
-0.387096774194,-0.645161290323,0.717071453695,0.974833456793,1.37835229437,1.9617200795,2.70701800024
-0.387096774194,-0.516129032258,0.892139821748,1.21314385656,1.7125621497,2.43690489133,3.35426466798
-0.387096774194,-0.387096774194,1.13884819624,1.54699379985,2.17916550316,3.09940024951,4.26002428157
-0.387096774194,-0.258064516129,1.49871248406,2.03222379832,2.85409764431,4.05371479952,5.55740914083
-0.387096774194,-0.129032258065,2.03653294945,2.755341559,3.87525833348,5.48443765195,7.49508287945
-0.387096774194,0.0,2.89760675682,3.91448977822,5.48433840992,7.72605647745,8.503277
-0.387096774194,0.129032258065,4.32225080608,5.82274570808,8.1186480053,8.768427,8.768427
-0.387096774194,0.258064516129,6.75626572365,9.05633433985,9.95343,9.95343,9.95343
-0.387096774194,0.387096774194,10.989689306,13.009188,13.009188,13.009188,13.009188
-0.387096774194,0.516129032258,19.9499454222,23.122386,23.122386,23.122386,23.122386
-0.387096774194,0.645161290323,42.7176833674,58.2201326425,83.0306443858,119.944434076,168.170604925
-0.387096774194,0.774193548387,15.381836095,20.9408004419,29.8413489401,43.0305394269,60.3339890088
-0.387096774194,0.903225806452,6.87512127315,9.38648317167,13.3452770523,19.193012191,26.8393195348
-0.387096774194,1.03225806452,3.92917045251,5.34230584792,7.59746562846,10.9389273763,15.2765397117
-0.387096774194,1.16129032258,2.54089890373,3.45380644163,4.90672135809,7.06497418403,9.85862350822
-0.387096774194,1.29032258065,1.77588667771,2.41375772535,3.42845743741,4.93403946608,6.88122654593
-0.387096774194,1.41935483871,1.30986128706,1.78023292361,2.52821294106,3.63710821996,5.07019310474
-0.387096774194,1.54838709677,1.0052529056,1.36616375081,1.93991275475,2.78987531534,3.88852234074
-0.387096774194,1.67741935484,0.795398876146,1.08091764184,1.53468977626,2.20645806188,3.07496305564
-0.387096774194,1.8064516129,0.644789242914,0.876214007546,1.24391998293,1.78792137144,2.49142424338
-0.387096774194,1.93548387097,0.533101484176,0.724418173443,1.02832232949,1.47765855203,2.05890841094
-0.258064516129,-1.93548387097,0.207412401531,0.281569711512,0.397766954849,0.569173411278,0.78858932949
-0.258064516129,-1.8064516129,0.233117578756,0.316445638962,0.447155851821,0.639673893708,0.885957433361
-0.258064516129,-1.67741935484,0.263900269523,0.358202325864,0.506254201322,0.724006539141,1.00236987301
-0.258064516129,-1.54838709677,0.301162932619,0.408740081579,0.577813017491,0.826050990163,1.1430972796
-0.258064516129,-1.41935483871,0.346842367773,0.470678375952,0.665563783609,0.951078877892,1.31531010349
-0.258064516129,-1.29032258065,0.403640708578,0.547672816061,0.774728358257,1.1064441072,1.52895578588
-0.258064516129,-1.16129032258,0.475424274168,0.644942216689,0.912774842694,1.30261916307,1.79881263874
-0.258064516129,-1.03225806452,0.567844849746,0.770110418022,1.09065527335,1.55485448457,2.14699178514
-0.258064516129,-0.903225806452,0.689388494238,0.936445610969,1.32484563508,1.88587134599,2.60368522379
-0.258064516129,-0.774193548387,0.854300817848,1.16195657207,1.64106413648,2.33532693822,3.21685652188
-0.258064516129,-0.645161290323,1.08677622776,1.47664880509,2.08120597594,2.96035715874,4.0703361169
-0.258064516129,-0.516129032258,1.42492235155,1.93276191875,2.71462790273,3.8584237104,5.29234507669
-0.258064516129,-0.387096774194,1.93465889094,2.61486488924,3.67187064581,5.20196972869,7.11068959593
-0.258064516129,-0.258064516129,2.73616911031,3.6968521683,5.18227084261,7.30131307703,8.288664
-0.258064516129,-0.129032258065,4.07639786343,5.49258779386,7.65648658594,8.325724,8.325724
-0.258064516129,0.0,6.37214144712,8.53515123337,9.128154,9.128154,9.128154
-0.258064516129,0.129032258065,10.2334495913,11.239594,11.239594,11.239594,11.239594
-0.258064516129,0.258064516129,17.132171,17.132171,17.132171,17.132171,17.132171
-0.258064516129,0.387096774194,48.4828377811,55.87426,55.87426,55.87426,55.87426
-0.258064516129,0.516129032258,27.0279131479,36.8318386152,52.3221561977,75.4223483259,105.641138936
-0.258064516129,0.645161290323,9.06273834738,12.3236598968,17.4974752332,25.1436813187,35.1214915411
-0.258064516129,0.774193548387,4.711289062,6.40544232751,9.09147109291,13.0595636935,18.2269526349
-0.258064516129,0.903225806452,2.90836145046,3.95355913398,5.61142922316,8.05719466409,11.2458053468
-0.258064516129,1.03225806452,1.97702091913,2.68720569226,3.81408051127,5.47519768169,7.64139825788
-0.258064516129,1.16129032258,1.43150321628,1.94555828624,2.76137339377,3.96460313006,5.53062092512
-0.258064516129,1.29032258065,1.08422902499,1.47347764711,2.09125977121,3.00257047761,4.18719920722
-0.258064516129,1.41935483871,0.849480180791,1.15439441733,1.63831638935,2.3521271094,3.2793265415
-0.258064516129,1.54838709677,0.68339930899,0.928663836238,1.31788610411,1.8919089159,2.63720281798
-0.258064516129,1.67741935484,0.561602161073,0.763131747498,1.0829140028,1.55440660819,2.16643121355
-0.258064516129,1.8064516129,0.46964554374,0.638160060885,0.905523050592,1.29960980019,1.81110241671
-0.258064516129,1.93548387097,0.398527296724,0.541511277492,0.768339787334,1.10257394196,1.53637422707
-0.129032258065,-1.93548387097,0.256611113532,0.348334965155,0.49218667366,0.704089359552,0.975153216418
-0.129032258065,-1.8064516129,0.29235018907,0.396813222242,0.56080113521,0.801986574469,1.11026238549
-0.129032258065,-1.67741935484,0.336054574262,0.456083079786,0.644735493867,0.921650457928,1.27522993277
-0.129032258065,-1.54838709677,0.390253669803,0.529566999758,0.748868317187,1.0699603405,1.4793920967
-0.129032258065,-1.41935483871,0.458545887838,0.622126785687,0.880154364888,1.25669125877,1.73592527053
-0.129032258065,-1.29032258065,0.546184441792,0.740849249614,1.04875980754,1.49604221427,2.06577855897
-0.129032258065,-1.16129032258,0.661027156615,0.89693242997,1.26993352576,1.80912690846,2.49784975693
-0.129032258065,-1.03225806452,0.815404164715,1.1089039783,1.5672675783,2.23039585577,3.07566471356
-0.129032258065,-0.903225806452,1.03206240046,1.40294718499,1.9791708978,2.81540607646,3.87292774079
-0.129032258065,-0.774193548387,1.34606115995,1.82693388334,2.5689896097,3.65245325158,5.01394911778
-0.129032258065,-0.645161290323,1.8188882715,2.45445905907,3.45730533377,4.89430616439,6.6999243471
-0.129032258065,-0.516129032258,2.55399968509,3.45511222452,4.84449706961,6.83240159862,8.295246
-0.129032258065,-0.387096774194,3.78583538561,5.10147919858,7.11736914315,8.127894,8.127894
-0.129032258065,-0.258064516129,5.89246645403,7.89584102296,8.658477,8.658477,8.658477
-0.129032258065,-0.129032258065,9.37954130336,10.211072,10.211072,10.211072,10.211072
-0.129032258065,0.0,0.529909,0.529909,0.529909,0.529909,0.529909
-0.129032258065,0.129032258065,0.153463,0.153463,0.153463,0.153463,0.153463
-0.129032258065,0.258064516129,64.6270784189,87.8771148018,124.899275124,179.958845357,251.390715808
-0.129032258065,0.387096774194,12.0948763398,16.4523016442,23.394418578,33.6043579977,46.8584647237
-0.129032258065,0.516129032258,5.6422499061,7.67219340636,10.8672918176,15.6144792884,21.7789617357
-0.129032258065,0.645161290323,3.31992263064,4.51326601285,6.3979799918,9.1881891555,12.8060386431
-0.129032258065,0.774193548387,2.19508021321,2.98364322016,4.23122150641,6.07407446902,8.46090329148
-0.129032258065,0.903225806452,1.56077813327,2.12125086551,3.00878967825,4.3179729619,6.01634010076
-0.129032258065,1.03225806452,1.16706413819,1.58603059806,2.24982828011,3.22807679709,4.49874288216
-0.129032258065,1.16129032258,0.905687831854,1.23075607774,1.74591911214,2.50465423018,3.49079779518
-0.129032258065,1.29032258065,0.723259512741,0.982809783976,1.39419567445,1.99982262237,2.78716724773
-0.129032258065,1.41935483871,0.59087940731,0.80289683636,1.13895929521,1.63354715046,2.27655458992
-0.129032258065,1.54838709677,0.491772195969,0.668210765892,0.947876909433,1.35937227463,1.89430267768
-0.129032258065,1.67741935484,0.41565177947,0.564766396881,0.801116749377,1.14881727239,1.60073990752
-0.129032258065,1.8064516129,0.355921421858,0.483598333765,0.685959461885,0.983619186183,1.37041868699
-0.129032258065,1.93548387097,0.308192618768,0.418741170886,0.593943893275,0.851629658797,1.18640293298
0.0,-1.93548387097,0.32522075478,0.441426545232,0.623803887941,0.892083374872,1.23496592224
0.0,-1.8064516129,0.376793266359,0.511363930296,0.722849692627,1.03326531519,1.42954616682
0.0,-1.67741935484,0.441551700245,0.599156170885,0.847285624426,1.21043222678,1.67330811656
0.0,-1.54838709677,0.524333843371,0.711336734495,1.00646110515,1.43669050039,1.98385318797
0.0,-1.41935483871,0.632345080094,0.857618779588,1.21434512798,1.7314774774,2.39067246297
0.0,-1.29032258065,0.776623570152,1.05489174132,1.49240582383,2.12429023054,2.93258995807
0.0,-1.16129032258,0.976074354437,1.32762374045,1.87514571875,2.66751208657,3.67376924886
0.0,-1.03225806452,1.26468377002,1.71791068183,2.41987385943,3.44077085755,4.72781586265
0.0,-0.903225806452,1.69719495948,2.29979540492,3.22919774291,4.57890832513,6.27263194483
0.0,-0.774193548387,2.36555994709,3.19791478071,4.48728943479,6.33904324123,8.524092
0.0,-0.645161290323,3.46717608482,4.67635021309,6.53571861824,8.142273,8.142273
0.0,-0.516129032258,5.35467740506,7.1869558683,8.453399,8.453399,8.453399
0.0,-0.387096774194,8.50568854821,9.638189,9.638189,9.638189,9.638189
0.0,-0.258064516129,2.05734,2.05734,2.05734,2.05734,2.05734
0.0,-0.129032258065,0.096865,0.096865,0.096865,0.096865,0.096865
0.0,0.0,0.0202019944071,0.0202019944071,0.0202019944071,0.0202019944071,0.0202019944071
0.0,0.129032258065,16.4912718907,22.4009866979,31.7327978021,45.5131601188,63.4430814842
0.0,0.258064516129,6.7097388128,9.13816662691,12.9859290695,18.6307727226,25.9436298061
0.0,0.387096774194,3.76808168417,5.12258546641,7.2538187419,10.4175826827,14.5145125382
0.0,0.516129032258,2.42639970929,3.29805539682,4.67281726829,6.7078679208,9.34435225738
0.0,0.645161290323,1.6958297173,2.30477393875,3.26693060945,4.68839313265,6.52837371673
0.0,0.774193548387,1.25275481055,1.70245431218,2.41371676189,3.46318044511,4.82074465678
0.0,0.903225806452,0.963444820551,1.30921612746,1.85641944505,2.66312466664,3.70732880033
0.0,1.03225806452,0.764022579143,1.03817889668,1.47219488565,2.11165561516,2.94010469443
0.0,1.16129032258,0.620712657263,0.843416605317,1.19604984449,1.71538083528,2.3885213999
0.0,1.29032258065,0.514258273032,0.698748340452,0.990908057291,1.42103951785,1.97869968129
0.0,1.41935483871,0.433017004716,0.588348756345,0.834347137979,1.19643301651,1.66590990669
0.0,1.54838709677,0.369609535407,0.502186231027,0.712152265852,1.02114399579,1.42177786843
0.0,1.67741935484,0.319172026015,0.433650137071,0.614951930374,0.881723060159,1.22758828917
0.0,1.8064516129,0.278393996401,0.378240543411,0.536367489901,0.769011986299,1.07059818924
0.0,1.93548387097,0.24495730961,0.332807685614,0.471932048272,0.676600071443,0.94188182808
0.129032258065,-1.93548387097,0.424577160349,0.576211189139,0.81444238228,1.16419287168,1.61065142397
0.129032258065,-1.8064516129,0.502496687117,0.681839490034,0.964174592114,1.37732234065,1.90378717481
0.129032258065,-1.67741935484,0.603656802163,0.818905771087,1.15872459697,1.653713792,2.2832249546
0.129032258065,-1.54838709677,0.738030599881,1.0008416714,1.4174510566,2.02019014055,2.78900717331
0.129032258065,-1.41935483871,0.921968387478,1.2521608722,1.77092575443,2.5194056718,3.47630230676
0.129032258065,-1.29032258065,1.18295123937,1.60839971642,2.26997009739,3.2277527502,4.43918846733
0.129032258065,-1.16129032258,1.57268722684,2.13424749351,3.00031547227,4.26376698831,5.84960149002
0.129032258065,-1.03225806452,2.17036574691,2.93446917249,4.12815618663,5.83976748366,7.97979485488
0.129032258065,-0.903225806452,3.1424196819,4.24150833549,5.93872298919,8.35522937031,8.371155
0.129032258065,-0.774193548387,4.79431931374,6.44503893223,8.477682,8.477682,8.477682
0.129032258065,-0.645161290323,7.59635761366,9.395472,9.395472,9.395472,9.395472
0.129032258065,-0.516129032258,11.779919,11.779919,11.779919,11.779919,11.779919
0.129032258065,-0.387096774194,0.114237,0.114237,0.114237,0.114237,0.114237
0.129032258065,-0.258064516129,0.274833,0.274833,0.274833,0.274833,0.274833
0.129032258065,-0.129032258065,22.4184693658,30.3328698666,43.0829323929,61.8095011202,86.0390214423
0.129032258065,0.0,7.93732161904,10.8112251403,15.3180064574,21.9710114197,30.6053521487
0.129032258065,0.129032258065,4.23888729594,5.76243699363,8.1782740395,11.7362060275,16.3415502341
0.129032258065,0.258064516129,2.66504197534,3.62235527639,5.1280587459,7.36046571408,10.2523922102
0.129032258065,0.387096774194,1.83390517475,2.4923665689,3.53073207287,5.06664308744,7.05481488066
0.129032258065,0.516129032258,1.33989671881,1.82083847959,2.58035166868,3.70208803835,5.15320763526
0.129032258065,0.645161290323,1.02198220622,1.38873152129,1.96840096161,2.82364965723,3.92946283034
0.129032258065,0.774193548387,0.805240703799,1.09416349663,1.55106176574,2.22469146399,3.09532147023
0.129032258065,0.903225806452,0.65082870874,0.884318072507,1.25367979758,1.79796431319,2.50145221268
0.129032258065,1.03225806452,0.536929102941,0.72953619603,1.03429140174,1.48319897515,2.06372958776
0.129032258065,1.16129032258,0.450508610261,0.612101173389,0.867818972064,1.24438216621,1.73151471852
0.129032258065,1.29032258065,0.383385556887,0.520893123361,0.738513500579,1.05890368342,1.4734420979
0.129032258065,1.41935483871,0.330215292559,0.448645047662,0.63608267441,0.911986142003,1.26899461077
0.129032258065,1.54838709677,0.287381814456,0.39044411632,0.553564401045,0.793638130075,1.10428916135
0.129032258065,1.67741935484,0.252369363406,0.34287107521,0.48611289959,0.696905480131,0.969658759842
0.129032258065,1.8064516129,0.223384237646,0.303488523139,0.430272767823,0.616829368046,0.858208012776
0.129032258065,1.93548387097,0.199118232556,0.27051856042,0.383525072216,0.549795266445,0.764907391854
0.258064516129,-1.93548387097,0.575239910048,0.780542018229,1.10363248009,1.57654653823,2.17911214698
0.258064516129,-1.8064516129,0.699812510048,0.949315216357,1.3432403689,1.91681643662,2.64621058305
0.258064516129,-1.67741935484,0.8685929272,1.17778367276,1.66804080152,2.37661012768,3.28039466025
0.258064516129,-1.54838709677,1.10543624084,1.50061980366,2.12197387395,3.01757058075,4.1611581172
0.258064516129,-1.41935483871,1.45046951129,1.97130951789,2.77978241735,3.95070655722,5.42869675356
0.258064516129,-1.29032258065,1.98062195914,2.68395559402,3.77475601873,5.3518612258,7.32991562689
0.258064516129,-1.16129032258,2.8229495538,3.81381100562,5.35280850157,7.55315559013,8.852759
0.258064516129,-1.03225806452,4.23442221392,5.70352412097,7.9605277314,8.735362,8.735362
0.258064516129,-0.903225806452,6.65276468658,8.90950524187,9.436291,9.436291,9.436291
0.258064516129,-0.774193548387,10.6358343093,11.435239,11.435239,11.435239,11.435239
0.258064516129,-0.645161290323,0.553575,0.553575,0.553575,0.553575,0.553575
0.258064516129,-0.516129032258,0.526376,0.526376,0.526376,0.526376,0.526376
0.258064516129,-0.387096774194,29.1535820554,39.7030709537,56.236841991,80.6913580929,112.389815925
0.258064516129,-0.258064516129,9.16390720952,12.484114784,17.6942654968,25.3684139122,35.3417599401
0.258064516129,-0.129032258065,4.71019807662,6.40290949603,9.09384793554,13.0458185749,18.1593353335
0.258064516129,0.0,2.90230561485,3.94475787451,5.58449132277,8.01636644774,11.1618809825
0.258064516129,0.129032258065,1.97117515286,2.67887107654,3.79339041778,5.44313052766,7.57845576432
0.258064516129,0.258064516129,1.42663521188,1.93867548648,2.7463781493,3.94005810947,5.4841761202
0.258064516129,0.387096774194,1.08031894187,1.4679743903,2.08008056349,2.98370195005,4.15202747241
0.258064516129,0.516129032258,0.846359156397,1.15001195816,1.62978333221,2.33749444461,3.25215008443
0.258064516129,0.645161290323,0.680895133159,0.925151326665,1.31124116002,1.8804342159,2.61582657128
0.258064516129,0.774193548387,0.559575428445,0.760291034031,1.07764566984,1.54530541628,2.14935654701
0.258064516129,0.903225806452,0.467987936009,0.635838251267,0.901280320629,1.29231168068,1.79726984193
0.258064516129,1.03225806452,0.397158186764,0.539594807831,0.764876238018,1.09665962299,1.52512929049
0.258064516129,1.16129032258,0.341258480486,0.463639525387,0.657219537102,0.942253626196,1.31042496874
0.258064516129,1.29032258065,0.296371065462,0.402649630092,0.57076822711,0.81827174986,1.13800343675
0.258064516129,1.41935483871,0.259784002095,0.352938375974,0.500302323369,0.71722079852,0.997457285336
0.258064516129,1.54838709677,0.229571296094,0.311888606718,0.442112066168,0.633778425956,0.881395731795
0.258064516129,1.67741935484,0.204334453469,0.277600143011,0.393505282026,0.564081425184,0.784449191126
0.258064516129,1.8064516129,0.18303837968,0.248666232513,0.352488707198,0.505270513291,0.702642838731
0.258064516129,1.93548387097,0.164903826572,0.224027820114,0.317561236322,0.455192778372,0.63298409494
0.387096774194,-1.93548387097,0.816780544215,1.10798787881,1.56758279482,2.23697506566,3.08783787452
0.387096774194,-1.8064516129,1.03081173869,1.39767066072,1.97813518295,2.8186825844,3.88867935756
0.387096774194,-1.67741935484,1.33750518692,1.81435533201,2.56558530829,3.64742651048,5.02659310881
0.387096774194,-1.54838709677,1.79643412715,2.44051663198,3.4385494797,4.88431498321,6.70522948707
0.387096774194,-1.41935483871,2.52007587406,3.41085852801,4.79482228631,6.78763679157,9.2762270841
0.387096774194,-1.29032258065,3.7032001715,5.00006879602,6.99808782005,9.271538,9.271538
0.387096774194,-1.16129032258,5.71460598176,7.68189618641,9.768226,9.768226,9.768226
0.387096774194,-1.03225806452,9.1379182214,11.511848,11.511848,11.511848,11.511848
0.387096774194,-0.903225806452,15.2910895882,16.30262,16.30262,16.30262,16.30262
0.387096774194,-0.774193548387,34.9087136643,38.772974,38.772974,38.772974,38.772974
0.387096774194,-0.645161290323,32.2731066051,44.0618598567,62.5918465324,90.10105617,125.920187796
0.387096774194,-0.516129032258,10.1975611303,13.8645499036,19.6662893254,28.2364915867,39.3388856785
0.387096774194,-0.387096774194,5.14368284599,6.99215225991,9.91463620383,14.2304755172,19.8164103106
0.387096774194,-0.258064516129,3.12569965315,4.24834104748,6.01248193282,8.63123528651,12.0183460342
0.387096774194,-0.129032258065,2.1025653695,2.8573982226,4.04585755597,5.80518000413,8.08218254457
0.387096774194,0.0,1.51060896757,2.05275901139,2.90754756368,4.17111009892,5.80551816977
0.387096774194,0.129032258065,1.13723920177,1.54529770767,2.18926097199,3.14018589405,4.36960673288
0.387096774194,0.258064516129,0.886702150011,1.20480905454,1.70713419392,2.44833451753,3.40623386471
0.387096774194,0.387096774194,0.710513333648,0.96537995598,1.36801151233,1.96177082746,2.7288714622
0.387096774194,0.516129032258,0.581951766794,0.790680528551,1.12052393249,1.60672903628,2.23470782382
0.387096774194,0.645161290323,0.48529894026,0.659346987172,0.934445384803,1.33981254618,1.86326315949
0.387096774194,0.774193548387,0.410821613741,0.558148603451,0.791047466012,1.13413936399,1.57708842698
0.387096774194,0.903225806452,0.352228873478,0.478536322467,0.678228929528,0.972338595438,1.35198734399
0.387096774194,1.03225806452,0.305311041187,0.414788636824,0.587886662957,0.842782486557,1.17176420878
0.387096774194,1.16129032258,0.267164416704,0.362959380448,0.514431993966,0.737449933074,1.02525328332
0.387096774194,1.29032258065,0.235734107759,0.320256397912,0.453909706959,0.650667070285,0.904552152161
0.387096774194,1.41935483871,0.209533211806,0.284658321518,0.403455917522,0.578324821613,0.803948923287
0.387096774194,1.54838709677,0.18746372371,0.254674328345,0.360957948774,0.517392571062,0.719233875994
0.387096774194,1.67741935484,0.168701829429,0.229183975057,0.324828831511,0.465594117742,0.647215854429
0.387096774194,1.8064516129,0.152618546195,0.207333285675,0.293858219164,0.421192626801,0.585481463898
0.387096774194,1.93548387097,0.138727728291,0.188461639578,0.267109497362,0.382845533959,0.532164817118
0.516129032258,-1.93548387097,1.23147416767,1.6697675547,2.36126950191,3.36575005921,4.64115844925
0.516129032258,-1.8064516129,1.62967665201,2.20826701241,3.12350127268,4.44080937393,6.11646313799
0.516129032258,-1.67741935484,2.23879359879,3.04023167864,4.27552828111,6.07180230661,8.33108823629
0.516129032258,-1.54838709677,3.21798835489,4.3505333617,6.11399380994,8.64309776038,10.194095
0.516129032258,-1.41935483871,4.83894135569,6.52777467211,9.12400062387,10.456869,10.456869
0.516129032258,-1.29032258065,7.5919393157,10.1965344184,12.027274,12.027274,12.027274
0.516129032258,-1.16129032258,12.4795657796,16.491766,16.491766,16.491766,16.491766
0.516129032258,-1.03225806452,23.5646640724,31.592156355,35.578583,35.578583,35.578583
0.516129032258,-0.903225806452,26.7583957882,36.594429172,52.1690346301,75.4908282287,106.106579887
0.516129032258,-0.774193548387,10.6684078029,14.5014052281,20.5950492956,29.6221210041,41.3267366327
0.516129032258,-0.645161290323,5.47236423822,7.43879460729,10.5412618848,15.1351092866,21.0893763368
0.516129032258,-0.516129032258,3.31729741458,4.50875623076,6.38598925315,9.165769629,12.7661300524
0.516129032258,-0.387096774194,2.22143503679,3.01894395526,4.27598916083,6.13556357016,8.5423028352
0.516129032258,-0.258064516129,1.58886359911,2.15909296887,3.05848559207,4.38763305446,6.10682958187
0.516129032258,-0.129032258065,1.19127242828,1.61870809625,2.29326178858,3.28930983887,4.57702392653
0.516129032258,0.0,0.925471544099,1.25747726343,1.7816600422,2.55515999224,3.55476208979
0.516129032258,0.129032258065,0.739222194971,1.00437567907,1.4231479899,2.0407820317,2.83869789515
0.516129032258,0.258064516129,0.603774540355,0.820320658589,1.16241019986,1.66673953732,2.31810176765
0.516129032258,0.387096774194,0.502260139231,0.682382281614,0.966982706707,1.38642254439,1.92802062091
0.516129032258,0.516129032258,0.42425555275,0.576392359284,0.816808818866,1.17103620999,1.6283415044
0.516129032258,0.645161290323,0.363045111795,0.493224494347,0.698963499566,1.002031911,1.39322564439
0.516129032258,0.774193548387,0.314144650934,0.426783681464,0.604815358122,0.867022236985,1.20542441937
0.516129032258,0.903225806452,0.274469869089,0.372878990192,0.528428729706,0.75748957225,1.05307625107
0.516129032258,1.03225806452,0.241843052582,0.328550729272,0.465611254282,0.667418686145,0.927807829487
0.516129032258,1.16129032258,0.214692293628,0.291663165289,0.413336426245,0.592468377387,0.823576715769
0.516129032258,1.29032258065,0.191859633574,0.260642680079,0.369375277378,0.52944103569,0.735932335833
0.516129032258,1.41935483871,0.172477411517,0.234310164802,0.332057479719,0.475940131723,0.661539595353
0.516129032258,1.54838709677,0.155885103916,0.211768296482,0.300111240364,0.430141404167,0.597860245658
0.516129032258,1.67741935484,0.141572608663,0.192323683715,0.272554419673,0.390637085358,0.542935407627
0.516129032258,1.8064516129,0.129141253329,0.175434947449,0.248619820055,0.356326125756,0.495233408938
0.516129032258,1.93548387097,0.118275620929,0.16067378821,0.227699891136,0.326337786584,0.453542858108
0.645161290323,-1.93548387097,1.99098186659,2.6976108254,3.81263678376,5.42408419076,7.46758849742
0.645161290323,-1.8064516129,2.7896026364,3.77786027585,5.32056778264,7.55428929629,10.3607728759
0.645161290323,-1.67741935484,4.06452661426,5.50137144755,7.72940700613,10.921576791,11.662026
0.645161290323,-1.54838709677,6.17168221408,8.33014776742,11.6511677681,13.109427,13.109427
0.645161290323,-1.41935483871,9.71044200592,13.0782976796,17.608084,17.608084,17.608084
0.645161290323,-1.29032258065,15.8477679736,21.4199168401,30.0127970694,36.654575,36.654575
0.645161290323,-1.16129032258,18.7399186954,25.6517468596,36.6141582043,53.0356030668,74.7144938701
0.645161290323,-1.03225806452,10.2981160257,14.0292875952,19.9404077796,28.7418320069,40.2430264585
0.645161290323,-0.903225806452,5.61018986993,7.62537184934,10.828407974,15.5710827112,21.7189630578
0.645161290323,-0.774193548387,3.45370273904,4.69411208264,6.65710283398,9.55493653946,13.3076949171
0.645161290323,-0.645161290323,2.31947508188,3.15220547546,4.46792215253,6.41125959544,8.92616777709
0.645161290323,-0.516129032258,1.65783698169,2.25283826519,3.19249949896,4.5800339591,6.37470287118
0.645161290323,-0.387096774194,1.24067842629,1.68584842279,2.38885163224,3.42646896526,4.7679041186
0.645161290323,-0.258064516129,0.961738067474,1.3067545768,1.8516428824,2.65553343117,3.69438671442
0.645161290323,-0.129032258065,0.766487577021,1.04141773742,1.4756699851,2.11608303026,2.94340553946
0.645161290323,0.0,0.624722777126,0.848777696572,1.20271161293,1.72450457709,2.39839791572
0.645161290323,0.129032258065,0.518667369083,0.704668630289,0.998519418753,1.43161225134,1.99081968211
0.645161290323,0.258064516129,0.437327320084,0.594146334325,0.841915906131,1.20700618082,1.67831618476
0.645161290323,0.387096774194,0.373616461781,0.507581764006,0.719256286734,1.03109859632,1.43360128942
0.645161290323,0.516129032258,0.322808578769,0.438549680294,0.621438980422,0.890829439245,1.23848730974
0.645161290323,0.645161290323,0.281655132059,0.382635922587,0.542208767147,0.777222353557,1.08047580334
0.645161290323,0.774193548387,0.247865059149,0.336727995869,0.477157009385,0.683949478409,0.950758867787
0.645161290323,0.903225806452,0.219787689178,0.298581879098,0.423102458833,0.606449763444,0.842985233664
0.645161290323,1.03225806452,0.196207843093,0.266546733795,0.377707405155,0.541367933986,0.752486821093
0.645161290323,1.16129032258,0.176217081931,0.239387632879,0.339221692023,0.486194518183,0.675770172956
0.645161290323,1.29032258065,0.159123981963,0.216165447326,0.306314597033,0.439020020074,0.610181263097
0.645161290323,1.41935483871,0.144395965932,0.196156766946,0.277960945746,0.398374549669,0.553671644078
0.645161290323,1.54838709677,0.131616820496,0.178795975747,0.253359695959,0.36310897637,0.504643935349
0.645161290323,1.67741935484,0.120458080922,0.163636640884,0.231877963561,0.332316369697,0.461836742439
0.645161290323,1.8064516129,0.110657660201,0.150322587953,0.213011127262,0.305272533229,0.424242363814
0.645161290323,1.93548387097,0.10200401816,0.138566586411,0.196352032213,0.281393972228,0.391049026605
0.774193548387,-1.93548387097,3.41490136309,4.63455947393,6.5304831771,9.27727605713,12.7461699159
0.774193548387,-1.8064516129,4.9853068991,6.75127921361,9.50050064891,13.460727722,15.088213
0.774193548387,-1.67741935484,7.43525905171,10.0696073093,14.1504056109,20.0116537097,20.077434
0.774193548387,-1.54838709677,10.9803225944,14.8817920894,21.0292447474,29.978952244,41.3042397994
0.774193548387,-1.41935483871,12.9568984362,17.7258527638,25.2962714146,36.6645031326,51.6288637088
0.774193548387,-1.29032258065,9.17064924238,12.5262216251,17.8346131132,25.7960143134,36.2154767643
0.774193548387,-1.16129032258,5.51956371367,7.53707435746,10.7074484204,15.4121351226,21.5397724441
0.774193548387,-1.03225806452,3.5109978006,4.77180320529,6.77661512787,9.74841446976,13.5904149106
0.774193548387,-0.903225806452,2.38735326917,3.24448450896,4.60313196167,6.60503791958,9.20914954158
0.774193548387,-0.774193548387,1.71345992841,2.32845828199,3.30171264586,4.73683777381,6.59454882163
0.774193548387,-0.645161290323,1.28347732564,1.74402988874,2.47226473078,3.54622385713,4.93457127699
0.774193548387,-0.516129032258,0.994450482383,1.35121557697,1.91510698699,2.74661541578,3.82113553364
0.774193548387,-0.387096774194,0.791711976622,1.07569705648,1.52446259011,2.18607827729,3.04078498578
0.774193548387,-0.258064516129,0.644435983119,0.875563193316,1.24076368342,1.77907251652,2.47428875395
0.774193548387,-0.129032258065,0.534295647629,0.725899877237,1.02863789249,1.47479122379,2.05085107208
0.774193548387,0.0,0.44988873596,0.611210305497,0.866095819082,1.24166049994,1.726481608
0.774193548387,0.129032258065,0.383843427926,0.521472651532,0.738924284364,1.0592803556,1.47276053872
0.774193548387,0.258064516129,0.331233759903,0.44999229409,0.637629690528,0.914024221503,1.27070998029
0.774193548387,0.387096774194,0.288670625689,0.392163927479,0.555683467356,0.796521756492,1.10728124427
0.774193548387,0.516129032258,0.253764528944,0.344739622799,0.488481473912,0.700166924195,0.973279526402
0.774193548387,0.645161290323,0.224792536201,0.305378245435,0.432705457453,0.620200578342,0.86207686209
0.774193548387,0.774193548387,0.200488552483,0.272359369441,0.385917539259,0.553122667566,0.7688047021
0.774193548387,0.903225806452,0.17990536176,0.24439564229,0.346293359074,0.49631774732,0.689821973125
0.774193548387,1.03225806452,0.162323264768,0.220509554327,0.312447282867,0.447798381137,0.622363667228
0.774193548387,1.16129032258,0.147188411869,0.199948204856,0.283312628463,0.406033993218,0.564300038279
0.774193548387,1.29032258065,0.134068182059,0.182124082618,0.258056161803,0.369830776709,0.513970321618
0.774193548387,1.41935483871,0.122621503908,0.166573727229,0.236021820746,0.338246306517,0.470063816974
0.774193548387,1.54838709677,0.112576012156,0.152926931595,0.216685163632,0.310529732561,0.431535479573
0.774193548387,1.67741935484,0.103712955685,0.140886517928,0.199624142496,0.286075697157,0.397543274136
0.774193548387,1.8064516129,0.0958539342647,0.130210202061,0.184496416964,0.264393155278,0.367404726929
0.774193548387,1.93548387097,0.088853351032,0.120700062524,0.171021161787,0.245079260541,0.340559625692
0.903225806452,-1.93548387097,5.7326953195,7.78747596682,11.0129147793,15.7060968028,21.6632495664
0.903225806452,-1.8064516129,7.90347155204,10.7390802435,15.2418260343,21.8891958658,30.4161738981
0.903225806452,-1.67741935484,9.25263859258,12.6608098749,18.0715561691,26.194411127,36.8996336625
0.903225806452,-1.54838709677,7.70586217044,10.5567057081,15.0742519489,21.8318116877,30.7215742838
0.903225806452,-1.41935483871,5.23827859885,7.1270200324,10.1568135197,14.646706465,20.5103294966
0.903225806452,-1.29032258065,3.47579972974,4.75057695668,6.74976035637,9.70603656854,13.5584336289
0.903225806452,-1.16129032258,2.41655957132,3.28415322739,4.66418966155,6.71165892111,9.35672179412
0.903225806452,-1.03225806452,1.75155505424,2.38026199079,3.37778269435,4.84808972489,6.76008709671
0.903225806452,-0.903225806452,1.31755105371,1.79036379299,2.5393475759,3.64251358729,5.07445253768
0.903225806452,-0.774193548387,1.022463721,1.38930417708,1.96984938012,2.82521184274,3.9321814625
0.903225806452,-0.645161290323,0.814241318064,1.10632226244,1.56827820196,2.24897562347,3.12831331779
0.903225806452,-0.516129032258,0.662521204891,0.900142961908,1.27582288696,1.82937960259,2.54428537637
0.903225806452,-0.387096774194,0.548896514147,0.745741383951,1.05687547104,1.51529554954,2.10719319389
0.903225806452,-0.258064516129,0.46177779776,0.627364804685,0.889049191463,1.27457315363,1.77224921061
0.903225806452,-0.129032258065,0.393617197938,0.534751370476,0.757766963849,1.08629231895,1.51031051128
0.903225806452,0.0,0.339344919138,0.461011075288,0.65325003981,0.936410741549,1.30182175295
0.903225806452,0.129032258065,0.295463747756,0.401391182498,0.568753457383,0.815249047795,1.13330169294
0.903225806452,0.258064516129,0.259502914182,0.352533478811,0.49951404716,0.715971773618,0.99523298886
0.903225806452,0.387096774194,0.229678799781,0.312014527592,0.442094094606,0.633647463012,0.880751628414
0.903225806452,0.516129032258,0.204680358646,0.27805173221,0.3939673402,0.564650501382,0.784811520195
0.903225806452,0.645161290323,0.183526018836,0.24931227292,0.353243219669,0.506268999339,0.703637712849
0.903225806452,0.774193548387,0.165470595208,0.224783419378,0.318486259462,0.456444303699,0.634365078971
0.903225806452,0.903225806452,0.149940456444,0.203685098996,0.288591114277,0.413590503836,0.57478754477
0.903225806452,1.03225806452,0.136487679873,0.185409414062,0.262695685033,0.376471196085,0.523185755431
0.903225806452,1.16129032258,0.124759308463,0.169476417631,0.240120060452,0.344111977887,0.478202702204
0.903225806452,1.29032258065,0.114474049878,0.155503898245,0.22032240424,0.315735494929,0.438757431018
0.903225806452,1.41935483871,0.105405314703,0.143184147262,0.20286683292,0.290715990619,0.403980913424
0.903225806452,1.54838709677,0.0973691530218,0.132267337832,0.187398993319,0.268546657146,0.373165849072
0.903225806452,1.67741935484,0.090215119226,0.12254877349,0.17362916759,0.248811077353,0.345735719392
0.903225806452,1.8064516129,0.0838190961842,0.113860054531,0.161318537062,0.231167231463,0.32121294487
0.903225806452,1.93548387097,0.078077967166,0.106060967351,0.1502683108,0.215330200954,0.299202152621
1.03225806452,-1.93548387097,6.85527886848,9.38652789866,13.4042312913,19.4252194506,27.3892532149
1.03225806452,-1.8064516129,6.31872839886,8.64117492028,12.3550314412,17.9241475657,25.2814080748
1.03225806452,-1.67741935484,4.7734368537,6.51783046076,9.27761280734,13.4203031345,18.8385504415
1.03225806452,-1.54838709677,3.37848341155,4.60377670977,6.53990988099,9.42494371552,13.1959862381
1.03225806452,-1.41935483871,2.40181275607,3.28093856023,4.66173725563,6.69967083407,9.35603583282
1.03225806452,-1.29032258065,1.76851725134,2.40334290454,3.41474700699,4.91259864937,6.84865465834
1.03225806452,-1.16129032258,1.34083538995,1.82204355973,2.58597229506,3.7136926046,5.17619919557
1.03225806452,-1.03225806452,1.04460804838,1.41942556419,2.01356153853,2.88794991349,4.02490930701
1.03225806452,-0.903225806452,0.833388358219,1.13236103348,1.60578658928,2.30283399264,3.20640547269
1.03225806452,-0.774193548387,0.67855901065,0.92194950945,1.30708550406,1.87426531755,2.60787525048
1.03225806452,-0.645161290323,0.562205732114,0.763833962846,1.08272995471,1.55240360538,2.15893559699
1.03225806452,-0.516129032258,0.472822774008,0.642376071108,0.910448539272,1.30527907826,1.81496955217
1.03225806452,-0.387096774194,0.402821620296,0.54725907552,0.775565946853,1.1118216488,1.54581955341
1.03225806452,-0.258064516129,0.3470615527,0.471496064135,0.668149382306,0.957774632696,1.33152638404
1.03225806452,-0.129032258065,0.301977184252,0.410240577095,0.581313869073,0.833254121344,1.15832957335
1.03225806452,0.0,0.265038804413,0.360053779471,0.510178120005,0.731255177881,1.01647233146
1.03225806452,0.129032258065,0.234416043426,0.318449051264,0.451211663979,0.646711413974,0.898902266417
1.03225806452,0.258064516129,0.208760305005,0.283593151252,0.401814259012,0.575892024964,0.800425884341
1.03225806452,0.387096774194,0.187061787574,0.254114306996,0.360039430699,0.516002957136,0.717156132067
1.03225806452,0.516129032258,0.16855256392,0.22896880765,0.32440702891,0.464923202634,0.64613794711
1.03225806452,0.645161290323,0.152641522522,0.207353218903,0.293777686102,0.421016879813,0.585097355456
1.03225806452,0.774193548387,0.138867054148,0.188640262926,0.267262558042,0.383009816885,0.532261114603
1.03225806452,0.903225806452,0.126865335027,0.172335926166,0.244160847254,0.349896509957,0.486230791929
1.03225806452,1.03225806452,0.116346428724,0.158046181743,0.223913670316,0.320875937006,0.445891072181
1.03225806452,1.16129032258,0.107076855155,0.145453834937,0.206072132932,0.295303769889,0.410345923034
1.03225806452,1.29032258065,0.0988674216958,0.134301428154,0.190271085616,0.272656806651,0.37886842276
1.03225806452,1.41935483871,0.091562955376,0.124378724377,0.17621231238,0.252507542793,0.350863442632
1.03225806452,1.54838709677,0.0850358312951,0.115511842242,0.16364982341,0.23450309361,0.325840010898
1.03225806452,1.67741935484,0.0791798367091,0.10755688148,0.15237925176,0.218350703121,0.303391255053
1.03225806452,1.8064516129,0.073906424064,0.100393282845,0.142229961463,0.20380529234,0.283176711082
1.03225806452,1.93548387097,0.0691409726213,0.0939198305201,0.133058598557,0.190661670785,0.264910584455
1.16129032258,-1.93548387097,4.22739895164,5.79073718683,8.26217023721,11.9530239772,16.8162181491
1.16129032258,-1.8064516129,3.19590588703,4.34761140895,6.20146300791,8.94487514495,12.5392499058
1.16129032258,-1.67741935484,2.35913733222,3.21784166113,4.5700428241,6.58336841104,9.20129832264
1.16129032258,-1.54838709677,1.76212086422,2.40565558991,3.41803372175,4.91110617064,6.85829131523
1.16129032258,-1.41935483871,1.35161163431,1.83696164609,2.61045757736,3.75474195182,5.23425114422
1.16129032258,-1.29032258065,1.05978186432,1.44008147809,2.04403222764,2.93643466111,4.09164246048
1.16129032258,-1.16129032258,0.848470895754,1.15288512153,1.63563439772,2.34630874699,3.27000406956
1.16129032258,-1.03225806452,0.692122475821,0.940398440577,1.33371627493,1.91250767209,2.66367141593
1.16129032258,-0.903225806452,0.573947342429,0.779802197773,1.10566727795,1.58534253466,2.20642603568
1.16129032258,-0.774193548387,0.482841139478,0.655996782066,0.929947506826,1.33327313205,1.85458116608
1.16129032258,-0.645161290323,0.411333060155,0.558828792375,0.79208657734,1.13553257976,1.57884974855
1.16129032258,-0.516129032258,0.354298652813,0.481331723848,0.682166276219,0.977885193673,1.35950431744
1.16129032258,-0.387096774194,0.308150588062,0.418629573055,0.593250022044,0.850374981194,1.1821401089
1.16129032258,-0.258064516129,0.270328651225,0.367241226117,0.520392125221,0.745900551616,1.03683564482
1.16129032258,-0.129032258065,0.238971786214,0.324638605577,0.459998043745,0.659306954103,0.916409837204
1.16129032258,0.0,0.212704542193,0.288951489111,0.409414194238,0.586783139805,0.815561131098
1.16129032258,0.129032258065,0.190494161115,0.258776956065,0.366647685766,0.525471876884,0.730310909649
1.16129032258,0.258064516129,0.171555152289,0.233046962455,0.330183364842,0.473198192503,0.657631476043
1.16129032258,0.387096774194,0.155280688204,0.210937447927,0.298851885588,0.428284570025,0.595190535527
1.16129032258,0.516129032258,0.141197500617,0.191805338809,0.271741022147,0.389423431355,0.541166862417
1.16129032258,0.645161290323,0.128932414184,0.17514313216,0.24813117484,0.355581750805,0.494122755228
1.16129032258,0.774193548387,0.118187609774,0.160546332633,0.227448629488,0.325936903013,0.452915856091
1.16129032258,0.903225806452,0.108723291874,0.147689265033,0.20923175772,0.299827157516,0.416623468982
1.16129032258,1.03225806452,0.100344990506,0.136307784185,0.19310608118,0.276715105471,0.38449963881
1.16129032258,1.16129032258,0.0928937885459,0.126185698239,0.178764869726,0.256161321145,0.35593251363
1.16129032258,1.29032258065,0.0862383721133,0.117144692174,0.165955894316,0.237803631647,0.330418576733
1.16129032258,1.41935483871,0.0802700187222,0.109037028446,0.154469163843,0.22134145936,0.307539897355
1.16129032258,1.54838709677,0.0748975430166,0.101738901889,0.144129681387,0.206523698356,0.286946935446
1.16129032258,1.67741935484,0.0700446539437,0.095146671725,0.134790166906,0.193139338455,0.268346733244
1.16129032258,1.8064516129,0.0656466334797,0.0891723448392,0.126326323218,0.181010011921,0.251490912943
1.16129032258,1.93548387097,0.0616487009465,0.0837414313632,0.118632413103,0.169984193939,0.236168899558
1.29032258065,-1.93548387097,2.27573221997,3.09785380274,4.41051350694,6.35909570453,8.90037114357
1.29032258065,-1.8064516129,1.74034047423,2.37534038125,3.37385578422,4.85705655055,6.78659412443
1.29032258065,-1.67741935484,1.34880705419,1.84058955812,2.61511603705,3.7575945586,5.2460373631
1.29032258065,-1.54838709677,1.06708683321,1.45056331392,2.06121688792,2.9643104131,4.13206181199
1.29032258065,-1.41935483871,0.858864107288,1.16704022288,1.65656261873,2.38032187125,3.3160227938
1.29032258065,-1.29032258065,0.702794898113,0.954925234135,1.35488698819,1.94417953194,2.70897718602
1.29032258065,-1.16129032258,0.583847366476,0.7932710646,1.12514682968,1.6133229412,2.24742600512
1.29032258065,-1.03225806452,0.491647692245,0.667975119749,0.947185031667,1.35803255357,1.89043526017
1.29032258065,-0.903225806452,0.419024777565,0.569288841924,0.807085137326,1.15707064482,1.60976385104
1.29032258065,-0.774193548387,0.360966943428,0.490397722474,0.695130962896,0.996496881414,1.38573265123
1.29032258065,-0.645161290323,0.313920681228,0.426472665577,0.604443125998,0.866438067045,1.20449307663
1.29032258065,-0.516129032258,0.275326579974,0.37403375669,0.530069432299,0.759785096095,1.0561497594
1.29032258065,-0.387096774194,0.243312549691,0.330536797147,0.468390358549,0.671343547485,0.933149399371
1.29032258065,-0.258064516129,0.21648754013,0.294091554845,0.416719245625,0.597257344177,0.830124639294
1.29032258065,-0.129032258065,0.193804326825,0.263274052284,0.373032544744,0.534624838839,0.743033040743
1.29032258065,0.0,0.174463246733,0.236997720946,0.335787765963,0.48123029135,0.668793654376
1.29032258065,0.129032258065,0.157846260741,0.214422403527,0.303792286357,0.43536367296,0.605025735742
1.29032258065,0.258064516129,0.14347016201,0.194892294931,0.276114368918,0.39568883964,0.549869171527
1.29032258065,0.387096774194,0.130953464603,0.177888049875,0.252017986359,0.361149154613,0.501854870383
1.29032258065,0.516129032258,0.119991690043,0.162996546992,0.230916554382,0.330903211556,0.459811793191
1.29032258065,0.645161290323,0.110339568498,0.149884420201,0.212337309894,0.304273935259,0.422796887729
1.29032258065,0.774193548387,0.101798158601,0.138281104942,0.195896698542,0.280710523719,0.390045716161
1.29032258065,0.903225806452,0.0942044699237,0.127965498692,0.181281134903,0.259763282116,0.360931934755
1.29032258065,1.03225806452,0.0874244128898,0.118755114625,0.168231885348,0.241061391918,0.334939420596
1.29032258065,1.16129032258,0.0813462902113,0.110498371506,0.156534063256,0.224296579163,0.311640284286
1.29032258065,1.29032258065,0.0758770459232,0.103068845135,0.14600838825,0.209212180364,0.290676923247
1.29032258065,1.41935483871,0.070938447218,0.0963601996116,0.136504164457,0.19559192796,0.271749195859
1.29032258065,1.54838709677,0.0664644013033,0.0902825039688,0.127894026567,0.183253132053,0.254602267328
1.29032258065,1.67741935484,0.0623986003429,0.084759583716,0.120069762943,0.17204073081,0.239021215008
1.29032258065,1.8064516129,0.0586931097781,0.0797260171744,0.112938978192,0.161822236726,0.224821714596
1.29032258065,1.93548387097,0.0553067787044,0.0751260421452,0.106422504686,0.152484090719,0.211845798157
1.41935483871,-1.93548387097,1.33649340394,1.82496934635,2.59228093439,3.72992386505,5.2102320262
1.41935483871,-1.8064516129,1.06595102615,1.45407616896,2.0659098743,2.96853165056,4.14344167328
1.41935483871,-1.67741935484,0.864061589162,1.17469887356,1.66913562051,2.40019549074,3.34542714921
1.41935483871,-1.54838709677,0.710201686057,0.965019293442,1.36984236112,1.9686022919,2.74199871743
1.41935483871,-1.41935483871,0.59164053719,0.803882329312,1.14064357925,1.63711227506,2.28072748793
1.41935483871,-1.29032258065,0.499059045391,0.678062188039,0.96179993611,1.37902936106,1.92132774411
1.41935483871,-1.16129032258,0.425768738822,0.578463481766,0.820309794469,1.17607138526,1.63738994051
1.41935483871,-1.03225806452,0.366975614191,0.498570219149,0.706868679619,1.01335711273,1.41002759771
1.41935483871,-0.903225806452,0.319221805256,0.433681225816,0.614766655187,0.881262590505,1.2256414921
1.41935483871,-0.774193548387,0.279984916274,0.380367073568,0.539119999322,0.772776304658,1.07434341443
1.41935483871,-0.645161290323,0.247402757547,0.336096628912,0.476321294278,0.682724554855,0.948987511078
1.41935483871,-0.516129032258,0.220083084891,0.298978061367,0.423679562099,0.607243317294,0.84401513084
1.41935483871,-0.387096774194,0.196971938044,0.267578411017,0.37915620435,0.543407231483,0.755246991686
1.41935483871,-0.258064516129,0.177261682745,0.24079998998,0.341191639384,0.488978544793,0.67956656581
1.41935483871,-0.129032258065,0.160326235327,0.217791853817,0.308576624249,0.442222209688,0.614558507558
1.41935483871,0.0,0.145675445703,0.19788798069,0.280364818791,0.401780512044,0.55833421225
1.41935483871,0.129032258065,0.132920903969,0.180560604588,0.255807424358,0.366578509703,0.509397983148
1.41935483871,0.258064516129,0.121752783053,0.165388474854,0.234306130876,0.335759674892,0.466556757725
1.41935483871,0.387096774194,0.111921014392,0.152032330952,0.215379464622,0.308631460489,0.428848554747
1.41935483871,0.516129032258,0.103222787149,0.140216030802,0.198635933546,0.284633333357,0.39549271703
1.41935483871,0.645161290323,0.0954917778323,0.129713715198,0.183755074815,0.263305791944,0.365849755015
1.41935483871,0.774193548387,0.0885909473669,0.120339213977,0.170472623378,0.24426973816,0.339392698989
1.41935483871,0.903225806452,0.0824063966114,0.111937953556,0.158569542862,0.227210955561,0.315684838083
1.41935483871,1.03225806452,0.07684297589,0.104380522261,0.147862437753,0.211866405556,0.294360297553
1.41935483871,1.16129032258,0.0718208558057,0.0975582813733,0.138197384252,0.198015706411,0.275111617739
1.41935483871,1.29032258065,0.0672724134691,0.0913797224348,0.129444153682,0.185471797732,0.25768016863
1.41935483871,1.41935483871,0.0631402605208,0.0857665543604,0.121492187729,0.17407640106,0.241845194138
1.41935483871,1.54838709677,0.0593753815566,0.0806524166876,0.114247258406,0.163694322466,0.227418365435
1.41935483871,1.67741935484,0.0559357336074,0.0759800137859,0.107628201262,0.154209393244,0.214238624678
1.41935483871,1.8064516129,0.052785086792,0.0717001627513,0.10156543697,0.145521817508,0.202166869322
1.41935483871,1.93548387097,0.0498920903025,0.0677703892779,0.0959985475455,0.137544798971,0.191082866114
1.54838709677,-1.93548387097,0.863737782105,1.1778574492,1.67343417781,2.40463217356,3.35564969055
1.54838709677,-1.8064516129,0.714042835774,0.970782203716,1.37933173756,1.98331409721,2.76410987363
1.54838709677,-1.67741935484,0.597094185828,0.811317124872,1.15168092019,1.65522251023,2.30520390982
1.54838709677,-1.54838709677,0.504903459035,0.68602171535,0.973445462888,1.39736294478,1.94645827706
1.54838709677,-1.41935483871,0.43143962457,0.586183157555,0.831515221092,1.19243225414,1.66117115031
1.54838709677,-1.29032258065,0.372234738406,0.505726595223,0.717201100343,1.0282054301,1.43169727452
1.54838709677,-1.16129032258,0.32398874645,0.44016577539,0.624094247988,0.894663650468,1.24502362007
1.54838709677,-1.03225806452,0.284255184809,0.38617437746,0.547448661722,0.784740060226,1.091522089
1.54838709677,-0.903225806452,0.251206244956,0.341268626386,0.483721831934,0.693351178999,0.96401588812
1.54838709677,-0.774193548387,0.223463603291,0.303573944897,0.430242960485,0.616664848693,0.85712936549
1.54838709677,-0.645161290323,0.199975902782,0.271661711843,0.384979142629,0.551763043717,0.766874391397
1.54838709677,-0.516129032258,0.179934070881,0.244431952672,0.346364127969,0.496399241369,0.689888950306
1.54838709677,-0.387096774194,0.162708367293,0.221028823182,0.313181196213,0.448826121638,0.623742956313
1.54838709677,-0.258064516129,0.147803283421,0.200779162951,0.284473831855,0.40767227754,0.566525865483
1.54838709677,-0.129032258065,0.134826675107,0.183149845931,0.259484246438,0.371849579146,0.516724274064
1.54838709677,0.0,0.123464313422,0.16771373719,0.237605612803,0.340488337852,0.473127960934
1.54838709677,0.129032258065,0.113462372784,0.154126067584,0.218348580326,0.31288630303,0.434759543997
1.54838709677,0.258064516129,0.104614736723,0.142106695184,0.201315488885,0.288472525758,0.400824949007
1.54838709677,0.387096774194,0.0967521398378,0.131425514969,0.186180055369,0.266779356689,0.370673881564
1.54838709677,0.516129032258,0.0897351917049,0.121893364592,0.172673287981,0.247421536863,0.343769100876
1.54838709677,0.645161290323,0.0834478808323,0.113352336036,0.160571661644,0.230077815794,0.319664910438
1.54838709677,0.774193548387,0.0777933757177,0.105671070461,0.149688449298,0.214481043836,0.297989403565
1.54838709677,0.903225806452,0.0726901440167,0.0987387451953,0.139866988479,0.200405967135,0.278429164788
1.54838709677,1.03225806452,0.0680693642156,0.0924617600533,0.130974322163,0.187662027748,0.26071959847
1.54838709677,1.16129032258,0.0638724970755,0.0867608241939,0.122897586685,0.176088080286,0.244636252667
1.54838709677,1.29032258065,0.0600495603681,0.081567747747,0.115540808935,0.165545839351,0.229987183185
1.54838709677,1.41935483871,0.0565577280245,0.0768245385833,0.10882138077,0.155917090804,0.216607567187
1.54838709677,1.54838709677,0.0533600669257,0.0724808779607,0.102668168748,0.147099808457,0.204355751828
1.54838709677,1.67741935484,0.050424613137,0.0684934255837,0.0970196526845,0.139005798203,0.193109321138
1.54838709677,1.8064516129,0.0477236076853,0.0648244674779,0.0918223372651,0.131558595184,0.18276156293
1.54838709677,1.93548387097,0.0452328727259,0.0614411358697,0.0870297223363,0.124691172474,0.173219931842
1.67741935484,-1.93548387097,0.600018650303,0.815753167362,1.15902107153,1.66644425974,2.32226686772
1.67741935484,-1.8064516129,0.509027426039,0.691647046076,0.981813830097,1.41115339259,1.96508907418
1.67741935484,-1.67741935484,0.435922231719,0.592289980744,0.840466683061,1.20661194808,1.680565102
1.67741935484,-1.54838709677,0.376657380389,0.511748395878,0.725955193772,1.04121260893,1.450352137
1.67741935484,-1.41935483871,0.328156279754,0.445837631167,0.632295944731,0.906453135736,1.26229332252
1.67741935484,-1.29032258065,0.28808879369,0.39139043762,0.554961992737,0.795537465874,1.10719294594
1.67741935484,-1.16129032258,0.254686802593,0.346002914516,0.490520870809,0.70311909578,0.978090332682
1.67741935484,-1.03225806452,0.226601516724,0.307840914575,0.43635646086,0.625445959348,0.869680551814
1.67741935484,-0.903225806452,0.202795379287,0.275494945817,0.390460163497,0.55963328661,0.777895713912
1.67741935484,-0.774193548387,0.182464108347,0.247871610565,0.351274231242,0.503446506122,0.699698243157
1.67741935484,-0.645161290323,0.164979117732,0.224115298624,0.317581506674,0.455140113497,0.632528164462
1.67741935484,-0.516129032258,0.149843671524,0.20355218508,0.288422284958,0.413336472646,0.574404962882
1.67741935484,-0.387096774194,0.136662798496,0.18564498995,0.26303335512,0.376939787679,0.523802960312
1.67741935484,-0.258064516129,0.125119782817,0.169963359239,0.240802656763,0.345072215164,0.479501438976
1.67741935484,-0.129032258065,0.114958435097,0.156158571887,0.221235100137,0.317023930328,0.440511105977
1.67741935484,0.0,0.10596957239,0.143947193694,0.203927610144,0.292216172459,0.406027320323
1.67741935484,0.129032258065,0.09798208058,0.133096217355,0.188549575263,0.270175005265,0.375391180179
1.67741935484,0.258064516129,0.0908541811424,0.123413325545,0.174827848059,0.250508532465,0.348057048361
1.67741935484,0.387096774194,0.0844683620562,0.114738482159,0.162535424496,0.232891006127,0.323571778887
1.67741935484,0.516129032258,0.0787261026099,0.106937861456,0.151482544256,0.217050741449,0.30155741841
1.67741935484,0.645161290323,0.0735445567132,0.0998990499094,0.141509727418,0.20275840585,0.281695105498
1.67741935484,0.774193548387,0.0688536782767,0.0935269111042,0.132481452107,0.189820347541,0.263715750198
1.67741935484,0.903225806452,0.0645939013885,0.0877404989657,0.124283606976,0.178072537017,0.247390455544
1.67741935484,1.03225806452,0.0607145606948,0.0824707605624,0.116817925574,0.167374093382,0.232524210246
1.67741935484,1.16129032258,0.0571718128761,0.0776583568391,0.110000408009,0.157604608789,0.218949131567
1.67741935484,1.29032258065,0.053928255957,0.0732523744469,0.103758642378,0.14866055989,0.20652130019
1.67741935484,1.41935483871,0.0509512544912,0.0692084810693,0.098030180924,0.14045193438,0.195115569183
1.67741935484,1.54838709677,0.0482125440287,0.065488346358,0.0927603645214,0.132900750945,0.184623464463
1.67741935484,1.67741935484,0.045687606459,0.0620585198391,0.0879018674375,0.125939107664,0.174950802091
1.67741935484,1.8064516129,0.0433547910633,0.0588897358797,0.083413163528,0.119507468934,0.166014660914
1.67741935484,1.93548387097,0.0411952252732,0.0559562997695,0.0792580329996,0.113553648568,0.157742528911
1.8064516129,-1.93548387097,0.439112626591,0.59664402301,0.846955023565,1.21735064754,1.69506911696
1.8064516129,-1.8064516129,0.38016233481,0.516525077184,0.732969070787,1.05237314651,1.46560672352
1.8064516129,-1.67741935484,0.33166243777,0.450612693134,0.639249581494,0.916963670425,1.27716462998
1.8064516129,-1.54838709677,0.291438304292,0.395950064846,0.561564966151,0.805031558712,1.12114691495
1.8064516129,-1.41935483871,0.257808098614,0.350250197059,0.496646776213,0.711926037539,0.990915169232
1.8064516129,-1.29032258065,0.229468812472,0.31174201537,0.441966024709,0.633506700927,0.881332392966
1.8064516129,-1.16129032258,0.20540836853,0.279048930576,0.395558239938,0.566956994874,0.788418060339
1.8064516129,-1.03225806452,0.184834943036,0.251095301135,0.355889412262,0.510074615677,0.709062690225
1.8064516129,-0.903225806452,0.167125541167,0.227033537279,0.32175203983,0.461128316688,0.640865190543
1.8064516129,-0.774193548387,0.151785841774,0.206192294018,0.292190118958,0.418744089233,0.581931544961
1.8064516129,-0.645161290323,0.138420871133,0.188034525619,0.266439229578,0.381826721244,0.53060307064
1.8064516129,-0.516129032258,0.126712734587,0.172128043108,0.243884686553,0.349493338238,0.485651299015
1.8064516129,-0.387096774194,0.116403526283,0.158122393839,0.224028373366,0.321030009188,0.446081841807
1.8064516129,-0.258064516129,0.107282966509,0.145731796627,0.206463863978,0.295852566923,0.411083320115
1.8064516129,-0.129032258065,0.099177810806,0.134720810398,0.190856734513,0.273482356477,0.379988377816
1.8064516129,0.0,0.0919449467118,0.124895169492,0.176931028774,0.253522701183,0.352245603753
1.8064516129,0.129032258065,0.0854653015006,0.116092662721,0.164456360049,0.235643757701,0.327396261768
1.8064516129,0.258064516129,0.0796390353309,0.108178019297,0.153240675489,0.219569548681,0.305056502208
1.8064516129,0.387096774194,0.0743822893871,0.101036972056,0.143122079416,0.205067989866,0.284902814133
1.8064516129,0.516129032258,0.0696238438209,0.0945730681278,0.133963268148,0.191942622525,0.266662643082
1.8064516129,0.645161290323,0.0653034083367,0.0887040731478,0.125647835755,0.180026176661,0.25010308449
1.8064516129,0.774193548387,0.0613691948391,0.0833599137546,0.118076332339,0.169176198445,0.235025586569
1.8064516129,0.903225806452,0.0577770883618,0.0784803595439,0.111163389294,0.159269852373,0.221260313456
1.8064516129,1.03225806452,0.0544888054337,0.0740135440922,0.104835426697,0.150202075726,0.208660444462
1.8064516129,1.16129032258,0.0514712591659,0.0699145412434,0.099028676903,0.141881379194,0.197098919791
1.8064516129,1.29032258065,0.048695769422,0.0661444230552,0.0936879084591,0.13422839967,0.18646560935
1.8064516129,1.41935483871,0.0461372961332,0.0626690944921,0.0887648954533,0.12717433375,0.176664343499
1.8064516129,1.54838709677,0.0437739309563,0.0594588459415,0.0842174409246,0.120658339421,0.167611126585
1.8064516129,1.67741935484,0.0415865015058,0.0564875406668,0.0800085752594,0.114627653993,0.159232161867
1.8064516129,1.8064516129,0.0395580775867,0.0537321723961,0.0761056489867,0.109035503218,0.151462680212
1.8064516129,1.93548387097,0.0376736412246,0.051172468058,0.0724799230243,0.103840429156,0.144245176049
1.93548387097,-1.93548387097,0.334449997671,0.454412697183,0.64483843184,0.925894345286,1.28936688594
1.93548387097,-1.8064516129,0.294258879428,0.399792387358,0.567168363251,0.813646535311,1.13317487699
1.93548387097,-1.67741935484,0.260534631984,0.35396272377,0.502030855619,0.719668361692,1.00233085181
1.93548387097,-1.54838709677,0.232038041187,0.31523883997,0.447016624191,0.640768517534,0.891941310313
1.93548387097,-1.41935483871,0.207793466684,0.28229434511,0.400230501542,0.573673416849,0.798156569494
1.93548387097,-1.29032258065,0.187029562758,0.254080534046,0.360176508872,0.516235573082,0.717939528953
1.93548387097,-1.16129032258,0.16913439534,0.229765757732,0.325667297021,0.466752675974,0.64888631676
1.93548387097,-1.03225806452,0.153619302418,0.208685566891,0.295756980699,0.423866438032,0.589079755764
1.93548387097,-0.903225806452,0.1400921737,0.190306768032,0.269684981821,0.386486392949,0.537090589507
1.93548387097,-0.774193548387,0.128235928963,0.17419843228,0.246838497041,0.353732673843,0.491551781031
1.93548387097,-0.645161290323,0.117792225253,0.16000991659,0.226718107126,0.324889130948,0.451451762616
1.93548387097,-0.516129032258,0.108550141647,0.147453900508,0.208915531316,0.299369411267,0.415975468838
1.93548387097,-0.387096774194,0.10033561148,0.136294138252,0.193094640776,0.276691628033,0.384451316451
1.93548387097,-0.258064516129,0.0930042189097,0.126334490131,0.178976575851,0.256455865192,0.356323369982
1.93548387097,-0.129032258065,0.0864359333017,0.117411517607,0.166329502256,0.238329036927,0.331128764371
1.93548387097,0.0,0.0805300787462,0.109388429816,0.154958922723,0.222032129516,0.308478524489
1.93548387097,0.129032258065,0.0752014712453,0.102149826933,0.144700617797,0.207330338248,0.288046219698
1.93548387097,0.258064516129,0.0703783083579,0.0955978856618,0.135416374044,0.194024769279,0.269554676447
1.93548387097,0.387096774194,0.0659994185384,0.0896494553114,0.12698773169,0.181945697323,0.252768844988
1.93548387097,0.516129032258,0.0620125230989,0.0842335704647,0.119313980886,0.170948885346,0.23748742566
1.93548387097,0.645161290323,0.0583725204543,0.0792890464853,0.112308574694,0.160909954573,0.223537418716
1.93548387097,0.774193548387,0.0550408300284,0.074763253153,0.105896701623,0.151721852504,0.210770137374
1.93548387097,0.903225806452,0.0519838864005,0.0706107776566,0.100013927828,0.143291945005,0.199056972249
1.93548387097,1.03225806452,0.0491725373792,0.0667919132344,0.0946038914898,0.135539899961,0.188285535968
1.93548387097,1.16129032258,0.0465814244692,0.0632721595686,0.0896178428275,0.128395278035,0.178358632107
1.93548387097,1.29032258065,0.044188239046,0.0600213534727,0.0850128733006,0.12179694285,0.169190915782
1.93548387097,1.41935483871,0.0419735246843,0.0570130111275,0.0807514046888,0.115690841415,0.160707316993
1.93548387097,1.54838709677,0.0399200770805,0.0542237033914,0.0768003001741,0.110029588104,0.152841864969
1.93548387097,1.67741935484,0.0380127063962,0.0516328452934,0.0731305129158,0.10477134611,0.145536383613
1.93548387097,1.8064516129,0.0362379785015,0.0492221609394,0.069715868576,0.0998789202205,0.138739227141
1.93548387097,1.93548387097,0.0345839456953,0.0469754452361,0.0665335370326,0.0953193118866,0.132404670638
