-1.93548387097,-1.93548387097,0.950393259134,1.43442448299,1.75006178839,2.51624122915,3.57747962826
-1.93548387097,-1.8064516129,1.22249694399,1.83938241145,2.25326972637,3.2279238845,4.60815182365
-1.93548387097,-1.67741935484,1.60768351213,2.41920402483,2.97023256365,4.24895965306,6.08546782054
-1.93548387097,-1.54838709677,2.15340088132,3.26519704569,3.99943999468,5.74405445053,8.2333636814
-1.93548387097,-1.41935483871,2.89415031273,4.49729360449,5.43576821441,7.93593649621,11.3145422889
-1.93548387097,-1.29032258065,3.75065329428,6.19032783812,7.45092623301,10.9870445053,15.3554937507
-1.93548387097,-1.16129032258,5.01984706277,8.10500966858,9.88809237231,14.5208152678,19.9782873154
-1.93548387097,-1.03225806452,5.91341738825,9.35523190543,11.5608397446,16.8956904559,23.2423598864
-1.93548387097,-0.903225806452,5.66340251568,8.93758274708,11.0526800331,16.1180251893,22.1375780857
-1.93548387097,-0.774193548387,4.50146928941,7.13511444224,8.78619432356,12.7954513633,17.5323989311
-1.93548387097,-0.645161290323,3.26690886958,5.18922921489,6.37427620162,9.27032535222,12.6782907597
-1.93548387097,-0.516129032258,2.33456042623,3.71398387343,4.55472298133,6.61955682699,9.04328884536
-1.93548387097,-0.387096774194,1.69848864821,2.70758698309,3.31505912443,4.81776064029,6.57835804239
-1.93548387097,-0.258064516129,1.27023620941,2.02970619201,2.48089153891,3.6066795146,4.92364195603
-1.93548387097,-0.129032258065,0.976761063509,1.56449956753,1.909196616,2.77689155809,3.79061360744
-1.93548387097,0.0,0.770210749441,1.23642527527,1.50663834539,2.19250055227,2.99290646042
-1.93548387097,0.129032258065,0.620768934667,0.998537128283,1.2151937189,1.76925238658,2.41523867235
-1.93548387097,0.258064516129,0.509823668725,0.821541489449,0.998671910275,1.45466849289,1.98589558291
-1.93548387097,0.387096774194,0.425529031026,0.686786141642,0.834047428881,1.21537097962,1.65930176708
-1.93548387097,0.516129032258,0.360157812882,0.582083472127,0.706293338823,1.02958246022,1.40572972786
-1.93548387097,0.645161290323,0.308537299937,0.499262296636,0.605350141847,0.882720621901,1.20527707395
-1.93548387097,0.774193548387,0.267120775486,0.432709140581,0.524312856186,0.764773154907,1.0442835356
-1.93548387097,0.903225806452,0.233418845209,0.378477152409,0.458336456921,0.668710455569,0.913154475147
-1.93548387097,1.03225806452,0.205648952183,0.33373399861,0.403946298516,0.589492817462,0.805013008555
-1.93548387097,1.16129032258,0.182509838423,0.296409629733,0.358605929172,0.523435091624,0.714833099026
-1.93548387097,1.29032258065,0.163035202418,0.264963209808,0.320430755497,0.467801329906,0.638878912961
-1.93548387097,1.41935483871,0.146496089869,0.238231883282,0.287997779549,0.420523789081,0.574331261128
-1.93548387097,1.54838709677,0.132334844023,0.215324110314,0.260218472991,0.380020142152,0.519029657724
-1.93548387097,1.67741935484,0.120119313819,0.1955485657,0.236248596973,0.345063984335,0.471300447408
-1.93548387097,1.8064516129,0.109510940191,0.178362387947,0.21542637097,0.314691977224,0.429828303758
-1.93548387097,1.93548387097,0.100241075863,0.163334898404,0.19722653004,0.288140295302,0.393571976411
-1.8064516129,-1.93548387097,0.861952997543,1.30364056404,1.58617617506,2.28621622356,3.24140411559
-1.8064516129,-1.8064516129,1.10339856403,1.6611293038,2.0311052756,2.91374662193,4.14982604362
-1.8064516129,-1.67741935484,1.44804557824,2.17353166634,2.66863794034,3.81439614168,5.45567889896
-1.8064516129,-1.54838709677,1.94894289122,2.92954498421,3.60267562484,5.14644176289,7.38313187349
-1.8064516129,-1.41935483871,2.67381627726,4.06796093496,4.97727898024,7.16117031052,10.2675074245
-1.8064516129,-1.29032258065,3.64833847098,5.76397494922,6.90057742863,10.189507605,14.4613713697
-1.8064516129,-1.16129032258,4.92672214139,8.0531089093,9.75037445518,14.3537720173,19.7429486133
-1.8064516129,-1.03225806452,6.47645266143,10.2913866015,12.6837422199,18.5619170544,25.542678595
-1.8064516129,-0.903225806452,6.98419766225,10.9416583992,13.6044030781,19.8246839527,27.2549350532
-1.8064516129,-0.774193548387,5.88832861859,9.26902710442,11.4723193056,16.6952393332,22.8962251951
-1.8064516129,-0.645161290323,4.25863699178,6.73140753082,8.29743674319,12.0578166902,16.4964247992
-1.8064516129,-0.516129032258,2.95716993893,4.68509366655,5.76158350319,8.36566718414,11.4287853841
-1.8064516129,-0.387096774194,2.08459841895,3.31145529179,4.06361619612,5.90018886061,8.05528754104
-1.8064516129,-0.258064516129,1.51663033605,2.41647562638,2.95900656004,4.2982981497,5.8668634834
-1.8064516129,-0.129032258065,1.14018696535,1.82208106073,2.22670478833,3.23656149935,4.41742691181
-1.8064516129,0.0,0.882799537675,1.41459377943,1.72566837039,2.50990071716,3.42573595458
-1.8064516129,0.129032258065,0.701028060611,1.12601233343,1.37152877877,1.99601553132,2.72450334186
-1.8064516129,0.258064516129,0.568767041524,0.915470950449,1.1136234933,1.62154871934,2.21352203334
-1.8064516129,0.387096774194,0.469947626355,0.757775291224,0.92076486774,1.34136214373,1.83117935953
-1.8064516129,0.516129032258,0.394384167003,0.636924471849,0.773177663632,1.12682679646,1.53840870068
-1.8064516129,0.645161290323,0.335425416699,0.542442362501,0.657938412762,0.959227537005,1.30967687006
-1.8064516129,0.774193548387,0.28860251017,0.467276129054,0.566360710476,0.82597945473,1.12781132147
-1.8064516129,0.903225806452,0.25083759311,0.406554858247,0.492454317493,0.718399374021,0.980970823379
-1.8064516129,1.03225806452,0.219958669614,0.356836361443,0.431992401456,0.630355914693,0.860789783467
-1.8064516129,1.16129032258,0.19440263111,0.315636507714,0.381928026541,0.557429028623,0.761236923819
-1.8064516129,1.29032258065,0.173022245213,0.281129313834,0.340025487584,0.496372193399,0.677883700233
-1.8064516129,1.41935483871,0.154960889939,0.251949698471,0.304613860302,0.444759059127,0.607419568219
-1.8064516129,1.54838709677,0.139570038644,0.227061044626,0.274426627287,0.400749666986,0.547333648787
-1.8064516129,1.67741935484,0.126350682898,0.205666429118,0.248490146333,0.362928886316,0.495694144246
-1.8064516129,1.8064516129,0.114915120789,0.18714421717,0.226046337697,0.330194040255,0.450997028495
-1.8064516129,1.93548387097,0.104957393742,0.171004915768,0.20649769376,0.301676647227,0.412057286694
-1.67741935484,-1.93548387097,0.781142889148,1.18481866017,1.43703392619,2.07751304366,2.93658146647
-1.67741935484,-1.8064516129,0.993354249174,1.49847274334,1.82716677447,2.6276367229,3.73164313283
-1.67741935484,-1.67741935484,1.29644352444,1.94618249354,2.38553238036,3.4135347431,4.87107986841
-1.67741935484,-1.54838709677,1.74179646155,2.60774815718,3.20967754777,4.57660913169,6.55943041804
-1.67741935484,-1.41935483871,2.40899625921,3.619093805,4.45677993516,6.35980228276,9.13853999511
-1.67741935484,-1.29032258065,3.39388518611,5.19840832012,6.34029021241,9.1605219226,13.1236910283
-1.67741935484,-1.16129032258,4.66835937691,7.59827445722,9.1301399404,13.4704509985,18.9329306675
-1.67741935484,-1.03225806452,6.63027888097,10.6692271963,13.0446447207,19.1440923808,26.3422093967
-1.67741935484,-0.903225806452,8.26079818264,12.8872039665,16.0754821156,23.4202730161,32.2223537107
-1.67741935484,-0.774193548387,7.76117155216,12.0919684752,15.0801300097,21.9175445575,30.0923175004
-1.67741935484,-0.645161290323,5.71905193166,8.97807146759,11.1215527647,16.145164291,22.1008961852
-1.67741935484,-0.516129032258,3.85693417342,6.07804274385,7.50184065371,10.8795469626,14.8637466137
-1.67741935484,-0.387096774194,2.61815138071,4.14067846236,5.09592079987,7.39042594364,10.0881952983
-1.67741935484,-0.258064516129,1.84248629611,2.92532750183,3.59018540933,5.20997430029,7.10979884993
-1.67741935484,-0.129032258065,1.34844847618,2.14898101242,2.63072629351,3.82076941592,5.2138256262
-1.67741935484,0.0,1.02201356133,1.63418957282,1.99617521928,2.9015210512,3.95965127754
-1.67741935484,0.129032258065,0.797872276132,1.27945270039,1.55999511713,2.26917825524,3.096978695
-1.67741935484,0.258064516129,0.638486433097,1.02636254354,1.24949105361,1.8186818062,2.48237132941
-1.67741935484,0.387096774194,0.521630087804,0.840254670447,1.02160653886,1.48781017827,2.03093929742
-1.67741935484,0.516129032258,0.433665349949,0.699795367305,0.849906623342,1.23834557753,1.69054768028
-1.67741935484,0.645161290323,0.365929155141,0.591386697114,0.717578735983,1.04597091641,1.4280320395
-1.67741935484,0.774193548387,0.312734007787,0.506080492251,0.613581947121,0.894702917011,1.22159164406
-1.67741935484,0.903225806452,0.270238516828,0.437812574743,0.530447874109,0.773722460128,1.0564749361
-1.67741935484,1.03225806452,0.235779497352,0.382368630507,0.462995246506,0.675521485409,0.922436943108
-1.67741935484,1.16129032258,0.207466522276,0.336750579184,0.407543511609,0.594761669178,0.812197865197
-1.67741935484,1.29032258065,0.183929846889,0.29878199113,0.361424925566,0.527571545939,0.720476836753
-1.67741935484,1.41935483871,0.164159443439,0.26685382906,0.322668536486,0.471091209409,0.643370151747
-1.67741935484,1.54838709677,0.147396572832,0.239755938657,0.289795344841,0.423171385313,0.577947072976
-1.67741935484,1.67741935484,0.133063873503,0.216565936935,0.261677867001,0.382174031422,0.52197218938
-1.67741935484,1.8064516129,0.1207154614,0.196569989016,0.237445066086,0.346833046405,0.473717972583
-1.67741935484,1.93548387097,0.110002561632,0.179209979194,0.216415909979,0.316157213827,0.431831927755
-1.54838709677,-1.93548387097,0.708117215046,1.077685375,1.30259779599,1.88951753954,2.66243711454
-1.54838709677,-1.8064516129,0.893554117163,1.35193253263,1.64303221508,2.37025426694,3.35548928339
-1.54838709677,-1.67741935484,1.15715960532,1.7404024123,2.12737340313,3.05153098419,4.34175145972
-1.54838709677,-1.54838709677,1.5447724211,2.31147806871,2.84122865434,4.05398393825,5.79764418242
-1.54838709677,-1.41935483871,2.13392957945,3.18634747195,3.9323088493,5.59252539229,8.03360833474
-1.54838709677,-1.29032258065,3.04797473117,4.58185183619,5.64668848109,8.05547611809,11.5909589477
-1.54838709677,-1.16129032258,4.41591084772,6.85413910994,8.29874739586,12.0975638998,17.2781701833
-1.54838709677,-1.03225806452,6.31648790278,10.3396386128,12.5081814707,18.4192341242,25.3437433676
-1.54838709677,-0.903225806452,9.08107811151,14.2602125875,17.7136154819,25.855575603,35.584446813
-1.54838709677,-0.774193548387,10.0808706446,15.4887802826,19.5145009616,28.3026883042,38.9046673359
-1.54838709677,-0.645161290323,7.92225120007,12.3067599659,15.3623446786,22.2662038256,30.5069342572
-1.54838709677,-0.516129032258,5.21680652706,8.16174875809,10.124406809,14.6600442222,20.0309560992
-1.54838709677,-0.387096774194,3.38433532929,5.32176961091,6.57450767888,9.52031961318,12.9927973217
-1.54838709677,-0.258064516129,2.2861259666,3.61360438925,4.44763412459,6.44614002768,8.79441116557
-1.54838709677,-0.129032258065,1.6196318394,2.57251526414,3.1558951875,4.57900888693,6.24707365847
-1.54838709677,0.0,1.19696063091,1.90911165715,2.33565248629,3.39242916143,4.62871613522
-1.54838709677,0.129032258065,0.916188016797,1.46637990096,1.79000399747,2.60226568182,3.55105325818
-1.54838709677,0.258064516129,0.721758072899,1.15852773644,1.41163623103,2.05378802854,2.80295168153
-1.54838709677,0.387096774194,0.582232858632,0.936814541302,1.13978073683,1.65934271127,2.26488146185
-1.54838709677,0.516129032258,0.479033641444,0.772317838896,0.938480663064,1.36703365326,1.86608996102
-1.54838709677,0.645161290323,0.400715237193,0.647150165727,0.785566754651,1.14482831538,1.56290451394
-1.54838709677,0.774193548387,0.339959257894,0.549829288205,0.66684185153,0.972196941885,1.32733669814
-1.54838709677,0.903225806452,0.291927341505,0.472737201431,0.572911808866,0.835544680569,1.1408448059
-1.54838709677,1.03225806452,0.253326317851,0.410674668452,0.497374263366,0.725599042602,0.990786086494
-1.54838709677,1.16129032258,0.221855454832,0.359999798567,0.435753413007,0.635872341802,0.868314627202
-1.54838709677,1.29032258065,0.195871401443,0.318104148171,0.384849776813,0.5617233726,0.767098481633
-1.54838709677,1.41935483871,0.174175593263,0.283080979044,0.342327005168,0.499762123693,0.682512419447
-1.54838709677,1.54838709677,0.155878198699,0.253512375142,0.306449930874,0.447468541119,0.611120845713
-1.54838709677,1.67741935484,0.140307878286,0.22832662379,0.275908142092,0.402940416289,0.550327034313
-1.54838709677,1.8064516129,0.1269503721,0.206701772338,0.249697803787,0.364717623291,0.498139937814
-1.54838709677,1.93548387097,0.115406909613,0.187999112851,0.227039698161,0.331668567532,0.45301403752
-1.41935483871,-1.93548387097,0.642606488377,0.981567519776,1.18220231303,1.72096903544,2.41722797471
-1.41935483871,-1.8064516129,0.804156715877,1.22101461451,1.47854565539,2.1405471416,3.02028026964
-1.41935483871,-1.67741935484,1.03194609219,1.5568517659,1.89643677529,2.72915230643,3.87025094171
-1.41935483871,-1.54838709677,1.36492243556,2.04589472243,2.50783134357,3.58670846832,5.11408103659
-1.41935483871,-1.41935483871,1.87159795035,2.79023965913,3.44064543394,4.89333496634,7.01534088025
-1.41935483871,-1.29032258065,2.67349010995,3.98126134777,4.92708138882,6.98864082103,10.0634974022
-1.41935483871,-1.16129032258,3.96732804254,5.98176561251,7.36731194895,10.5245231458,15.154341268
-1.41935483871,-1.03225806452,5.89185606474,9.39601257027,11.2627314811,16.6291160869,23.5532582957
-1.41935483871,-0.903225806452,9.06736246436,14.5300708135,17.8123566853,26.1178766473,35.9396981884
-1.41935483871,-0.774193548387,12.3701831667,18.8014329008,23.8782077336,34.5698980549,47.5567349719
-1.41935483871,-0.645161290323,11.2418346506,17.1523968386,21.6958929351,31.3511813262,43.00749608
-1.41935483871,-0.516129032258,7.38466491713,11.4322506612,14.2878844383,20.6433170314,28.2135941558
-1.41935483871,-0.387096774194,4.53923766895,7.08257543447,8.79586369549,12.7108422453,17.3420227675
-1.41935483871,-0.258064516129,2.91218198039,4.57672145334,5.65434055712,8.18151857454,11.1579155909
-1.41935483871,-0.129032258065,1.98198935035,3.13492489837,3.85614020735,5.58811360679,7.62147458533
-1.41935483871,0.0,1.42100672295,2.25959424382,2.76970965328,4.01922963002,5.48266185418
-1.41935483871,0.129032258065,1.0627967246,1.69724676536,2.07467353086,3.01409058244,4.11230405615
-1.41935483871,0.258064516129,0.822302864563,1.31772297115,1.60724059685,2.33719588509,3.18930861864
-1.41935483871,0.387096774194,0.653905793468,1.05080891311,1.27944461472,1.86195827214,2.54117216465
-1.41935483871,0.516129032258,0.531791162785,0.856543074342,1.04142950071,1.51654331371,2.07001211604
-1.41935483871,0.645161290323,0.44060782985,0.711037077588,0.863504286165,1.2581153148,1.7174525806
-1.41935483871,0.774193548387,0.370818393555,0.599380452406,0.727192912444,1.05998946071,1.44712206841
-1.41935483871,0.903225806452,0.316268384223,0.511911299521,0.620557866588,0.904900032326,1.23548859707
-1.41935483871,1.03225806452,0.272851688449,0.442160724498,0.535623802909,0.781308235351,1.06681822066
-1.41935483871,1.16129032258,0.237749244633,0.385673793956,0.46691078846,0.681274071678,0.930285600387
-1.41935483871,1.29032258065,0.208977114659,0.339305648155,0.410556703677,0.599199056044,0.818255260706
-1.41935483871,1.41935483871,0.185106107062,0.300786611067,0.36377905201,0.5310464821,0.725222261843
-1.41935483871,1.54838709677,0.165087481331,0.26844772084,0.324532682752,0.473848720541,0.647138429466
-1.41935483871,1.67741935484,0.148137911351,0.24103856745,0.291289219156,0.425385756029,0.580975237887
-1.41935483871,1.8064516129,0.133662452278,0.217609197629,0.262887907949,0.38397165143,0.524431844081
-1.41935483871,1.93548387097,0.121203421943,0.197426834354,0.238435151988,0.348306322939,0.475734811844
-1.29032258065,-1.93548387097,0.584103489992,0.895583435655,1.07480090548,1.57026167367,2.19861496222
-1.29032258065,-1.8064516129,0.724705927019,1.10465628537,1.33262148175,1.93653557064,2.72328862148
-1.29032258065,-1.67741935484,0.920939086227,1.3946275523,1.69231623626,2.44455411858,3.45459892608
-1.29032258065,-1.54838709677,1.20492729703,1.81181277434,2.21285393461,3.17560081064,4.51228014766
-1.29032258065,-1.41935483871,1.63382301151,2.43927190389,2.99977110723,4.27572874477,6.11140978542
-1.29032258065,-1.29032258065,2.31366035683,3.43485537178,4.25095925614,6.02343204985,8.65980639897
-1.29032258065,-1.16129032258,3.44327282494,5.11530088445,6.34807391472,8.98137936771,12.9655472345
-1.29032258065,-1.03225806452,5.34441458825,8.1242236697,9.96757547812,14.3117423572,20.5871083043
-1.29032258065,-0.903225806452,8.23067913382,13.5154402964,16.3190309922,24.0449179443,33.2979076102
-1.29032258065,-0.774193548387,13.5715597234,20.8575477756,26.2886110196,38.1722684008,52.5271836681
-1.29032258065,-0.645161290323,15.8624940319,23.4497716627,30.362761096,43.591843272,59.8624168806
-1.29032258065,-0.516129032258,11.0529416696,16.8153941098,21.2837789961,30.6410779028,41.8993014353
-1.29032258065,-0.387096774194,6.39307640934,9.86470015376,12.3454883239,17.7878544183,24.2587470122
-1.29032258065,-0.258064516129,3.83675578957,5.9829982198,7.4300989952,10.7266134004,14.6212348935
-1.29032258065,-0.129032258065,2.4817004227,3.90433174418,4.81925316835,6.9726154246,9.5058381407
-1.29032258065,0.0,1.71441237414,2.71602338036,3.33703508475,4.83705808399,6.59631179643
-1.29032258065,0.129032258065,1.24745001237,1.98688627082,2.43270718361,3.53141988161,4.81709353535
-1.29032258065,0.258064516129,0.945202083394,1.51177342928,1.84608634609,2.68295818629,3.660550629
-1.29032258065,0.387096774194,0.739478147977,1.18663867155,1.44606466475,2.10353201825,2.87052555105
-1.29032258065,0.516129032258,0.593603595308,0.95508128288,1.16197929552,1.69153655975,2.30865855938
-1.29032258065,0.645161290323,0.486633377022,0.784668818921,0.953385995405,1.38872392612,1.89560964372
-1.29032258065,0.774193548387,0.405970061011,0.655782580238,0.795918677069,1.15993927547,1.5834867433
-1.29032258065,0.903225806452,0.3436988204,0.556033893777,0.674240231951,0.983028417006,1.3420986667
-1.29032258065,1.03225806452,0.294654700917,0.477305919454,0.578329368712,0.843498449972,1.15169232778
-1.29032258065,1.16129032258,0.255358073269,0.414109776631,0.50142621454,0.731563570246,0.998927722038
-1.29032258065,1.29032258065,0.223397470499,0.362629973534,0.438840879076,0.640428778368,0.874537154212
-1.29032258065,1.41935483871,0.197060862908,0.320150236537,0.387240349594,0.565260214164,0.771930627919
-1.29032258065,1.54838709677,0.175106425567,0.284695577801,0.344204802204,0.502546851848,0.68632018825
-1.29032258065,1.67741935484,0.156616057616,0.254803056944,0.307943700489,0.449689544794,0.614159847897
-1.29032258065,1.8064516129,0.140899520815,0.229369981479,0.277110157472,0.404731891732,0.552779678111
-1.29032258065,1.93548387097,0.127429668717,0.20755387156,0.250675292761,0.366178154718,0.500140318762
-1.16129032258,-1.93548387097,0.531988157044,0.818774073916,0.979184165848,1.43568009177,2.00402540489
-1.16129032258,-1.8064516129,0.654419740743,1.00153115967,1.20366969686,1.75581361991,2.46099723177
-1.16129032258,-1.67741935484,0.823354575957,1.25202335514,1.51321594167,2.19456493264,3.09038874122
-1.16129032258,-1.54838709677,1.06482098839,1.60758239381,1.9554381115,2.81735835802,3.98853669522
-1.16129032258,-1.41935483871,1.4249528607,2.13440902159,2.61490474662,3.740340104,5.32684019201
-1.16129032258,-1.29032258065,1.99026483073,2.95766407524,3.65113684261,5.18353836169,7.42989428516
-1.16129032258,-1.16129032258,2.93173317341,4.33182608906,5.38345438069,7.59602703615,10.9556592432
-1.16129032258,-1.03225806452,4.59197961326,6.81247252774,8.47360048298,11.9660651667,17.3151262195
-1.16129032258,-0.903225806452,7.49140110144,11.6259909469,14.0935981635,20.5271885103,29.3623569598
-1.16129032258,-0.774193548387,12.886678089,20.5471096648,25.266994274,37.0008383877,50.9067053735
-1.16129032258,-0.645161290323,20.6369198635,29.4352111492,39.1473505842,55.6991175774,76.4475423446
-1.16129032258,-0.516129032258,17.577386265,25.7938375738,33.5371552133,47.8994934572,65.5372342777
-1.16129032258,-0.387096774194,9.63030317616,14.6024142218,18.5025190909,26.5356314851,36.1646252723
-1.16129032258,-0.258064516129,5.28605835028,8.15206996182,10.2002964502,14.6774739716,19.9901160301
-1.16129032258,-0.129032258065,3.19854183453,4.99637887349,6.19613918843,8.94533559512,12.1881069779
-1.16129032258,0.0,2.10907435763,3.32568644367,4.09834605188,5.93211639797,8.08646155279
-1.16129032258,0.129032258065,1.48446175062,2.35691644595,2.89150535914,4.19336949531,5.71850451279
-1.16129032258,0.258064516129,1.09752473531,1.75151468592,2.14176957975,3.11057138306,4.2431751964
-1.16129032258,0.387096774194,0.842724081352,1.35016062305,1.646934932,2.39455464829,3.26721725339
-1.16129032258,0.516129032258,0.666620671014,1.07130060424,1.30429744847,1.89802772279,2.59021797882
-1.16129032258,0.645161290323,0.540083218742,0.87008290079,1.05772157592,1.54028127707,2.10232214881
-1.16129032258,0.774193548387,0.446225382738,0.720321784716,0.874596346752,1.27433499095,1.7395483662
-1.16129032258,0.903225806452,0.374747870466,0.605948704212,0.734988845462,1.07142578467,1.46271603818
-1.16129032258,1.03225806452,0.319092077007,0.516682071617,0.626185534785,0.913181812247,1.2467901535
-1.16129032258,1.16129032258,0.274927946111,0.445705137042,0.539781155543,0.787444200898,1.07519750393
-1.16129032258,1.29032258065,0.239307517345,0.38835968406,0.470043918916,0.685911666958,0.936623025004
-1.16129032258,1.41935483871,0.210166727036,0.341376375851,0.412959112128,0.602765270952,0.823133101151
-1.16129032258,1.54838709677,0.186028608843,0.302407870775,0.365650101841,0.533831310921,0.729033846557
-1.16129032258,1.67741935484,0.165812822881,0.2697342135,0.326009762331,0.476053191563,0.650156868458
-1.16129032258,1.8064516129,0.148714940386,0.242071707878,0.29246959906,0.427152370314,0.583395569638
-1.16129032258,1.93548387097,0.134126737992,0.2184480063,0.263841799958,0.385402720699,0.526393551064
-1.03225806452,-1.93548387097,0.485609903847,0.750181296163,0.894118273967,1.31551676651,1.83088361296
-1.03225806452,-1.8064516129,0.592383479276,0.910236941883,1.08992014777,1.59587450062,2.22965714701
-1.03225806452,-1.67741935484,0.737965665348,1.12699102288,1.35666699505,1.97549126347,2.77222645557
-1.03225806452,-1.54838709677,0.943234740418,1.43035990695,1.73247230236,2.50674311929,3.53557048904
-1.03225806452,-1.41935483871,1.24475255445,1.87252975357,2.28411028326,3.28105106174,4.65455031027
-1.03225806452,-1.29032258065,1.71057206267,2.55059654637,3.1361243249,4.46870833259,6.3810197383
-1.03225806452,-1.16129032258,2.47650168302,3.66001774753,4.53850064272,6.41321691078,9.22273237415
-1.03225806452,-1.03225806452,3.83264223784,5.63252465141,7.03314505349,9.87659277249,14.2964334248
-1.03225806452,-0.903225806452,6.40456700263,9.51665331158,11.8436734181,16.7282255663,24.2427249334
-1.03225806452,-0.774193548387,10.8597611673,17.8561794362,21.4827763866,31.6855685865,44.3764484708
-1.03225806452,-0.645161290323,22.1730542601,32.4428407791,42.3312193159,60.6279312372,83.2490631104
-1.03225806452,-0.516129032258,28.821684382,38.2731288208,53.7556400382,74.7153999112,101.79491132
-1.03225806452,-0.387096774194,15.9808710632,23.4552798362,30.4393746536,43.2733571108,58.8934107658
-1.03225806452,-0.258064516129,7.75159924996,11.7514281661,14.8802949941,21.3002410362,28.9676755669
-1.03225806452,-0.129032258065,4.28041888755,6.62031988736,8.26475305082,11.8950488699,16.1924721982
-1.03225806452,0.0,2.65759026889,4.16541314595,5.15330737704,7.44517108511,10.1435162063
-1.03225806452,0.129032258065,1.79551797244,2.83978902196,3.49244645509,5.05882853647,6.89637917072
-1.03225806452,0.258064516129,1.28933179634,2.05228160482,2.51360051045,3.64766997508,4.9747140199
-1.03225806452,0.387096774194,0.968769709618,1.5492938652,1.89192997492,2.74923035035,3.75055498928
-1.03225806452,0.516129032258,0.753655005129,1.20959447603,1.47382209716,2.14386226614,2.92537237426
-1.03225806452,0.645161290323,0.602596482911,0.969864240145,1.17969306529,1.71739033691,2.34385883743
-1.03225806452,0.774193548387,0.49258858387,0.794594248635,0.965183162713,1.40601131872,1.91917158213
-1.03225806452,0.903225806452,0.410056338483,0.662681360804,0.804057482681,1.17191177621,1.59981804646
-1.03225806452,1.03225806452,0.346587536111,0.560970354012,0.680023789013,0.991566565337,1.353757699
-1.03225806452,1.16129032258,0.296749302827,0.480926982184,0.582544231175,0.849742002168,1.160224668
-1.03225806452,1.29032258065,0.256909941876,0.416823252893,0.50456536514,0.736229243607,1.00530703047
-1.03225806452,1.41935483871,0.224569510424,0.364701940484,0.441222769685,0.643980344079,0.879397992293
-1.03225806452,1.54838709677,0.197960624421,0.321757987627,0.389078036448,0.568008703903,0.775695402051
-1.03225806452,1.67741935484,0.175807355003,0.285961502792,0.345643402614,0.504704971711,0.6892784493
-1.03225806452,1.8064516129,0.15716921245,0.255812667634,0.309084645587,0.451406548503,0.61651484876
-1.03225806452,1.93548387097,0.141341089622,0.230184596627,0.278025675862,0.406113450365,0.554676493572
-0.903225806452,-1.93548387097,0.444333526765,0.68889484189,0.821285564928,1.20816261933,1.6767510727
-0.903225806452,-1.8064516129,0.537663078507,0.829405574778,0.989607881632,1.45429416017,2.02560769026
-0.903225806452,-1.67741935484,0.663392910383,1.01744002917,1.22002323177,1.78360193528,2.49453443669
-0.903225806452,-1.54838709677,0.838193639437,1.27692095361,1.5400546508,2.23795003533,3.14487768205
-0.903225806452,-1.41935483871,1.09076621002,1.6487773547,2.00200783863,2.88897238349,4.08211014862
-0.903225806452,-1.29032258065,1.4736384315,2.20754575537,2.70164860382,3.86719148083,5.4992006789
-0.903225806452,-1.16129032258,2.09032452703,3.09993251376,3.82801589859,5.42978194272,7.77748795051
-0.903225806452,-1.03225806452,3.16342890691,4.64437304798,5.79009866245,8.13619318779,11.7458263209
-0.903225806452,-0.903225806452,5.21638023852,7.62126649373,9.5664665122,13.3933495243,19.422322531
-0.903225806452,-0.774193548387,9.4634449805,14.2081032607,17.5921294678,25.0118642699,36.1884918055
-0.903225806452,-0.645161290323,18.9517769817,30.0722353974,37.0820084523,54.2077387012,74.5294166408
-0.903225806452,-0.516129032258,41.7233543634,44.4494353903,74.8333953379,95.9759067644,128.945406515
-0.903225806452,-0.387096774194,30.6206471617,41.0252306172,57.1266635586,79.0788722724,106.898726686
-0.903225806452,-0.258064516129,12.4804757132,18.3594274028,23.7572516251,33.6833088613,45.6633516603
-0.903225806452,-0.129032258065,6.02816814565,9.18663892965,11.5853238723,16.5954190632,22.556044105
-0.903225806452,0.0,3.45176661185,5.36661702847,6.67490366822,9.61886553264,13.0946930912
-0.903225806452,0.129032258065,2.21470467801,3.48592931329,4.300352745,6.21969099622,8.47511453553
-0.903225806452,0.258064516129,1.53530140602,2.43629500197,2.98968766466,4.33440932822,5.90964328294
-0.903225806452,0.387096774194,1.1246875744,1.7949355915,2.19468064616,3.18712659395,4.34713030214
-0.903225806452,0.516129032258,0.858427544385,1.37576882635,1.67775954869,2.43942288544,3.32824291639
-0.903225806452,0.645161290323,0.676273133159,1.08732108649,1.32337783093,1.9259464746,2.62824380755
-0.903225806452,0.774193548387,0.546312879944,0.880589811646,1.07011899389,1.55850717102,2.12717537378
-0.903225806452,0.903225806452,0.450409393661,0.727483853884,0.882976008235,1.28670803424,1.7564379515
-0.903225806452,1.03225806452,0.377651691026,0.61099016487,0.740841617869,1.08010236898,1.47457143668
-0.903225806452,1.16129032258,0.321164579977,0.520328468737,0.630386920997,0.919436200106,1.25534445978
-0.903225806452,1.29032258065,0.276442707873,0.448405127495,0.542869813245,0.79205857126,1.08151520038
-0.903225806452,1.41935483871,0.240437045836,0.390399430221,0.472360759765,0.689386375064,0.941384157082
-0.903225806452,1.54838709677,0.211024266641,0.342944649923,0.414728698044,0.605428367922,0.826784279776
-0.903225806452,1.67741935484,0.18668974266,0.303632105731,0.367022288759,0.535903926656,0.731878563337
-0.903225806452,1.8064516129,0.166329537456,0.270703367261,0.327088794886,0.477689052334,0.652404316018
-0.903225806452,1.93548387097,0.149124034982,0.242848241676,0.293328704755,0.428459257315,0.585192723668
-0.774193548387,-1.93548387097,0.407565856737,0.634075059285,0.756210159397,1.11214141954,1.53937690849
-0.774193548387,-1.8064516129,0.489368182745,0.757769320285,0.90326117495,1.3288286305,1.84545027591
-0.774193548387,-1.67741935484,0.598271907939,0.921388698714,1.10072035618,1.61538864205,2.25201627011
-0.774193548387,-1.54838709677,0.747572584877,1.14407412231,1.37413473952,2.00530542064,2.80798336046
-0.774193548387,-1.41935483871,0.959721933596,1.45790236642,1.76218881027,2.55468130938,3.59571489594
-0.774193548387,-1.29032258065,1.27492228424,1.9198849034,2.33802530517,3.363256952,4.76238302213
-0.774193548387,-1.16129032258,1.77058022001,2.63910553089,3.24242636544,4.62194753114,6.59100936995
-0.774193548387,-1.03225806452,2.60983377336,3.8449509347,4.77269422287,6.73267835318,9.67931348753
-0.774193548387,-0.903225806452,4.17697239309,6.08338343506,7.63342625542,10.6628134186,15.4516575437
-0.774193548387,-0.774193548387,7.49196725195,10.8846480751,13.7353031358,19.2641161029,27.8573097461
-0.774193548387,-0.645161290323,14.9286948552,23.3852729273,28.1775538658,41.3214013867,58.8888330736
-0.774193548387,-0.516129032258,34.4112337038,46.2722506757,65.1129625936,94.2112548104,132.003922978
-0.774193548387,-0.387096774194,69.9268673042,71.784331076,117.432505423,142.567452158,206.178270023
-0.774193548387,-0.258064516129,23.5071541482,32.2861248069,44.0081439087,60.943825064,81.7683495766
-0.774193548387,-0.129032258065,9.13753142409,13.5894693084,17.4358883046,24.7726323178,33.5652845382
-0.774193548387,0.0,4.66374498536,7.16890063809,8.9851283319,12.9002930487,17.5400262589
-0.774193548387,0.129032258065,2.79797419877,4.37694643769,5.42119502441,7.82544373379,10.6566152881
-0.774193548387,0.258064516129,1.85746139092,2.93666729558,3.61212679273,5.23074166205,7.12923071352
-0.774193548387,0.387096774194,1.3204417472,2.10236579828,2.57434624186,3.73570921402,5.09426767501
-0.774193548387,0.516129032258,0.985938845377,1.57760846165,1.92577041215,2.79863063448,3.81776961321
-0.774193548387,0.645161290323,0.763832031296,1.22673278532,1.49405185912,2.17357918313,2.96586883354
-0.774193548387,0.774193548387,0.608975555829,0.980811146393,1.19247543757,1.73627010222,2.3696236206
-0.774193548387,0.903225806452,0.496769881984,0.801896527498,0.973625394023,1.41854581623,1.93629779903
-0.774193548387,1.03225806452,0.412899520099,0.667729856292,0.809840237437,1.18053807659,1.61162036238
-0.774193548387,1.16129032258,0.348580685206,0.564566948741,0.684107160513,0.997686578524,1.36213825854
-0.774193548387,1.29032258065,0.298182697398,0.483554551283,0.585502799787,0.854195640605,1.16633121343
-0.774193548387,1.41935483871,0.25796408223,0.418785576605,0.506755770124,0.739542127652,1.00985424145
-0.774193548387,1.54838709677,0.225359231658,0.366194495463,0.442876812944,0.646492075328,0.882848816876
-0.774193548387,1.67741935484,0.198562424532,0.322913212447,0.39034737045,0.569944706291,0.778358818392
-0.774193548387,1.8064516129,0.176272547325,0.286868407497,0.346632308758,0.506220105841,0.691364217397
-0.774193548387,1.93548387097,0.157533554255,0.256533830293,0.309864954739,0.452607384255,0.618169590035
-0.645161290323,-1.93548387097,0.374766622953,0.584964940365,0.697888641846,1.02612097814,1.41674053004
-0.645161290323,-1.8064516129,0.446685475247,0.694179512183,0.827783232817,1.2174594649,1.68612116867
-0.645161290323,-1.67741935484,0.541337424431,0.837038614197,0.997577035729,1.46768078609,2.03987727225
-0.645161290323,-1.54838709677,0.669342051663,1.02889141554,1.23091597745,1.80362703459,2.51707885606
-0.645161290323,-1.41935483871,0.848266473495,1.29492397466,1.5583066163,2.26933472241,3.18215980145
-0.645161290323,-1.29032258065,1.10882218094,1.67878892681,2.03439927786,2.94112812809,4.14739332746
-0.645161290323,-1.16129032258,1.50850504869,2.26148698462,2.76358293061,3.96063466531,5.62230587714
-0.645161290323,-1.03225806452,2.16469214621,3.20707197668,3.95880729665,5.61483202634,8.03368004744
-0.645161290323,-0.903225806452,3.34541391388,4.88883647606,6.10702183825,8.55736826142,12.356992635
-0.645161290323,-0.774193548387,5.75821963496,8.30378231898,10.5020200024,14.6959874212,21.1993793653
-0.645161290323,-0.645161290323,11.5880194267,16.7951225284,21.2632195478,29.8717453234,43.1318788344
-0.645161290323,-0.516129032258,27.9552242561,44.4239303305,54.6817957244,79.8464321489,109.611946802
-0.645161290323,-0.387096774194,63.2733840494,85.8533927947,121.298304995,172.657703175,210.732679
-0.645161290323,-0.258064516129,60.5139818686,62.7661405583,107.673379426,132.192984735,184.193629221
-0.645161290323,-0.129032258065,15.5585671208,22.053000242,29.316792913,40.9355777589,54.9971712273
-0.645161290323,0.0,6.64806310431,10.0452405304,12.7403025487,18.1863905715,24.6731196669
-0.645161290323,0.129032258065,3.64214513784,5.65144231086,7.03737391704,10.1316503309,13.7850194111
-0.645161290323,0.258064516129,2.2899571506,3.60426435518,4.44598833794,6.42907256509,8.75856860776
-0.645161290323,0.387096774194,1.57035701804,2.49347685164,3.05844649416,4.43438588108,6.04544663679
-0.645161290323,0.516129032258,1.14299901365,1.82569990702,2.23101351642,3.24043167229,4.41971565267
-0.645161290323,0.645161290323,0.868831940713,1.39369946778,1.69862123032,2.47026280054,3.37031373933
-0.645161290323,0.774193548387,0.682575968333,1.09843666551,1.33614434278,1.94494469125,2.65420255519
-0.645161290323,0.903225806452,0.550329292811,0.887826327343,1.07833189508,1.57080447741,2.14400648061
-0.645161290323,1.03225806452,0.453075485415,0.732387007634,0.888478305818,1.29499581976,1.76779688616
-0.645161290323,1.16129032258,0.379481843932,0.614424056114,0.744653022725,1.08587720755,1.48249727632
-0.645161290323,1.29032258065,0.322456030122,0.522800779845,0.633103126175,0.923573881383,1.26102953732
-0.645161290323,1.41935483871,0.277376420887,0.450227666499,0.544851762377,0.795095492111,1.08569266303
-0.645161290323,1.54838709677,0.241125585181,0.391770447967,0.473837009758,0.691660732603,0.944517338163
-0.645161290323,1.67741935484,0.211541247566,0.343994469667,0.415848271604,0.607161991454,0.829177090158
-0.645161290323,1.8064516129,0.18708389158,0.304449259178,0.367884225864,0.537247221433,0.73373355424
-0.645161290323,1.93548387097,0.166634073764,0.271347644857,0.327761779953,0.47874391004,0.653862941598
-0.516129032258,-1.93548387097,0.34545441061,0.540889205304,0.645523130457,0.948913775311,1.30704778539
-0.516129032258,-1.8064516129,0.408888970125,0.637617960944,0.760618137732,1.11839699708,1.54491137542
-0.516129032258,-1.67741935484,0.491459979658,0.762799146068,0.909471392658,1.33767791981,1.85387944958
-0.516129032258,-1.54838709677,0.601672854995,0.928783546152,1.10701479504,1.62835353449,2.26527273876
-0.516129032258,-1.41935483871,0.753313129041,1.1554210884,1.38461408537,2.02512586655,2.82967413456
-0.516129032258,-1.29032258065,0.969893864568,1.47625971839,1.78052661755,2.58662889405,3.63305133279
-0.516129032258,-1.16129032258,1.2941453382,1.95166009412,2.37227117074,3.41834254722,4.8309696411
-0.516129032258,-1.03225806452,1.81019048893,2.69921032055,3.31220957372,4.72576590694,6.72838421203
-0.516129032258,-0.903225806452,2.70187475618,3.97337369632,4.93289775435,6.95370813306,9.98929673877
-0.516129032258,-0.774193548387,4.43167248672,6.41077618106,8.07137991533,11.2659870785,16.2830996563
-0.516129032258,-0.645161290323,8.41052285925,11.9823898727,15.299804092,21.4512473759,30.7739034396
-0.516129032258,-0.516129032258,19.8281023463,29.1802361626,36.6025985076,51.4198555232,74.695101474
-0.516129032258,-0.387096774194,56.3246987009,76.5925548799,108.379566322,154.800933988,213.927130762
-0.516129032258,-0.258064516129,124.817514973,168.808071189,237.192404645,335.262876635,457.438712998
-0.516129032258,-0.129032258065,31.9459431647,42.0663709439,59.1969719268,80.1604676471,105.349818021
-0.516129032258,0.0,10.2347536729,15.0273919812,19.453771109,27.4877347024,37.1202947543
-0.516129032258,0.129032258065,4.92575846796,7.55880736964,9.48310554086,13.602294523,18.4821681386
-0.516129032258,0.258064516129,2.88768324499,4.52005407764,5.59556707811,8.07697979653,10.9970900862
-0.516129032258,0.387096774194,1.89551106195,3.00033942208,3.68741224805,5.34096050031,7.27908985279
-0.516129032258,0.516129032258,1.33902926234,2.1346700595,2.61168763552,3.79100567285,5.16967404997
-0.516129032258,0.645161290323,0.995973497404,1.59562458019,1.94621325585,2.82919127603,3.85954217728
-0.516129032258,0.774193548387,0.76966748088,1.23752390455,1.50609913919,2.19174013604,2.99074600889
-0.516129032258,0.903225806452,0.612568075779,0.987645128252,1.1999886143,1.7476898441,2.38529529188
-0.516129032258,1.03225806452,0.499084243842,0.806422061601,0.978528900917,1.42605712341,1.94662441013
-0.516129032258,1.16129032258,0.414446435444,0.670837298085,0.813161580968,1.18566478243,1.61868075737
-0.516129032258,1.29032258065,0.349646140994,0.566766847138,0.686425906131,1.00129306227,1.36711356657
-0.516129032258,1.41935483871,0.298935653138,0.48515300758,0.58716412222,0.856800375957,1.16993018029
-0.516129032258,1.54838709677,0.258507487957,0.419972479291,0.507973136531,0.741464012497,1.01251607594
-0.516129032258,1.67741935484,0.225758724132,0.367093554396,0.443785208501,0.647938426978,0.884854752182
-0.516129032258,1.8064516129,0.198860585344,0.323604964604,0.391036716068,0.571051362183,0.779895764296
-0.516129032258,1.93548387097,0.176498474516,0.287408773179,0.347162572252,0.507079079291,0.692560011452
-0.387096774194,-1.93548387097,0.319203285355,0.501252733373,0.598409801438,0.879476536845,1.20872150699
-0.387096774194,-1.8064516129,0.375340688003,0.587191445078,0.700710484404,1.03007395469,1.41945450372
-0.387096774194,-1.67741935484,0.447650186749,0.69728560209,0.831684822284,1.22295058014,1.69035082635
-0.387096774194,-1.54838709677,0.54297165457,0.8415141546,1.00314460085,1.47555774017,2.04662288646
-0.387096774194,-1.41935483871,0.672169981366,1.03559448691,1.23614836305,1.81537053594,2.52818213104
-0.387096774194,-1.29032258065,0.853332920168,1.30545760714,1.56750644351,2.28770156584,3.2012102106
-0.387096774194,-1.16129032258,1.11836983896,1.69636925793,2.05145751091,2.97163247805,4.18192787969
-0.387096774194,-1.03225806452,1.52781585476,2.29322175371,2.79758025312,4.01543810832,5.68968144804
-0.387096774194,-0.903225806452,2.20787210457,3.27077629218,4.03379898403,5.72430682089,8.17910192743
-0.387096774194,-0.774193548387,3.45721258189,5.0375231127,6.29841228563,8.81180240596,12.7200833321
-0.387096774194,-0.645161290323,6.12127548286,8.74108189429,11.1148578946,15.5431609175,22.3340262858
-0.387096774194,-0.516129032258,13.3130944079,18.6990698036,24.1401718459,33.909724049,48.3377492673
-0.387096774194,-0.387096774194,37.652513458,61.3656679876,74.2771663756,108.919902323,149.292848404
-0.387096774194,-0.258064516129,101.525514512,135.525561381,157.117696,157.117696,157.117696
-0.387096774194,-0.129032258065,84.7743127686,112.165896612,155.27000132,220.067181802,303.587725531
-0.387096774194,0.0,17.6642317287,24.7363826764,33.1701846331,46.0076487111,61.4498583533
-0.387096774194,0.129032258065,7.00497370163,10.5801468742,13.4197353551,19.1433696567,25.9526685128
-0.387096774194,0.258064516129,3.74254550382,5.81814384116,7.23497693452,10.4197499469,14.1755792442
-0.387096774194,0.387096774194,2.32765972743,3.67112559808,4.52210584629,6.54232575954,8.9130092116
-0.387096774194,0.516129032258,1.58725998258,2.52505273157,3.09334116639,4.4871046433,6.11760076629
-0.387096774194,0.645161290323,1.15154005069,1.84240621419,2.24902021808,3.2679950565,4.45755302758
-0.387096774194,0.774193548387,0.873533510958,1.4033062169,1.70874284368,2.48594533979,3.39190227186
-0.387096774194,0.903225806452,0.685336779147,1.10432389126,1.34221213482,1.95446158274,2.66733855526
-0.387096774194,1.03225806452,0.552032372322,0.891620571871,1.08216032623,1.57688054338,2.15241008564
-0.387096774194,1.16129032258,0.454168136406,0.734932612097,0.89099343718,1.29903444916,1.77339950539
-0.387096774194,1.29032258065,0.380205111639,0.616189984428,0.74636021651,1.088652861,1.48635781588
-0.387096774194,1.41935483871,0.322947545751,0.524060873018,0.634293726603,0.925535537129,1.26376654565
-0.387096774194,1.54838709677,0.277716772521,0.451148388636,0.545702039256,0.796514818871,1.08767846868
-0.387096774194,1.67741935484,0.241365672363,0.392457085947,0.474456299974,0.692709141542,0.94598823538
-0.387096774194,1.8064516129,0.211712503954,0.344516139933,0.416306291536,0.607949991027,0.830285909386
-0.387096774194,1.93548387097,0.187207349302,0.304851330032,0.368228249324,0.537848622046,0.734582265537
-0.258064516129,-1.93548387097,0.295639829261,0.465529803167,0.555930697966,0.816891316528,1.12037929637
-0.258064516129,-1.8064516129,0.345486375836,0.542123871529,0.647144186707,0.951130161085,1.30769766009
-0.258064516129,-1.67741935484,0.409056227546,0.63930544451,0.762808658724,1.12140895495,1.5461352146
-0.258064516129,-1.54838709677,0.49187641936,0.765177264086,0.91251879561,1.34189552463,1.85608941086
-0.258064516129,-1.41935483871,0.602556369153,0.932254185178,1.11108618745,1.63446709757,2.269223739
-0.258064516129,-1.29032258065,0.755096728812,1.16070948752,1.38791344579,2.03437704614,2.83683878523
-0.258064516129,-1.16129032258,0.973499267252,1.48476442384,1.78698827501,2.60140283187,3.6464537966
-0.258064516129,-1.03225806452,1.30169123885,1.96631363478,2.38547539895,3.44362018995,4.85737335728
-0.258064516129,-0.903225806452,1.82710241003,2.7268955307,3.34122879009,4.77317283182,6.78459533333
-0.258064516129,-0.774193548387,2.74423200377,4.03282595592,5.0043154209,7.05481078469,10.1235340358
-0.258064516129,-0.645161290323,4.55846988571,6.56532693156,8.28161223688,11.5500100252,16.6662795574
-0.258064516129,-0.516129032258,8.9251238299,12.5325698361,16.1381329744,22.6131699851,32.2518374171
-0.258064516129,-0.387096774194,23.6279330512,32.7679660622,42.703364329,60.049655374,85.1183308581
-0.258064516129,-0.258064516129,84.6409036256,114.524848184,160.652050491,226.813959279,231.016666
-0.258064516129,-0.129032258065,255.005465122,339.107932211,405.295233,405.295233,405.295233
-0.258064516129,0.0,31.9376232284,50.4811946629,61.9578848843,89.3011784328,120.996488173
-0.258064516129,0.129032258065,10.6620759612,15.724699211,20.2852515775,28.6868507689,38.7293638458
-0.258064516129,0.258064516129,5.01532677112,7.73067708459,9.66792745482,13.8834712398,18.8670849991
-0.258064516129,0.387096774194,2.9157912753,4.58002742665,5.65638791239,8.1723656222,11.1285614869
-0.258064516129,0.516129032258,1.90653029295,3.02614243643,3.71237442893,5.38112361802,7.33470518426
-0.258064516129,0.645161290323,1.3439934858,2.147419102,2.62349662189,3.81046599215,5.19674855286
-0.258064516129,0.774193548387,0.998425593789,1.6025750809,1.95237317662,2.83960317265,3.87409517733
-0.258064516129,0.903225806452,0.770955514045,1.24160112079,1.50955025217,2.19773286507,2.99916341562
-0.258064516129,1.03225806452,0.613272852479,0.990175453184,1.20202813098,1.75133757142,2.39044288919
-0.258064516129,1.16129032258,0.499478223065,0.808064899184,0.979785230123,1.42837653668,1.94991784124
-0.258064516129,1.29032258065,0.414667104463,0.671943716989,0.81395804346,1.1871919595,1.62086394064
-0.258064516129,1.41935483871,0.349767254097,0.567534113414,0.686943219619,1.00232863527,1.36860281908
-0.258064516129,1.54838709677,0.29899735745,0.485698996521,0.587506295529,0.857518207008,1.17097148304
-0.258064516129,1.67741935484,0.258533863425,0.420369508275,0.508201418381,0.741972492626,1.01325851838
-0.258064516129,1.8064516129,0.225763729226,0.367387515721,0.44393827222,0.648303358009,0.885394223596
-0.258064516129,1.93548387097,0.198852661646,0.323826183661,0.391139346056,0.571317517486,0.780292643852
-0.129032258065,-1.93548387097,0.274439002014,0.433263324779,0.517546049271,0.760355431123,1.04081696715
-0.129032258065,-1.8064516129,0.318846717143,0.501741016825,0.599125469004,0.880384602085,1.20787166842
-0.129032258065,-1.67741935484,0.374949811751,0.587838149541,0.701639858073,1.03126184304,1.41854523126
-0.129032258065,-1.54838709677,0.447236720044,0.698163798868,0.83292041868,1.22454527811,1.68942599306
-0.129032258065,-1.41935483871,0.542570496688,0.842744334942,1.00483737787,1.47776226909,2.04579401082
-0.129032258065,-1.29032258065,0.671866131563,1.03738393982,1.23608665134,1.81853342424,2.52769650235
-0.129032258065,-1.16129032258,0.853331204468,1.30818617764,1.56750983658,2.29245386648,3.20163904498
-0.129032258065,-1.03225806452,1.11917975263,1.70078755963,2.05271518904,2.97920347059,4.18462767006
-0.129032258065,-0.903225806452,1.53078397991,2.30096433504,2.80214836357,4.02846730829,5.69809710498
-0.129032258065,-0.774193548387,2.21694496154,3.28588572413,4.04765873799,5.74928630481,8.2029742122
-0.129032258065,-0.645161290323,3.48604688994,5.07204469723,6.34204551942,8.86786301184,12.7917959727
-0.129032258065,-0.516129032258,6.23149823094,8.84247702116,11.279718826,15.7622907688,22.5931713971
-0.129032258065,-0.387096774194,13.9565079211,19.1728993875,25.087957625,35.2209719311,49.7589006039
-0.129032258065,-0.258064516129,48.4103257072,68.3780844893,87.7097180811,122.79420491,175.442451338
-0.129032258065,-0.129032258065,133.143260675,177.48923803,197.030494,197.030494,197.030494
-0.129032258065,0.0,95.1405218969,126.136499017,173.487715011,245.395653708,338.471595003
-0.129032258065,0.129032258065,17.817067678,25.337209182,33.5729710931,46.8030955361,62.6551940291
-0.129032258065,0.258064516129,6.99914373028,10.6787148808,13.4475531842,19.2417961644,26.1094627013
-0.129032258065,0.387096774194,3.73697005385,5.8440947795,7.23802896849,10.4420056542,14.2114512743
-0.129032258065,0.516129032258,2.32395849869,3.68028988714,4.5212823803,6.54868323171,8.92379993615
-0.129032258065,0.645161290323,1.58481098804,2.52889262316,3.09198550398,4.48899034984,6.12121704821
-0.129032258065,0.774193548387,1.14986494828,1.84419630266,2.24778640749,3.26841236709,4.45872054287
-0.129032258065,0.903225806452,0.872346224935,1.40420198952,1.70772671308,2.48585291531,3.3921544988
-0.129032258065,1.03225806452,0.684467618931,1.10479017815,1.34139697421,1.95419538199,2.667231652
-0.129032258065,1.16129032258,0.551378440158,0.891867713277,1.08150573289,1.5765712675,2.15217118986
-0.129032258065,1.29032258065,0.453664433288,0.735062645302,0.890465464479,1.29873395327,1.77311956892
-0.129032258065,1.41935483871,0.37980947024,0.616254557651,0.745930346012,1.08837731857,1.48608093383
-0.129032258065,1.54838709677,0.322631051182,0.524088109321,0.633941586851,0.92528932608,1.26350819283
-0.129032258065,1.67741935484,0.277459653562,0.451154075726,0.545408971301,0.796298264383,1.08744413301
-0.129032258065,1.8064516129,0.241154281702,0.392450887512,0.474210703832,0.692518657957,0.94577803041
-0.129032258065,1.93548387097,0.211536578373,0.344502864723,0.416098371576,0.607783079097,0.830098769579
0.0,-1.93548387097,0.255317442359,0.404053002746,0.482782339501,0.709168085509,0.969900462158
0.0,-1.8064516129,0.295008562307,0.465460363792,0.555966105003,0.816818765515,1.11845268152
0.0,-1.67741935484,0.344710013688,0.542008698823,0.647147151909,0.950982128372,1.30529482801
0.0,-1.54838709677,0.408085980704,0.63911757974,0.762750357311,1.12113481029,1.54307860111
0.0,-1.41935483871,0.490641724433,0.764865423704,0.912346762601,1.34140565785,1.8521125976
0.0,-1.29032258065,0.600950475067,0.931729875307,1.11070074852,1.63359712744,2.26390350248
0.0,-1.16129032258,0.752953302584,1.15980159778,1.38406469491,2.03280819436,2.82946186987
0.0,-1.03225806452,0.970545550281,1.48312478485,1.78154535187,2.59848069712,3.63574652048
0.0,-0.903225806452,1.29744869621,1.9631750776,2.37736851396,3.43788560656,4.84084632675
0.0,-0.774193548387,1.8206708049,2.72035949516,3.32826827038,4.7610194321,6.75679577471
0.0,-0.645161290323,2.73372245478,4.01750040449,4.98132282406,7.02594453026,10.0704763418
0.0,-0.516129032258,4.53939543337,6.52234929008,8.23335779562,11.4741070837,16.5430482944
0.0,-0.387096774194,8.88729095888,12.3715182354,16.0071398466,22.4148101967,31.8586900237
0.0,-0.258064516129,23.7752762871,31.7601183317,42.3872280212,59.5809368631,83.187639883
0.0,-0.129032258065,101.590989352,137.438928483,194.646336856,278.168951997,385.980756424
0.0,0.0,0.0202019944071,0.0202019944071,0.0202019944071,0.0202019944071,0.0202019944071
0.0,0.129032258065,33.0887125223,46.2101200496,62.0526883574,85.7367512873,113.902452866
0.0,0.258064516129,10.2395981119,15.4583696216,19.6082526439,27.9473846493,37.851593809
0.0,0.387096774194,4.91336221663,7.65126002427,9.50229629304,13.6882293222,18.6184654082
0.0,0.516129032258,2.87869937514,4.54927925688,5.59611859586,8.0996957226,11.0343878063
0.0,0.645161290323,1.88957862494,3.01177377062,3.68492493553,5.34775792321,7.29120783958
0.0,0.774193548387,1.33502818749,2.13977103237,2.60905081212,3.79286686244,5.17374792342
0.0,0.903225806452,0.993180667526,1.59810308798,1.9439649934,2.82936295833,3.8607065201
0.0,1.03225806452,0.767651953643,1.23879530698,1.50427907139,2.19132248482,2.99078510164
0.0,1.16129032258,0.611070412837,0.988316402639,1.19853070317,1.74709327326,2.38490274065
0.0,1.29032258065,0.49794303543,0.806776990576,0.977358497497,1.42544031456,1.94608540818
0.0,1.41935483871,0.413557973591,0.67101980169,0.812211865774,1.18508488432,1.61811653351
0.0,1.54838709677,0.348941097436,0.566851678999,0.685649363565,1.00076977322,1.36657617415
0.0,1.67741935484,0.298367134597,0.485182278514,0.586522470516,0.856337400094,1.16943588
0.0,1.8064516129,0.258042747821,0.419969658533,0.507437238699,0.741056892939,1.01207067427
0.0,1.93548387097,0.225373890017,0.367072114397,0.443334027979,0.647581482977,0.884457583236
0.129032258065,-1.93548387097,0.23802914796,0.377548539589,0.451227277354,0.662717433067,0.906332112619
0.129032258065,-1.8064516129,0.273617723681,0.432780076711,0.517072680211,0.759554176023,1.0388080639
0.129032258065,-1.67741935484,0.317810455947,0.501074374879,0.598452672387,0.879267865635,1.20444201667
0.129032258065,-1.54838709677,0.373615816266,0.586898598651,0.70066411555,1.02967158173,1.41406919476
0.129032258065,-1.41935483871,0.445477680499,0.696804165045,0.831472387177,1.22222147895,1.68343123513
0.129032258065,-1.29032258065,0.540181442559,0.840712587623,1.0026242246,1.47426011837,2.03750921256
0.129032258065,-1.16129032258,0.668501487813,1.03423176883,1.23257801644,1.81305501333,2.51579581031
0.129032258065,-1.03225806452,0.848371819859,1.30305410222,1.55848007694,2.28347083455,3.18369111229
0.129032258065,-0.903225806452,1.11141800683,1.6919152341,2.03841754181,2.96357752289,4.15582219415
0.129032258065,-0.774193548387,1.5176267125,2.28437719499,2.7775953583,3.99910573907,5.64790264554
0.129032258065,-0.645161290323,2.19201338561,3.2514120995,4.00048924574,5.68801262986,8.10503991284
0.129032258065,-0.516129032258,3.43042145212,4.98867632805,6.23539699292,8.7192983126,12.5670282038
0.129032258065,-0.387096774194,6.0717271303,8.58789490121,10.9697099233,15.3192008237,21.9315566984
0.129032258065,-0.258064516129,13.2550594076,18.0085030895,23.7159427212,33.2729957408,46.7996754842
0.129032258065,-0.129032258065,43.6560950971,56.4113286457,76.983992798,108.185782487,149.020124618
0.129032258065,0.0,222.694961839,301.53130957,426.923878592,609.507171164,843.45507774
0.129032258065,0.129032258065,67.5153067728,97.7998727085,127.72805809,178.928244244,239.707737919
0.129032258065,0.258064516129,15.6855480686,23.5832872732,29.9958542677,42.6734436241,57.727310132
0.129032258065,0.387096774194,6.63334746806,10.3019233051,12.8161739509,18.4428185936,25.0731041481
0.129032258065,0.516129032258,3.62647047192,5.72287820058,7.04587863098,10.1927209293,13.8826059529
0.129032258065,0.645161290323,2.27926066099,3.63013360453,4.44348886932,6.44683384262,8.7886559777
0.129032258065,0.774193548387,1.56318942413,2.50445700684,3.05442165626,4.43965270569,6.05561186392
0.129032258065,0.903225806452,1.13806142387,1.83086173796,2.2273411602,3.24154998485,4.42297354848
0.129032258065,1.03225806452,0.865315753809,1.39629193738,1.69559483924,2.46992640831,3.37096154074
0.129032258065,1.16129032258,0.679995314738,1.09979069069,1.33370974219,1.94412406345,2.65383234724
0.129032258065,1.29032258065,0.5483835442,0.888544593085,1.07637966189,1.56987110037,2.14325913818
0.129032258065,1.41935483871,0.451574589911,0.732762955006,0.886902629938,1.29408760056,1.76694904301
0.129032258065,1.54838709677,0.378300980012,0.614608716235,0.743370033447,1.08504617724,1.48166082719
0.129032258065,1.67741935484,0.321510866136,0.522877239433,0.632047479532,0.922833652591,1.26025139247
0.129032258065,1.8064516129,0.276608237645,0.450241537071,0.543974868161,0.794443510299,1.08498693983
0.129032258065,1.93548387097,0.240493588639,0.391748807298,0.473101923709,0.691088234329,0.943885412932
0.258064516129,-1.93548387097,0.222360432349,0.353445638732,0.422520309308,0.620470790137,0.848521619042
0.258064516129,-1.8064516129,0.254368715674,0.403265448453,0.48193364971,0.707830138298,0.968025919021
0.258064516129,-1.67741935484,0.2938040915,0.464400086258,0.554807099809,0.815008064196,1.11464941721
0.258064516129,-1.54838709677,0.343149030477,0.540550449258,0.64553294477,0.948478040908,1.29990828892
0.258064516129,-1.41935483871,0.406013485285,0.637060751282,0.760447220877,1.11758768026,1.53584591693
0.258064516129,-1.29032258065,0.487810193493,0.761879597119,0.908965271866,1.33623193096,1.84210773297
0.258064516129,-1.16129032258,0.596942519233,0.927240164564,1.10556293971,1.62578625409,2.24955835052
0.258064516129,-1.03225806452,0.747028122168,1.15275373711,1.37341850387,2.0204999926,2.80795760569
0.258064516129,-0.903225806452,0.961285858817,1.4714594518,1.76461471114,2.57804022248,3.60167125397
0.258064516129,-0.774193548387,1.28190104566,1.94250418551,2.34876528068,3.40156665548,4.78284178911
0.258064516129,-0.645161290323,1.79192248755,2.6802908396,3.27506813626,4.69046609855,6.64817793933
0.258064516129,-0.516129032258,2.6728721103,3.92957047841,4.86825825309,6.87093750174,9.83844076172
0.258064516129,-0.387096774194,4.38217353777,6.29089350455,7.94098299186,11.0601187509,15.9422184914
0.258064516129,-0.258064516129,8.33047824307,11.5569287129,14.9765637534,20.959658014,29.7515525683
0.258064516129,-0.129032258065,20.3805033956,26.9062370493,36.1645218613,50.8041757451,70.6061351431
0.258064516129,0.0,74.7621929969,93.3565772046,130.339665879,182.961192698,248.695362281
0.258064516129,0.129032258065,115.194011855,156.990422228,205.041337391,285.92090082,402.964250129
0.258064516129,0.258064516129,24.2987394572,37.3477558343,46.7717130591,67.0188957927,90.9014496964
0.258064516129,0.387096774194,9.15077064348,14.2419562829,17.6910060621,25.4705613187,34.6272091802
0.258064516129,0.516129032258,4.64216084573,7.32702857217,9.01941615991,13.0471922168,17.7687152006
0.258064516129,0.645161290323,2.7812449933,4.42957261094,5.42195037516,7.86600121845,10.7226735451
0.258064516129,0.774193548387,1.84611192706,2.95779967327,3.60721357637,5.24301848869,7.15114398573
0.258064516129,0.903225806452,1.31268184889,2.11193774758,2.56914556936,3.73900510217,5.10164312012
0.258064516129,1.03225806452,0.980477608424,1.58229840485,1.92133051897,2.79880998735,3.81979358311
0.258064516129,1.16129032258,0.759870360659,1.22914827445,1.49045104368,2.17267491208,2.96581583838
0.258064516129,1.29032258065,0.606020467085,0.982087554526,1.1895848682,1.73504648784,2.36877716742
0.258064516129,1.41935483871,0.494512366891,0.802570976888,0.97129927492,1.41729572404,1.93518877603
0.258064516129,1.54838709677,0.411138063167,0.668072671473,0.807953193308,1.17937101542,1.61047699941
0.258064516129,1.67741935484,0.347181186154,0.564723312115,0.68256133801,0.996636515937,1.36105059713
0.258064516129,1.8064516129,0.297053331671,0.483604524747,0.584224157018,0.853267684014,1.16533631965
0.258064516129,1.93548387097,0.257039558324,0.418773707667,0.505689092441,0.73872694543,1.00896039801
0.387096774194,-1.93548387097,0.208125312534,0.331478076515,0.396347163322,0.58196139923,0.795831185252
0.387096774194,-1.8064516129,0.236999455758,0.376541573417,0.450104854234,0.660990832967,0.903933728865
0.387096774194,-1.67741935484,0.272310485915,0.431443900089,0.515570787078,0.757254953689,1.03561996646
0.387096774194,-1.54838709677,0.316118201424,0.499265915326,0.596403286163,0.876145450399,1.19850508571
0.387096774194,-1.41935483871,0.371374494578,0.584393824684,0.697804029428,1.02533400137,1.40613549349
0.387096774194,-1.29032258065,0.442426708578,0.693240463841,0.827374342446,1.216033954,1.67253298407
0.387096774194,-1.16129032258,0.535890420432,0.835479387499,0.996564706948,1.4651476048,2.02203557287
0.387096774194,-1.03225806452,0.662221680983,1.02624396865,1.22327276652,1.79911195041,2.49293122783
0.387096774194,-0.903225806452,0.838713320826,1.29027290703,1.5408626877,2.26111209278,3.14819671636
0.387096774194,-0.774193548387,1.09559583792,1.67021828613,2.00944371825,2.92555510488,4.09717906894
0.387096774194,-0.645161290323,1.48947360472,2.24460918264,2.72588098222,3.92932311049,5.54283453884
0.387096774194,-0.516129032258,2.13598777286,3.17065161476,3.89742616048,5.54621519816,7.89520420472
0.387096774194,-0.387096774194,3.299837233,4.79924818273,5.99545186881,8.38675296837,12.0790541665
0.387096774194,-0.258064516129,5.6862820327,8.0366921608,10.2655583612,14.3289338433,20.5092815312
0.387096774194,-0.129032258065,11.5956520902,15.7310000227,20.72422597,29.0603905618,40.8537180193
0.387096774194,0.0,30.2588253513,38.9027931099,53.2760267792,74.8789842246,102.955895706
0.387096774194,0.129032258065,76.3851806375,95.9578729815,133.55714539,187.681998651,255.75666243
0.387096774194,0.258064516129,33.5293708657,54.7376376946,65.9778877273,96.3347523615,131.430762857
0.387096774194,0.387096774194,12.6410945325,19.9256550011,24.5441746966,35.4757027237,48.283894013
0.387096774194,0.516129032258,6.01031944317,9.51840566606,11.6912844422,16.9284195967,23.0591157754
0.387096774194,0.645161290323,3.42867219517,5.46782306062,6.68718661676,9.70495807342,13.2301541818
0.387096774194,0.774193548387,2.19812525256,3.52425813265,4.29613030984,6.2454944626,8.51864112303
0.387096774194,0.903225806452,1.52391916486,2.45296888401,2.98311544248,4.34202227961,5.92451932107
0.387096774194,1.03225806452,1.11673733805,1.80288392259,2.18866869072,3.18857103952,4.35180331157
0.387096774194,1.16129032258,0.852717816154,1.37979382405,1.67279039821,2.43869698579,3.32899965891
0.387096774194,1.29032258065,0.67205768721,1.08942971665,1.31937212254,1.92450610286,2.62747771064
0.387096774194,1.41935483871,0.54312247846,0.881706949976,1.06689865454,1.55691455723,2.12586135588
0.387096774194,1.54838709677,0.447941058359,0.728064616622,0.880372255524,1.28517725988,1.75498659818
0.387096774194,1.67741935484,0.375705852765,0.611271284814,0.738717733875,1.07870910849,1.47315702585
0.387096774194,1.8064516129,0.319603956449,0.520439049272,0.628638933797,0.918198314626,1.25403332133
0.387096774194,1.93548387097,0.27517306809,0.448417569303,0.541416107542,0.790970260287,1.08033130696
0.516129032258,-1.93548387097,0.195162756479,0.311412720904,0.372432788156,0.546783786038,0.747701013008
0.516129032258,-1.8064516129,0.221284078605,0.352283655146,0.421202849633,0.618468946977,0.845754081449
0.516129032258,-1.67741935484,0.253006831329,0.401741922203,0.480195416206,0.70519848219,0.96439079042
0.516129032258,-1.54838709677,0.292048091829,0.462364659853,0.552472076144,0.811484753135,1.10978587204
0.516129032258,-1.41935483871,0.34083593046,0.537773072722,0.642328666029,0.943659532102,1.29164339259
0.516129032258,-1.29032258065,0.402889639833,0.633177696161,0.755943006406,1.11083496482,1.52459828571
0.516129032258,-1.16129032258,0.483460522359,0.756289936036,0.902449090269,1.3264922594,1.82633357704
0.516129032258,-1.03225806452,0.5906647932,0.91890989294,1.09580947415,1.61124378565,2.22662381888
0.516129032258,-0.903225806452,0.737554972345,1.13980815873,1.35820154977,1.99786694057,2.7731192102
0.516129032258,-0.774193548387,0.946177777634,1.45026656792,1.73699902179,2.54094149322,3.54577536629
0.516129032258,-0.645161290323,1.25603250323,1.90545383382,2.30138782134,3.33665315501,4.68671190276
0.516129032258,-0.516129032258,1.74327492666,2.60971004752,3.18592461613,4.56676139456,6.46713705122
0.516129032258,-0.387096774194,2.56892424102,3.77852118292,4.67808388335,6.60627410338,9.45289133843
0.516129032258,-0.258064516129,4.11578318969,5.90958258533,7.45615879879,10.3809636992,14.9654718748
0.516129032258,-0.129032258065,7.43566836683,10.3236381196,13.3657371625,18.6974308857,26.5510793224
0.516129032258,0.0,15.8361798906,21.0250031627,28.1422929086,39.5212058895,55.0548550119
0.516129032258,0.129032258065,37.0224852896,47.3201640249,65.1193012496,91.5783333408,125.62368501
0.516129032258,0.258064516129,41.4940080498,57.6711440123,74.5773130008,104.252518295,148.089818173
0.516129032258,0.387096774194,16.6046747612,26.8892042195,32.5739538735,47.4732338009,64.7657393804
0.516129032258,0.516129032258,7.77342906201,12.4178338477,15.1694271276,22.0223846936,30.0190593566
0.516129032258,0.645161290323,4.25419188102,6.80765131675,8.30798259794,12.06939108,16.4574136361
0.516129032258,0.774193548387,2.63516549433,4.23231773614,5.15375390356,7.49603230884,10.2254604646
0.516129032258,0.903225806452,1.7796744602,2.86769883152,3.48522721819,5.07441424277,6.9242931804
0.516129032258,1.03225806452,1.27826146249,2.06519992655,2.50599043405,3.65164931298,4.98404656776
0.516129032258,1.16129032258,0.960874209125,1.55570633098,1.88540931596,2.7491264194,3.75289747869
0.516129032258,1.29032258065,0.747877701037,1.21291876518,1.46851286365,2.14234761974,2.9249840409
0.516129032258,1.41935483871,0.598262016318,0.971622226277,1.17541792706,1.71548210584,2.34244215756
0.516129032258,1.54838709677,0.489263307253,0.795518455682,0.961734919567,1.40410090967,1.91743369411
0.516129032258,1.67741935484,0.407454162785,0.663145365367,0.8012545769,1.1701415713,1.59806166082
0.516129032258,1.8064516129,0.344515139886,0.561173822732,0.6777250869,0.989983041697,1.35210361246
0.516129032258,1.93548387097,0.295073355543,0.480982011643,0.580640667745,0.848345277312,1.15872001968
0.645161290323,-1.93548387097,0.183331531738,0.293046403101,0.350535783864,0.514580074288,0.703643487988
0.645161290323,-1.8064516129,0.207027874694,0.33021087222,0.394894963183,0.57977211592,0.792810993446
0.645161290323,-1.67741935484,0.235616877701,0.374896932008,0.448210785568,0.658142944102,0.900009718401
0.645161290323,-1.54838709677,0.270537956393,0.429272393067,0.513059241737,0.753488097479,1.03043194424
0.645161290323,-1.41935483871,0.313799756871,0.496342223212,0.593006847928,0.87106463337,1.19127536264
0.645161290323,-1.29032258065,0.368270307982,0.580366836752,0.693107616296,1.01832440918,1.39489442413
0.645161290323,-1.16129032258,0.438154220506,0.687545965831,0.820706597135,1.20610414637,1.65696755153
0.645161290323,-1.03225806452,0.529815338216,0.827169246987,0.986802399816,1.45063858556,1.99977023211
0.645161290323,-0.903225806452,0.653231004387,1.01365601521,1.20843938081,1.77710652936,2.45980583732
0.645161290323,-0.774193548387,0.824740264185,1.27031066792,1.51533530014,2.22618281193,3.0964896185
0.645161290323,-0.645161290323,1.0725018674,1.63670530577,1.96719659638,2.8668786988,4.01145627078
0.645161290323,-0.516129032258,1.4481543464,2.18410550217,2.65027969526,3.8233685594,5.38937144101
0.645161290323,-0.387096774194,2.05386984135,3.05045861449,3.74741387414,5.33579641793,7.59122606454
0.645161290323,-0.258064516129,3.11142665939,4.5272937605,5.65284787892,7.91117546484,11.3883901474
0.645161290323,-0.129032258065,5.15689908503,7.29714756556,9.31142520896,12.9933178613,18.6076298417
0.645161290323,0.0,9.61299316241,13.1102332377,17.2059251328,24.1176218812,33.9807311941
0.645161290323,0.129032258065,19.7821993495,25.9625450178,35.0671138025,49.298653512,68.3427994963
0.645161290323,0.258064516129,32.0716042283,42.4966312373,57.0680152796,80.2679649663,111.692796036
0.645161290323,0.387096774194,20.6604409959,31.7685364124,37.9461838803,55.6625950017,77.4409542092
0.645161290323,0.516129032258,9.78412042235,15.8698256792,19.2102028061,28.0187216704,38.2421597631
0.645161290323,0.645161290323,5.26961366148,8.48735277502,10.3172247455,15.0177772628,20.4885359741
0.645161290323,0.774193548387,3.17127935198,5.1097558567,6.21017123684,9.04127586719,12.3364015529
0.645161290323,0.903225806452,2.0881455191,3.37106724974,4.09240539514,5.96178055542,8.13627968864
0.645161290323,1.03225806452,1.46960633806,2.37729482233,2.88257792443,4.20195138843,5.73566241079
0.645161290323,1.16129032258,1.0869449801,1.76141341023,2.13358118461,3.11182665718,4.24831272015
0.645161290323,1.29032258065,0.835031915849,1.35522362742,1.64013196363,2.39322124007,3.26767556045
0.645161290323,1.41935483871,0.660893999719,1.07396486095,1.29879248233,1.89586979341,2.58886632664
0.645161290323,1.54838709677,0.535723095239,0.87149118739,1.05328259163,1.53798363279,2.10034191651
0.645161290323,1.67741935484,0.442837852777,0.721045034494,0.870999142668,1.2721591519,1.7374448859
0.645161290323,1.8064516129,0.372067924252,0.60628772199,0.732048818695,1.06945885373,1.46069429239
0.645161290323,1.93548387097,0.316937902148,0.516801988723,0.623760355075,0.911440377877,1.24493343965
0.774193548387,-1.93548387097,0.172509173266,0.276200225091,0.33044589039,0.485038324263,0.66323133817
0.774193548387,-1.8064516129,0.194062483966,0.310078510692,0.370892155311,0.544472337982,0.7445197478
0.774193548387,-1.67741935484,0.21990503286,0.350568115616,0.419214294035,0.615492100063,0.841658765937
0.774193548387,-1.54838709677,0.251249773411,0.399500124259,0.477587499638,0.701303657859,0.959035694458
0.774193548387,-1.41935483871,0.289767571337,0.459382419335,0.548990652039,0.806294607101,1.10265507987
0.774193548387,-1.29032258065,0.337810815484,0.533722069076,0.63758336314,0.936600620505,1.28091418876
0.774193548387,-1.16129032258,0.398774383692,0.627538437117,0.749318500823,1.10099728976,1.50954767431
0.774193548387,-1.03225806452,0.477693226123,0.748216230259,0.892937672802,1.31239037386,1.80513770406
0.774193548387,-0.903225806452,0.582287939334,0.906953927143,1.08169139797,1.59034407672,2.19570317573
0.774193548387,-0.774193548387,0.7248475362,1.12137153574,1.33638596691,1.96561254338,2.72604647462
0.774193548387,-0.645161290323,0.92583577722,1.42038699808,1.69979916844,2.48864182553,3.47024699235
0.774193548387,-0.516129032258,1.22118203523,1.85391815934,2.23765297422,3.24643427653,4.55728541617
0.774193548387,-0.387096774194,1.67809740384,2.51343967389,3.06689591816,4.39829523523,6.22580936314
0.774193548387,-0.258064516129,2.43201675642,3.57879382235,4.42899132258,6.25709516519,8.95008547734
0.774193548387,-0.129032258065,3.77934838562,5.43219376539,6.84845085781,9.53330666798,13.7497525577
0.774193548387,0.0,6.41427360772,8.94059707928,11.5433221257,16.1435142783,22.962737645
0.774193548387,0.129032258065,11.8506475755,15.9539141196,21.1536874371,29.6989750669,41.6088959092
0.774193548387,0.258064516129,20.6797435315,27.4291143016,36.8197773332,51.8009104211,72.1088032924
0.774193548387,0.387096774194,21.4302743033,30.3169433272,38.8088311124,54.3040905857,77.6958069212
0.774193548387,0.516129032258,11.750011803,18.9911289442,22.746659474,33.3727009146,45.6270324133
0.774193548387,0.645161290323,6.41934577978,10.4428048719,12.6207790186,18.4272284809,25.1616881364
0.774193548387,0.774193548387,3.80979252061,6.17004967218,7.47626859664,10.9016059929,14.8811126169
0.774193548387,0.903225806452,2.45586963235,3.97635042028,4.81891327374,7.02640551127,9.59150871779
0.774193548387,1.03225806452,1.69522010821,2.74740641259,3.32771367403,4.85358766884,6.62614695934
0.774193548387,1.16129032258,1.23365691351,2.00179929992,2.42290818105,3.5352178583,4.82683286149
0.774193548387,1.29032258065,0.935193944467,1.51928733638,1.83764003972,2.68221752674,3.66255654725
0.774193548387,1.41935483871,0.732070649609,1.19056200168,1.43915114439,2.10125264978,2.86950324024
0.774193548387,1.54838709677,0.588001808354,0.957156174856,1.15639023896,1.68887169354,2.30652238977
0.774193548387,1.67741935484,0.482310076959,0.785749283376,0.948863005895,1.3861160326,1.89316385711
0.774193548387,1.8064516129,0.402572267898,0.656310576698,0.792232706654,1.15755127513,1.58107423964
0.774193548387,1.93548387097,0.340984277978,0.556249636359,0.671211107714,0.980902166669,1.33985621906
0.903225806452,-1.93548387097,0.162588289087,0.260717454437,0.31197592878,0.457884763039,0.626086767236
0.903225806452,-1.8064516129,0.182241941045,0.291673363874,0.348942640438,0.512198228152,0.700369662198
0.903225806452,-1.67741935484,0.205669631577,0.328460547111,0.392856841741,0.576731449561,0.788633831156
0.903225806452,-1.54838709677,0.233897248521,0.372632508568,0.44556570302,0.65420446757,0.894600753309
0.903225806452,-1.41935483871,0.268323194698,0.42629253315,0.509567938604,0.748298889223,1.02330865176
0.903225806452,-1.29032258065,0.310889542434,0.492344781587,0.588310333462,0.864094509017,1.18171204037
0.903225806452,-1.16129032258,0.364356122688,0.574883759419,0.686649461884,1.00875363323,1.38053111613
0.903225806452,-1.03225806452,0.432745368419,0.679829027506,0.811595852409,1.19262220397,1.63703484793
0.903225806452,-0.903225806452,0.522094495615,0.815974305449,0.973557589489,1.43106391342,1.97121569953
0.903225806452,-0.774193548387,0.641776588043,0.996814643436,1.18848318935,1.7476414671,2.41731689851
0.903225806452,-0.645161290323,0.806924206571,1.24384675731,1.48275506436,2.17986561077,3.03027861079
0.903225806452,-0.516129032258,1.04311250771,1.59281867415,1.91344877562,2.7900631541,3.90223124243
0.903225806452,-0.387096774194,1.39594265304,2.10625518341,2.55490802168,3.68715016039,5.19581579737
0.903225806452,-0.258064516129,1.95180216863,2.89991065742,3.56155061823,5.07258983053,7.21539445192
0.903225806452,-0.129032258065,2.88532410451,4.20155716868,5.24352396285,7.34253490324,10.5666825311
0.903225806452,0.0,4.56792266114,6.48148797701,8.2555565548,11.5183603091,16.5144783086
0.903225806452,0.129032258065,7.75681607019,10.6759837113,13.924715116,19.5124078569,27.597530748
0.903225806452,0.258064516129,13.2499993085,17.8245242549,23.6781951954,33.2821224137,46.603740785
0.903225806452,0.387096774194,17.5887196734,24.1551002163,31.6594392111,44.4988547375,62.8355847197
0.903225806452,0.516129032258,13.4815253641,20.2081733355,24.7366703562,35.4082609784,50.3598233488
0.903225806452,0.645161290323,7.5155698681,12.3759643318,14.8551840243,21.7744366497,29.7670216343
0.903225806452,0.774193548387,4.5260304277,7.38285698548,8.90945365267,13.0204179712,17.7849090597
0.903225806452,0.903225806452,2.88361051041,4.68854238678,5.66836359562,8.27570643831,11.3010539896
0.903225806452,1.03225806452,1.95834138075,3.18228105124,3.84858147062,5.61787675254,7.67131191162
0.903225806452,1.16129032258,1.40353766862,2.28160319523,2.75870655562,4.02741690351,5.49971595198
0.903225806452,1.29032258065,1.05005454184,1.70816296002,2.06452469825,3.01460861324,4.11689960265
0.903225806452,1.41935483871,0.81289322235,1.32336815102,1.59875316844,2.33501805743,3.18901219913
0.903225806452,1.54838709677,0.646826071842,1.05378755133,1.27253955291,1.85897456132,2.53901062941
0.903225806452,1.67741935484,0.526359990633,0.858106098226,1.03583789672,1.51349116505,2.06725275886
0.903225806452,1.8064516129,0.436364678704,0.711822476158,0.858957221522,1.25526953728,1.71463134766
0.903225806452,1.93548387097,0.367447449375,0.599728962168,0.72346838588,1.05743585038,1.44446118978
1.03225806452,-1.93548387097,0.153474743518,0.246459971045,0.294963288599,0.432878052202,0.591880399598
1.03225806452,-1.8064516129,0.171439695713,0.274810984527,0.328826277618,0.482625220046,0.659917119324
1.03225806452,-1.67741935484,0.19273652511,0.308321341873,0.368838552784,0.541416983894,0.740325764478
1.03225806452,-1.54838709677,0.218237523854,0.348314978476,0.416574007153,0.611570137447,0.836276632591
1.03225806452,-1.41935483871,0.249118361101,0.396565599042,0.474139695285,0.696188525661,0.952020284112
1.03225806452,-1.29032258065,0.286991953542,0.455490602614,0.544407262056,0.79950507962,1.09334697537
1.03225806452,-1.16129032258,0.334119099215,0.528454964796,0.631366480702,0.927402807201,1.26830898789
1.03225806452,-1.03225806452,0.393739110678,0.620240372181,0.740686806208,1.08824221597,1.4909493052
1.03225806452,-0.903225806452,0.470623419564,0.737821328519,0.880623461047,1.2942124432,1.77893797434
1.03225806452,-0.774193548387,0.572009610679,0.891663158962,1.0635491852,1.56358702085,2.1575166836
1.03225806452,-0.645161290323,0.709266226047,1.09798913534,1.30861799465,1.92468588463,2.66806579783
1.03225806452,-0.516129032258,0.900975143312,1.38291476745,1.65431381389,2.42305327234,3.37773581421
1.03225806452,-0.387096774194,1.17891166804,1.79030142974,2.16039716028,3.13511550566,4.40033220824
1.03225806452,-0.258064516129,1.60022989753,2.39735850045,2.92495579372,4.1953168133,5.93830372837
1.03225806452,-0.129032258065,2.27320171765,3.34675393647,4.14088323375,5.85188031241,8.36991239485
1.03225806452,0.0,3.4111176662,4.91191297675,6.18570065431,8.61076206062,12.4284940055
1.03225806452,0.129032258065,5.42287308369,7.6045326132,9.77938327002,13.674106113,19.4995303879
1.03225806452,0.258064516129,8.8549080159,12.117627787,15.8915437853,22.3035547453,31.4596370936
1.03225806452,0.387096774194,12.9355721798,17.6838990724,23.2565759955,32.7015114579,46.0878357268
1.03225806452,0.516129032258,13.0621594868,18.7507160218,23.7938650896,33.3060839302,47.9397508926
1.03225806452,0.645161290323,8.81305897075,13.7007662677,16.3431656007,24.0515400998,33.4589403341
1.03225806452,0.774193548387,5.24301022249,8.62803893984,10.3629467726,15.1868132184,20.7621175643
1.03225806452,0.903225806452,3.35905503896,5.49176879165,6.61918195121,9.68064111677,13.2265217776
1.03225806452,1.03225806452,2.25893369728,3.683746349,4.44621083975,6.49744270673,8.87526862508
1.03225806452,1.16129032258,1.59826865031,2.60442134551,3.14476917943,4.59446988568,6.27543824759
1.03225806452,1.29032258065,1.18110108849,1.92468003115,2.32394442228,3.39524188146,4.63743418196
1.03225806452,1.41935483871,0.904439337659,1.47434576401,1.77983369844,2.60054994496,3.55207462072
1.03225806452,1.54838709677,0.712940222442,1.16270995866,1.40325456135,2.05059013012,2.80098082986
1.03225806452,1.67741935484,0.57549957438,0.93901726741,1.13296687389,1.65584813323,2.2618647536
1.03225806452,1.8064516129,0.473799914494,0.773445371489,0.932944039413,1.36369453652,1.86285358817
1.03225806452,1.93548387097,0.396579642536,0.647676868353,0.781040921077,1.14180374031,1.55979064283
1.16129032258,-1.93548387097,0.145085951076,0.233306261347,0.279263567228,0.409804450022,0.56032075599
1.16129032258,-1.8064516129,0.161545732288,0.259328661222,0.310351557579,0.455469938759,0.622772721314
1.16129032258,-1.67741935484,0.180956454936,0.289930087575,0.346898550237,0.509163411752,0.696207256177
1.16129032258,-1.54838709677,0.204063035713,0.326243646924,0.390251762292,0.572868486559,0.783337151441
1.16129032258,-1.41935483871,0.231859246419,0.369771721989,0.442196776164,0.649215308001,0.887761819173
1.16129032258,-1.29032258065,0.265692387774,0.422539328846,0.505138507621,0.741746748329,1.01433187006
1.16129032258,-1.16129032258,0.307426050661,0.4873271151,0.582377285242,0.855328418157,1.16970458514
1.16129032258,-1.03225806452,0.359691230545,0.568030220642,0.678530527716,0.996771552128,1.36326342079
1.16129032258,-0.903225806452,0.426293267616,0.670229482703,0.800208406471,1.17583003696,1.61308386737
1.16129032258,-0.774193548387,0.512887647266,0.802132173632,0.957117579316,1.40683906859,1.93695623719
1.16129032258,-0.645161290323,0.628138406958,0.976156092976,1.16392549207,1.71148071284,2.36649984073
1.16129032258,-0.516129032258,0.785792000281,1.21171755483,1.44407422904,2.12362234944,2.95153046333
1.16129032258,-0.387096774194,1.00851830918,1.54029418076,1.85018033866,2.69814089271,3.77355058501
1.16129032258,-0.258064516129,1.33531976477,2.01497310146,2.44428296297,3.52749595923,4.97137802865
1.16129032258,-0.129032258065,1.83620081049,2.72883043951,3.35144172445,4.77371102273,6.79115659063
1.16129032258,0.0,2.64071377823,3.84979438238,4.80180392173,6.7290133882,9.6820334669
1.16129032258,0.129032258065,3.98422023814,5.67577248444,7.21142530952,10.0612726366,14.4491689007
1.16129032258,0.258064516129,6.2083663966,8.63835578897,11.18611889,15.6704553603,22.2645604908
1.16129032258,0.387096774194,9.26748742105,12.7497069772,16.6826306189,23.4373185687,33.1233022845
1.16129032258,0.516129032258,11.1044035264,15.62731085,20.1458469159,28.291123518,40.3596288155
1.16129032258,0.645161290323,9.2847289702,13.8427157687,17.0633327662,24.2723392066,34.7676063975
1.16129032258,0.774193548387,6.09412241884,9.66473278352,11.5547718453,16.9843592656,23.3231526774
1.16129032258,0.903225806452,3.84696393137,6.33089247276,7.60408500358,11.1445965925,15.2371633785
1.16129032258,1.03225806452,2.5902986874,4.24285001175,5.10873090005,7.47614231999,10.2166544759
1.16129032258,1.16129032258,1.81758803503,2.97084273077,3.58120558752,5.23714771606,7.15535894613
1.16129032258,1.29032258065,1.32923796292,2.17082793401,2.61798288284,3.82746720207,5.2288790247
1.16129032258,1.41935483871,1.0076142754,1.64523614604,1.98432623467,2.90083479342,3.96284004062
1.16129032258,1.54838709677,0.787045108337,1.28521696104,1.55000253835,2.26594581995,3.09550987006
1.16129032258,1.67741935484,0.630237915431,1.02940081067,1.24130678817,1.81477361017,2.47919054791
1.16129032258,1.8064516129,0.515244768361,0.841827111204,1.01494445244,1.48395373322,2.02728895758
1.16129032258,1.93548387097,0.428643573937,0.700554981356,0.844466767154,1.23480575337,1.68695034308
1.29032258065,-1.93548387097,0.137349301515,0.221148955013,0.264749517028,0.388476080902,0.531149093632
1.29032258065,-1.8064516129,0.152463384113,0.245084074407,0.293349678556,0.430483099374,0.588596594092
1.29032258065,-1.67741935484,0.170199585307,0.273095896283,0.326810663968,0.479637701419,0.655821139749
1.29032258065,-1.54838709677,0.191196397036,0.306157406148,0.366290039164,0.537643457233,0.735154557142
1.29032258065,-1.41935483871,0.216297459234,0.345546921829,0.41330743769,0.60673915522,0.829658799492
1.29032258065,-1.29032258065,0.246634835991,0.392969273196,0.46988824561,0.689908347027,0.943419688146
1.29032258065,-1.16129032258,0.283754444551,0.450737899883,0.5387783349,0.791198293954,1.08197402361
1.29032258065,-1.03225806452,0.32980921469,0.522047113254,0.623766641799,0.916196255413,1.25297028794
1.29032258065,-0.903225806452,0.387861398087,0.611402209252,0.730190458102,1.07277944447,1.46908977612
1.29032258065,-0.774193548387,0.462376605049,0.725306433122,0.865743988158,1.2723066848,1.74820486517
1.29032258065,-0.645161290323,0.560045927537,0.873385607286,1.04180231551,1.53158831574,2.1128757647
1.29032258065,-0.516129032258,0.69120494637,1.07030499497,1.27566741062,1.87621571515,2.60066383417
1.29032258065,-0.387096774194,0.872364991999,1.33911821728,1.60195703469,2.34639178422,3.27113151537
1.29032258065,-0.258064516129,1.1308656511,1.71728137997,2.07263518284,3.00737478566,4.2220067648
1.29032258065,-0.129032258065,1.51358109143,2.26763292164,2.76720754696,3.96859972584,5.61903588049
1.29032258065,0.0,2.10288196301,3.09799485356,3.83246631758,5.41775898636,7.74988119787
1.29032258065,0.129032258065,3.04158854916,4.39107549352,5.52178942029,7.68745425221,11.1073191724
1.29032258065,0.258064516129,4.54269314941,6.4168355683,8.21346206705,11.4829989629,16.4248408017
1.29032258065,0.387096774194,6.71513482081,9.337381361,12.1155014364,16.9966861158,24.1340880737
1.29032258065,0.516129032258,8.78345636413,12.2886500462,15.9090258895,22.3518654519,31.8067610436
1.29032258065,0.645161290323,8.78077716961,12.7566112848,16.0693493565,22.4951988466,32.5397510047
1.29032258065,0.774193548387,6.65749189789,10.1918598605,12.3014411042,17.8932603454,25.2379996451
1.29032258065,0.903225806452,4.42893013226,7.09642073662,8.49402930623,12.4778139799,17.0741418926
1.29032258065,1.03225806452,2.93466264653,4.8316570425,5.80213804597,8.50513760072,11.6294277155
1.29032258065,1.16129032258,2.05759812333,3.37550310185,4.06103054064,5.9458822508,8.12679949881
1.29032258065,1.29032258065,1.49417100388,2.44670365851,2.9464315078,4.31133135096,5.89149769471
1.29032258065,1.41935483871,1.12291692401,1.83717536345,2.2134129132,3.23779247884,4.42402814006
1.29032258065,1.54838709677,0.869707377464,1.42240731349,1.71400528994,2.50693309818,3.42523702531
1.29032258065,1.67741935484,0.691044078343,1.1301230867,1.36183771036,1.99176769475,2.72131117799
1.29032258065,1.8064516129,0.561055551304,0.917611239909,1.105695434,1.61716039118,2.20948174003
1.29032258065,1.93548387097,0.463903653493,0.758834944899,0.914288847153,1.33726207941,1.82707070487
1.41935483871,-1.93548387097,0.130200765539,0.209892398678,0.251308088554,0.368726572096,0.50413827748
1.41935483871,-1.8064516129,0.144108960138,0.231952535303,0.277672441792,0.407446186624,0.557089082802
1.41935483871,-1.67741935484,0.160353645473,0.257652275215,0.308377181905,0.452547443906,0.618768792386
1.41935483871,-1.54838709677,0.179485061614,0.287830484193,0.344420933081,0.505499896218,0.691189175554
1.41935483871,-1.41935483871,0.202222412316,0.323579758554,0.387102646798,0.568216833759,0.776967494788
1.41935483871,-1.29032258065,0.229521602463,0.366342956373,0.438137107385,0.643224485231,0.879560104037
1.41935483871,-1.16129032258,0.262673304488,0.418054855346,0.499820803729,0.733906780307,1.00360077031
1.41935483871,-1.03225806452,0.303450598053,0.481353598442,0.575284480805,0.844879380088,1.15540722858
1.41935483871,-0.903225806452,0.354339168135,0.559906216025,0.668872690103,0.982554399738,1.34375382178
1.41935483871,-0.774193548387,0.418900187026,0.658913483235,0.786742493353,1.15601854954,1.58549042272
1.41935483871,-0.645161290323,0.502362137022,0.785925076534,0.937817930514,1.37846044466,1.89762919915
1.41935483871,-0.516129032258,0.612612283285,0.952179076407,1.13536448459,1.66949449519,2.30847669614
1.41935483871,-0.387096774194,0.761898805842,1.17486052802,1.40032060494,2.05909528158,2.8623521553
1.41935483871,-0.258064516129,0.969837964443,1.4810026793,1.77945639351,2.59438997001,3.62965269793
1.41935483871,-0.129032258065,1.26876553679,1.91428007581,2.32293704403,3.35145411635,4.72529713982
1.41935483871,0.0,1.71307152377,2.54651947176,3.1279592631,4.45538254234,6.34044854684
1.41935483871,0.129032258065,2.3933408816,3.49473194544,4.35575316157,6.11004947905,8.79002268109
1.41935483871,0.258064516129,3.44511677339,4.9317456447,6.24751623446,8.71666149853,12.5433553803
1.41935483871,0.387096774194,4.98466037609,7.01396499033,9.01600396919,12.6267919714,18.0244801859
1.41935483871,0.516129032258,6.76114216479,9.478802829,12.2458940949,17.1931591415,24.4907976365
1.41935483871,0.645161290323,7.64571151084,10.9525279867,13.9514033707,19.5768576982,28.1381309017
1.41935483871,0.774193548387,6.71894127302,10.0269636356,12.3752475505,17.595291768,25.2626290249
1.41935483871,0.903225806452,4.90439313168,7.63591304269,9.11227709212,13.4163743828,18.7219134546
1.41935483871,1.03225806452,3.35068557609,5.39585608043,6.46219598815,9.49023258988,12.9852614993
1.41935483871,1.16129032258,2.30862206581,3.80312065875,4.56569323401,6.69402385985,9.1537624027
1.41935483871,1.29032258065,1.67351205548,2.7489368262,3.30496365171,4.84088387901,6.61739485307
1.41935483871,1.41935483871,1.25007905749,2.05006818081,2.46679129759,3.61119992468,4.93547648019
1.41935483871,1.54838709677,0.961204857812,1.57494597155,1.89594283605,2.77467143179,3.7917666235
1.41935483871,1.67741935484,0.758279331666,1.2418960704,1.4953470086,2.18805753355,2.98993620648
1.41935483871,1.8064516129,0.611549582935,1.00139279484,1.20587143675,1.76434488763,2.41086107191
1.41935483871,1.93548387097,0.502613348017,0.822976267884,0.991035033946,1.4499714319,1.98125616703
1.54838709677,-1.93548387097,0.123583810999,0.199452785079,0.238838962945,0.350408367061,0.479085329148
1.54838709677,-1.8064516129,0.136408216005,0.219823995674,0.263189443569,0.386166944994,0.527985918168
1.54838709677,-1.67741935484,0.151321102338,0.243453663705,0.291425955586,0.427639354685,0.584701564867
1.54838709677,-1.54838709677,0.16879754816,0.271067712625,0.324413732768,0.476097389389,0.650973613009
1.54838709677,-1.41935483871,0.18945382272,0.30360388776,0.36326709183,0.533182674498,0.729048611686
1.54838709677,-1.29032258065,0.214101172548,0.342288533314,0.409444445625,0.601044454213,0.82186512331
1.54838709677,-1.16129032258,0.243822993811,0.388749390429,0.46487869599,0.682528648261,0.933322162721
1.54838709677,-1.03225806452,0.280089678788,0.445179557438,0.532171416848,0.781472579128,1.06866957445
1.54838709677,-0.903225806452,0.324934264457,0.514584468878,0.614886030615,0.903132864571,1.23510437402
1.54838709677,-0.774193548387,0.381222490246,0.601162029091,0.717994196932,1.05484696632,1.44427799909
1.54838709677,-0.645161290323,0.453085650687,0.710897232051,0.848572467271,1.2470696863,1.71344341367
1.54838709677,-0.516129032258,0.546622886985,0.852512164605,1.01692042401,1.49502987683,2.06264228021
1.54838709677,-0.387096774194,0.671069716777,1.03902409893,1.23838516207,1.82144069863,2.52539270652
1.54838709677,-0.258064516129,0.840790028005,1.29033786347,1.5441731352,2.26100845239,3.15342098547
1.54838709677,-0.129032258065,1.07867174752,1.63756851944,1.97734826415,2.8679590425,4.02843798959
1.54838709677,0.0,1.42180117523,2.13008352236,2.60029261112,3.72830253272,5.28151949862
1.54838709677,0.129032258065,1.92980256364,2.84559195395,3.51944295627,4.97746272213,7.12135228277
1.54838709677,0.258064516129,2.69125570038,3.89781894727,4.89276504579,6.81412833894,9.85644384941
1.54838709677,0.387096774194,3.79915754998,5.40876293344,6.88870264952,9.62975760563,13.8191586234
1.54838709677,0.516129032258,5.1969121392,7.33152114761,9.42155422424,13.2111804862,18.8730316652
1.54838709677,0.645161290323,6.32943392096,9.01453324977,11.5299846101,16.1863125442,23.2068744224
1.54838709677,0.774193548387,6.30082827171,9.24477614763,11.5741387916,16.2175754082,23.5324863994
1.54838709677,0.903225806452,5.13210636656,7.81173688549,9.49143360874,13.7202805279,19.4781593332
1.54838709677,1.03225806452,3.72216952111,5.85590644154,6.99615137471,10.2935585283,14.2635464727
1.54838709677,1.16129032258,2.61759755029,4.22471051082,5.06086787305,7.43129952211,10.1678169671
1.54838709677,1.29032258065,1.86795608993,3.06862919888,3.68280453518,5.40063914734,7.38565730718
1.54838709677,1.41935483871,1.38757161937,2.28170983844,2.74166834353,4.01718991927,5.49203786845
1.54838709677,1.54838709677,1.06131627743,1.74267282171,2.09551393982,3.06887139615,4.19478130688
1.54838709677,1.67741935484,0.832101078718,1.36511193579,1.6422322715,2.40430659158,3.28602715456
1.54838709677,1.8064516129,0.666963763319,1.09364269308,1.31598524983,1.92631424629,2.63255926976
1.54838709677,1.93548387097,0.544992182601,0.893394207681,1.07517124506,1.57364762381,2.15050054957
1.67741935484,-1.93548387097,0.117448066627,0.189754412086,0.227253165396,0.333389834199,0.455810763909
1.67741935484,-1.8064516129,0.12929637315,0.20860138454,0.249784956397,0.366475112191,0.501054702322
1.67741935484,-1.67741935484,0.143016496712,0.230372931236,0.275805785991,0.404689589819,0.553314590216
1.67741935484,-1.54838709677,0.15902032841,0.255699971879,0.306066625219,0.449137834576,0.614102373023
1.67741935484,-1.41935483871,0.177837959212,0.285390300351,0.341528682754,0.50123583051,0.685353711558
1.67741935484,-1.29032258065,0.200161501395,0.320491178292,0.383436934905,0.56281681905,0.769578669103
1.67741935484,-1.16129032258,0.226904656499,0.362379077166,0.433426116758,0.636289447948,0.870075092624
1.67741935484,-1.03225806452,0.259294929586,0.41288736259,0.493672770071,0.724862227684,0.991233327027
1.67741935484,-0.903225806452,0.299006377858,0.474497939129,0.567119441431,0.832875533129,1.13899483742
1.67741935484,-0.774193548387,0.348365696488,0.550627122699,0.657812561828,0.966301959689,1.3215379467
1.67741935484,-0.645161290323,0.410669908188,0.646064971712,0.77141895113,1.13351126989,1.5546588105
1.67741935484,-0.516129032258,0.490692391013,0.767661507626,0.916032224542,1.34646632584,1.85390176558
1.67741935484,-0.387096774194,0.595501416299,0.925420647959,1.1034506167,1.62262654264,2.2444152778
1.67741935484,-0.258064516129,0.735806336417,1.13425590199,1.35252280806,1.98800670763,2.76489051446
1.67741935484,-0.129032258065,0.928173548972,1.41682583609,1.70330530571,2.48210548962,3.47471547506
1.67741935484,0.0,1.19859001438,1.80797112959,2.19509544383,3.16564490467,4.46620660687
1.67741935484,0.129032258065,1.58756868234,2.36091941392,2.90040251377,4.1314149949,5.88199831114
1.67741935484,0.258064516129,2.15457840168,3.15257389946,3.92550394677,5.51373477507,7.93036950605
1.67741935484,0.387096774194,2.96853592973,4.27265983915,5.39480320994,7.52728752123,10.8561359908
1.67741935484,0.516129032258,4.03808876277,5.74360906777,7.3312677841,10.2643583758,14.7185170121
1.67741935484,0.645161290323,5.11504179167,7.28359082448,9.31164659981,13.06493792,18.7328473391
1.67741935484,0.774193548387,5.58386304103,8.10779631292,10.2344328009,14.351620947,20.7466318647
1.67741935484,0.903225806452,5.06229039809,7.57840731857,9.34474528736,13.3079854403,19.1161015825
1.67741935484,1.03225806452,3.96997854144,6.12586532516,7.36014856058,10.7652739009,15.1531451585
1.67741935484,1.16129032258,2.90339742114,4.59684360502,5.49572125003,8.08241436473,11.1491575581
1.67741935484,1.29032258065,2.09849908102,3.38934134297,4.06048053285,5.96209678567,8.1575436409
1.67741935484,1.41935483871,1.54225211949,2.52665911604,3.03146765594,4.44631324928,6.08096367932
1.67741935484,1.54838709677,1.16902071722,1.92409928657,2.31085053405,3.38692519866,4.63082176712
1.67741935484,1.67741935484,0.912327045574,1.49960756391,1.80223010891,2.64022366289,3.60924134822
1.67741935484,1.8064516129,0.727384523963,1.19459188488,1.43627516056,2.10347154115,2.87516008247
1.67741935484,1.93548387097,0.5911969688,0.970401329308,1.1670431837,1.7088383632,2.33557291752
1.8064516129,-1.93548387097,0.111749107958,0.180730836405,0.216471418413,0.317553549417,0.43415423129
1.8064516129,-1.8064516129,0.122716174456,0.198198754238,0.237357346738,0.348220260845,0.476089914751
1.8064516129,-1.67741935484,0.135365137033,0.218298327605,0.261383821175,0.383503033842,0.52433979444
1.8064516129,-1.54838709677,0.150054617612,0.241579570829,0.289205066639,0.424364737068,0.58022077851
1.8064516129,-1.41935483871,0.167242473043,0.268740892305,0.321652387543,0.472029466867,0.645409096935
1.8064516129,-1.29032258065,0.187521264814,0.300680989705,0.359794607879,0.52807060617,0.722056512294
1.8064516129,-1.16129032258,0.211666401455,0.338569396971,0.405020294601,0.594535841955,0.812964690771
1.8064516129,-1.03225806452,0.240707433049,0.38394752111,0.459160606075,0.674122210644,0.92182801292
1.8064516129,-0.903225806452,0.276033673015,0.438878513483,0.52466133281,0.770437159973,1.05358374731
1.8064516129,-0.774193548387,0.319547877745,0.506162712664,0.604841501156,0.888380843381,1.21493948466
1.8064516129,-0.645161290323,0.373906139455,0.589670682614,0.704280400248,1.03471247942,1.41683805691
1.8064516129,-0.516129032258,0.442886013439,0.694839441349,0.829405261712,1.21893500208,1.67517821486
1.8064516129,-0.387096774194,0.531969338912,0.829456380383,0.98940378699,1.45463982191,2.00770467305
1.8064516129,-0.258064516129,0.649269634554,1.00487352211,1.19764772888,1.76163515973,2.44382252006
1.8064516129,-0.129032258065,0.807016466254,1.23790673693,1.48237792979,2.16924590049,3.02752428135
1.8064516129,0.0,1.02385528197,1.55371812775,1.87733524695,2.72133986207,3.82535115174
1.8064516129,0.129032258065,1.32807582555,1.98975608576,2.42998477186,3.48321823272,4.93744045016
1.8064516129,0.258064516129,1.7606281798,2.59934359617,3.21369384634,4.54800262751,6.50796632324
1.8064516129,0.387096774194,2.37151187391,3.4475226752,4.31855186949,6.02986290669,8.71440669236
1.8064516129,0.516129032258,3.18724464964,4.57356121742,5.79591088351,8.10119653922,11.6639806457
1.8064516129,0.645161290323,4.10668589841,5.86754102679,7.47687239732,10.4793400553,15.0507020957
1.8064516129,0.774193548387,4.7678897695,6.88634672626,8.72477101616,12.239356785,17.6527076319
1.8064516129,0.903225806452,4.73778126455,7.00916477176,8.7297822865,12.3057505604,17.8086120799
1.8064516129,1.03225806452,4.04464716201,6.14784215119,7.49016845085,10.803135691,15.3855953548
1.8064516129,1.16129032258,3.12581467508,4.86789907533,5.81011738728,8.55744280065,11.9707101713
1.8064516129,1.29032258065,2.31933392495,3.68623325957,4.40886341756,6.48220875076,8.91607317675
1.8064516129,1.41935483871,1.71835826505,2.77509306751,3.32456286351,4.88155679595,6.67913774619
1.8064516129,1.54838709677,1.29471046576,2.11574845347,2.53776387421,3.72281327196,5.091765796
1.8064516129,1.67741935484,0.998257233078,1.64434106216,1.9740436408,2.8940008399,3.95718129289
1.8064516129,1.8064516129,0.792666280163,1.30408945948,1.56651115173,2.2955479938,3.13833966592
1.8064516129,1.93548387097,0.641274190121,1.0541403501,1.26678784518,1.8557831493,2.5368269031
1.93548387097,-1.93548387097,0.106447307027,0.172322193623,0.206422326068,0.302795435,0.413972341551
1.93548387097,-1.8064516129,0.1166169308,0.188539667231,0.225815909128,0.331268967259,0.452908649574
1.93548387097,-1.67741935484,0.128301637492,0.207131242345,0.248042910075,0.363906701545,0.497540739232
1.93548387097,-1.54838709677,0.14181473941,0.228577374939,0.273675603601,0.401550943413,0.549021383526
1.93548387097,-1.41935483871,0.157553046995,0.253484830942,0.303435267197,0.445264567749,0.608804029847
1.93548387097,-1.29032258065,0.176026272333,0.282627405837,0.338242923671,0.496402264426,0.678743747748
1.93548387097,-1.16129032258,0.197895304465,0.317003443403,0.379284878425,0.556712129793,0.76123272586
1.93548387097,-1.03225806452,0.224029478627,0.357916630492,0.428108320777,0.628474750086,0.859393078295
1.93548387097,-0.903225806452,0.255587494053,0.407091012936,0.486759280555,0.714708420819,0.977355052016
1.93548387097,-0.774193548387,0.294137741728,0.466840554861,0.557980592694,0.819458855478,1.12065968572
1.93548387097,-0.645161290323,0.34183865119,0.540317025813,0.645502044526,0.948234928661,1.29684928168
1.93548387097,-0.516129032258,0.401710011623,0.631880808109,0.754479189782,1.10865488025,1.52100593229
1.93548387097,-0.387096774194,0.478053766803,0.747663963446,0.892151297295,1.31142728594,1.80645590419
1.93548387097,-0.258064516129,0.577107952642,0.896429602853,1.06884501509,1.57184609415,2.1754817357
1.93548387097,-0.129032258065,0.708057174838,1.09087094452,1.30170447277,1.91205360031,2.66123734373
1.93548387097,0.0,0.884561175635,1.34953178371,1.62362999809,2.36438954229,3.31266224475
1.93548387097,0.129032258065,1.12684905229,1.69937133523,2.06449433804,2.97587554538,4.20171388721
1.93548387097,0.258064516129,1.4637773575,2.17822083717,2.67610340324,3.81258440709,5.43048364362
1.93548387097,0.387096774194,1.93159151722,2.83332986309,3.5237589027,4.95735891235,7.1277985803
1.93548387097,0.516129032258,2.55825270203,3.70321085891,4.65967703181,6.5018574411,9.39936240582
1.93548387097,0.645161290323,3.30887678395,4.7535629826,6.02830799092,8.4376259692,12.1499205642
1.93548387097,0.774193548387,3.98860376559,5.753052723,7.29167982258,10.2245104545,14.7402337888
1.93548387097,0.903225806452,4.25608852436,6.24621254712,7.82842047319,10.9715829449,15.9328568771
1.93548387097,1.03225806452,3.93972227879,5.92042627369,7.2876014244,10.4029280144,14.9380789612
1.93548387097,1.16129032258,3.24875898161,4.99263011345,6.02799226638,8.77677196279,12.4146779699
1.93548387097,1.29032258065,2.50681126122,3.92814812861,4.69155150623,6.90672646118,9.61846001067
1.93548387097,1.41935483871,1.89090547437,3.01217956527,3.60353586706,5.29723974539,7.27291550042
1.93548387097,1.54838709677,1.43206037811,2.31149747554,2.76900615783,4.0659397173,5.56322924006
1.93548387097,1.67741935484,1.10221342216,1.79701473521,2.1549116766,3.16166338827,4.32449164775
1.93548387097,1.8064516129,0.865406862159,1.42139104468,1.70577925866,2.50125854122,3.42039656134
1.93548387097,1.93548387097,0.695107449309,1.14447319783,1.37421637231,2.01424794087,2.75397498241
