-3.87096774194,-3.87096774194,0.645625376496,0.826842069343,1.12072699822,1.61508519931,2.18686643398
-3.87096774194,-3.61290322581,0.618355584601,0.805222346322,1.09536310888,1.56030308978,2.12838966605
-3.87096774194,-3.35483870968,0.590656362767,0.777486075567,1.05982579534,1.4985428282,2.05260619872
-3.87096774194,-3.09677419355,0.563090422625,0.746279771956,1.01853358708,1.4335055502,1.96820749284
-3.87096774194,-2.83870967742,0.536068403521,0.713373364828,0.974327737774,1.3675641879,1.88026299879
-3.87096774194,-2.58064516129,0.509882846206,0.679960994646,0.9290712025,1.30226815622,1.79185772621
-3.87096774194,-2.32258064516,0.484730404872,0.646848589578,0.883996537972,1.23862893737,1.7049046734
-3.87096774194,-2.06451612903,0.460732057689,0.614570390027,0.839915741855,1.17729318651,1.62058802745
-3.87096774194,-1.8064516129,0.437953691521,0.58347080706,0.797345962812,1.11864928786,1.53962343768
-3.87096774194,-1.54838709677,0.416415457994,0.553759501301,0.75660690631,1.06290647874,1.4624182804
-3.87096774194,-1.29032258065,0.396107929906,0.525549202027,0.717874528911,1.01015227379,1.38916440435
-3.87096774194,-1.03225806452,0.377000389382,0.498886007492,0.681230427977,0.960380900517,1.31991422027
-3.87096774194,-0.774193548387,0.359045449666,0.473769361375,0.646684624853,0.913531191989,1.25462386737
-3.87096774194,-0.516129032258,0.34218891556,0.450167158483,0.614202792251,0.869501001186,1.19318960273
-3.87096774194,-0.258064516129,0.326370221949,0.428025553407,0.583718675664,0.828163788018,1.13546081977
-3.87096774194,0.0,0.311528061725,0.40727793703,0.555146973125,0.789382092846,1.08126743541
-3.87096774194,0.258064516129,0.297599862822,0.387850974275,0.528391579629,0.753006936085,1.03042373282
-3.87096774194,0.516129032258,0.284519652441,0.369666760203,0.503349179953,0.718893981305,0.982738881068
-3.87096774194,0.774193548387,0.272241610313,0.352647377994,0.479914434015,0.686895236127,0.938022129082
-3.87096774194,1.03225806452,0.260704006887,0.336715320157,0.457984414596,0.656870867424,0.896084228613
-3.87096774194,1.29032258065,0.249855534056,0.32179631376,0.437453948402,0.628685989246,0.85674430268
-3.87096774194,1.54838709677,0.239646742301,0.307819021097,0.418231936081,0.602213943864,0.819827861023
-3.87096774194,1.8064516129,0.230032775159,0.294716687042,0.400223123368,0.577333944876,0.785169414388
-3.87096774194,2.06451612903,0.220971340013,0.282424852955,0.383339893379,0.553933592176,0.752612931036
-3.87096774194,2.32258064516,0.212423447171,0.270884975501,0.367501061467,0.531907339262,0.722010915084
-3.87096774194,2.58064516129,0.204353058896,0.26004196663,0.352629437192,0.511158416736,0.69322672195
-3.87096774194,2.83870967742,0.196726814143,0.249843998634,0.338654632622,0.491596378576,0.666131303975
-3.87096774194,3.09677419355,0.189514256042,0.240244619777,0.325510704834,0.473136631089,0.640605159767
-3.87096774194,3.35483870968,0.182686785237,0.231199537639,0.313136629552,0.455702271998,0.616537531363
-3.87096774194,3.61290322581,0.176218331242,0.222668664147,0.301476462237,0.439221842403,0.593825888696
-3.87096774194,3.87096774194,0.170084571749,0.214615113401,0.290477783558,0.423628717324,0.572374331783
-3.61290322581,-3.87096774194,0.743217712496,0.924171339319,1.25162737579,1.82948862068,2.48214331759
-3.61290322581,-3.61290322581,0.710211689138,0.909399951553,1.23256316963,1.77645328008,2.40509471102
-3.61290322581,-3.35483870968,0.676034408547,0.881336714124,1.19916462284,1.70680423589,2.32926095974
-3.61290322581,-3.09677419355,0.641748900646,0.845969304578,1.15347457264,1.62933200337,2.23288640505
-3.61290322581,-2.83870967742,0.608083311342,0.806950942644,1.10158084323,1.54903846609,2.12774269203
-3.61290322581,-2.58064516129,0.575527018813,0.766568364426,1.04714919837,1.46891314179,2.02022490537
-3.61290322581,-2.32258064516,0.544393096535,0.726269883914,0.992438471034,1.39075904147,1.91395667454
-3.61290322581,-2.06451612903,0.514864269667,0.686965260587,0.938843395792,1.31565595345,1.81101319898
-3.61290322581,-1.8064516129,0.487026048173,0.649205390426,0.887208979518,1.24421293639,1.71256354763
-3.61290322581,-1.54838709677,0.460896181289,0.613307202251,0.838019785471,1.17672629763,1.61920763352
-3.61290322581,-1.29032258065,0.436443211078,0.579426895064,0.791524222436,1.11328887149,1.53119712874
-3.61290322581,-1.03225806452,0.413607589186,0.547614520542,0.747816967619,1.05385929937,1.44856236833
-3.61290322581,-0.774193548387,0.392307117003,0.517851173783,0.706889294188,0.998314536096,1.37119041408
-3.61290322581,-0.516129032258,0.372452343018,0.490073090552,0.668667412914,0.946475258818,1.29888236301
-3.61290322581,-0.258064516129,0.353947813331,0.464190281321,0.633036523196,0.898137204944,1.23139282515
-3.61290322581,0.0,0.33669907665,0.440097098642,0.599860912693,0.853083034565,1.16844763358
-3.61290322581,0.258064516129,0.32061419023,0.417679801255,0.568990140789,0.811090521751,1.10976100152
-3.61290322581,0.516129032258,0.305598215285,0.396824427775,0.540272009633,0.77194307901,1.05505141341
-3.61290322581,0.774193548387,0.291581659429,0.377418540815,0.513555287621,0.735432179642,1.00403960793
-3.61290322581,1.03225806452,0.278480189174,0.359352779311,0.488691852925,0.701358556997,0.956459797614
-3.61290322581,1.29032258065,0.266222739803,0.342524503393,0.465538815341,0.669536895268,0.912058711878
-3.61290322581,1.54838709677,0.25474257657,0.326836667081,0.443969825135,0.63979306523,0.870599046017
-3.61290322581,1.8064516129,0.243979416173,0.312199981601,0.423857552951,0.61196610975,0.831857323667
-3.61290322581,2.06451612903,0.233877502575,0.298529646446,0.405087665039,0.585906541724,0.795626529445
-3.61290322581,2.32258064516,0.224385910112,0.285748904037,0.387552942927,0.561479072136,0.76171362686
-3.61290322581,2.58064516129,0.215458033253,0.273787289913,0.371154890112,0.538555788787,0.729941174471
-3.61290322581,2.83870967742,0.207051690247,0.262579328891,0.35580377634,0.51702244492,0.700144604786
-3.61290322581,3.09677419355,0.199127607579,0.252065791001,0.341416338711,0.496772210558,0.672173593056
-3.61290322581,3.35483870968,0.191650323748,0.242192139156,0.327916828911,0.477709647353,0.645888517545
-3.61290322581,3.61290322581,0.184587668226,0.23290881907,0.315235767518,0.459744486046,0.62116286662
-3.61290322581,3.87096774194,0.177909682876,0.224170159603,0.303310086074,0.44279631091,0.59787911531
-3.35483870968,-3.87096774194,0.866762192553,1.00938040833,1.46192089639,2.05173377068,2.87641279657
-3.35483870968,-3.61290322581,0.828034057255,1.02501213514,1.39455919302,2.03303033841,2.76430531547
-3.35483870968,-3.35483870968,0.785823728139,1.00603191988,1.36345486307,1.96534095895,2.66051352708
-3.35483870968,-3.09677419355,0.742588358447,0.969342728731,1.31922757327,1.87602143532,2.56144642353
-3.35483870968,-2.83870967742,0.699829461099,0.92395410921,1.26014629644,1.77813523042,2.43810346039
-3.35483870968,-2.58064516129,0.658478765189,0.874936024569,1.19464938326,1.67848361143,2.30651320819
-3.35483870968,-2.32258064516,0.619097317012,0.825230780119,1.12744755866,1.58077462847,2.17466932567
-3.35483870968,-2.06451612903,0.581987995525,0.776555486281,1.06122548308,1.48703844168,2.04671470616
-3.35483870968,-1.8064516129,0.547279375231,0.729888487121,0.99749368538,1.3983352361,1.92478036854
-3.35483870968,-1.54838709677,0.514980850164,0.685751843954,0.937065072829,1.31513679441,1.80987114245
-3.35483870968,-1.29032258065,0.485025655444,0.644380485887,0.880322561366,1.23755151572,1.70234998535
-3.35483870968,-1.03225806452,0.457298897894,0.605832497235,0.827381232294,1.16547318713,1.60220036461
-3.35483870968,-0.774193548387,0.431662652122,0.570055884809,0.778197066968,1.09866790298,1.50919332164
-3.35483870968,-0.516129032258,0.407967101202,0.536934016568,0.73262964057,1.03683245312,1.42297335536
-3.35483870968,-0.258064516129,0.386061320161,0.506315911291,0.690486641818,0.979630613584,1.34312882095
-3.35483870968,0.0,0.365798200829,0.478032720413,0.651545052468,0.926720537135,1.26922284261
-3.35483870968,0.258064516129,0.347038514706,0.451910539582,0.615576015812,0.877764437965,1.20081690441
-3.35483870968,0.516129032258,0.329645570396,0.427778759364,0.582349527854,0.832438621731,1.13748371454
-3.35483870968,0.774193548387,0.313513559852,0.405472849368,0.551644193517,0.790439874801,1.07881990355
-3.35483870968,1.03225806452,0.298525788483,0.384838082135,0.523249932706,0.75148541171,1.02444267712
-3.35483870968,1.29032258065,0.284582454914,0.36573043187,0.496966781957,0.715316115502,0.973996729235
-3.35483870968,1.54838709677,0.271593140527,0.348017233124,0.472620020129,0.681692472089,0.927152195515
-3.35483870968,1.8064516129,0.259475032496,0.331577091436,0.450037800855,0.65039631363,0.883608761646
-3.35483870968,2.06451612903,0.248155056792,0.316298511309,0.429067562849,0.621230089521,0.843087171622
-3.35483870968,2.32258064516,0.237565659387,0.302080121573,0.409569054967,0.594012722426,0.805335014185
-3.35483870968,2.58064516129,0.227646421637,0.288830525825,0.391414566199,0.568580843329,0.770120025591
-3.35483870968,2.83870967742,0.218342642566,0.27646626509,0.374489197925,0.544785852274,0.737231259916
-3.35483870968,3.09677419355,0.209604748633,0.264912332293,0.358687668251,0.522493362981,0.70647526325
-3.35483870968,3.35483870968,0.201388381831,0.2541001967,0.343915402459,0.501581383657,0.677679406474
-3.35483870968,3.61290322581,0.193652463322,0.243968657674,0.330085662692,0.481939669126,0.65068367639
-3.35483870968,3.87096774194,0.18636047049,0.234461746654,0.317120993502,0.463467171914,0.625597697402
-3.09677419355,-3.87096774194,1.01755450836,1.21063977234,1.72639944197,2.39599083522,3.27665565312
-3.09677419355,-3.61290322581,0.980004127922,1.14200657234,1.65396647232,2.29319501605,3.24350177042
-3.09677419355,-3.35483870968,0.929968311177,1.14464687083,1.56638242408,2.27580789761,3.10300334953
-3.09677419355,-3.09677419355,0.875316774816,1.12037851257,1.51833291608,2.18887868204,2.96274125371
-3.09677419355,-2.83870967742,0.820023208581,1.07196425118,1.45928641022,2.07312074332,2.83211078009
-3.09677419355,-2.58064516129,0.766233930767,1.01326085313,1.38233673421,1.94840847439,2.67304396345
-3.09677419355,-2.32258064516,0.715122113801,0.951348634501,1.29925836148,1.82399421915,2.50747856682
-3.09677419355,-2.06451612903,0.667281789703,0.889969972143,1.2160448959,1.70438830694,2.3452704248
-3.09677419355,-1.8064516129,0.622941668673,0.831090462789,1.13578704303,1.59173425011,2.19095067198
-3.09677419355,-1.54838709677,0.582103024211,0.775682513954,1.06001235868,1.48690364258,2.04646478097
-3.09677419355,-1.29032258065,0.544632757247,0.724149290086,0.989380901891,1.39006214186,1.91243379555
-3.09677419355,-1.03225806452,0.510323108591,0.676567165974,0.924061146857,1.30098969318,1.78878293545
-3.09677419355,-0.774193548387,0.478933527304,0.632825801315,0.863946631305,1.21925889556,1.67506262812
-3.09677419355,-0.516129032258,0.450212580596,0.592718549918,0.808780244502,1.14434899592,1.57065541738
-3.09677419355,-0.258064516129,0.423914996477,0.555989705038,0.758232696907,1.07570647281,1.47486916044
-3.09677419355,0.0,0.399808796483,0.522367292908,0.711945907899,1.0127821737,1.38699592839
-3.09677419355,0.258064516129,0.377679450821,0.491581356127,0.669559222276,0.955055502659,1.30635183034
-3.09677419355,0.516129032258,0.357325541239,0.463371813605,0.630722994222,0.902036674817,1.23228602732
-3.09677419355,0.774193548387,0.338586544322,0.437496542187,0.595110457543,0.853278937525,1.16419805708
-3.09677419355,1.03225806452,0.321296581208,0.413732211246,0.562412485137,0.808373345981,1.10153567143
-3.09677419355,1.29032258065,0.30531461946,0.391875498893,0.532358674371,0.766952807684,1.04379169122
-3.09677419355,1.54838709677,0.290515396089,0.371741615668,0.504692234585,0.72868445879,0.990506515456
-3.09677419355,1.8064516129,0.276786652656,0.353164735219,0.479185073303,0.693269964042,0.941267731563
-3.09677419355,2.06451612903,0.264028971482,0.335994926181,0.455630140327,0.660442826354,0.89569951677
-3.09677419355,2.32258064516,0.252152962075,0.320099235227,0.433842023777,0.62996338569,0.853464479444
-3.09677419355,2.58064516129,0.241079413081,0.305357209302,0.413654881049,0.601617498525,0.814258270492
-3.09677419355,2.83870967742,0.230737529087,0.291661951135,0.394919122124,0.575213029743,0.77780755536
-3.09677419355,3.09677419355,0.221063736667,0.278917548658,0.377501900737,0.550576793767,0.74386575994
-3.09677419355,3.35483870968,0.212001466308,0.267038047717,0.361282707292,0.527555916921,0.71221219967
-3.09677419355,3.61290322581,0.203499698109,0.255946544401,0.346154939569,0.506010785924,0.683121621079
-3.09677419355,3.87096774194,0.195512140748,0.245574208407,0.332021799298,0.48581759698,0.656268805493
-2.83870967742,-3.87096774194,1.13986781519,1.48910705599,1.97786168305,2.72856375465,3.77794957272
-2.83870967742,-3.61290322581,1.16236728196,1.4030325105,1.97958552322,2.74799189051,3.68101557052
-2.83870967742,-3.35483870968,1.11962674221,1.31015425694,1.89146407143,2.6231039691,3.68948802995
-2.83870967742,-3.09677419355,1.05440122378,1.28819481596,1.77621954579,2.56916574403,3.51578455866
-2.83870967742,-2.83870967742,0.982599258712,1.2574231177,1.70393906755,2.45680692418,3.3249368436
-2.83870967742,-2.58064516129,0.91096890748,1.19278410146,1.62425119727,2.30488882485,3.15064705782
-2.83870967742,-2.32258064516,0.842631589876,1.11615523691,1.52315059176,2.14445310064,2.94365522434
-2.83870967742,-2.06451612903,0.779013697438,1.03747736959,1.41716616744,1.98809538814,2.73410075539
-2.83870967742,-1.8064516129,0.7206391252,0.961423168031,1.31380130684,1.84109980377,2.53382938553
-2.83870967742,-1.54838709677,0.667531588478,0.890108366387,1.21642365166,1.70544606411,2.34740442411
-2.83870967742,-1.29032258065,0.619441735146,0.824346043119,1.1263712857,1.58151333082,2.17617718343
-2.83870967742,-1.03225806452,0.575989852592,0.764273268763,1.04395452586,1.46889238112,2.02000696932
-2.83870967742,-0.774193548387,0.536746691263,0.70968564471,0.96895898661,1.36681279726,1.87807821686
-2.83870967742,-0.516129032258,0.501279226119,0.660210315033,0.900923802173,1.2743633847,1.74928640837
-2.83870967742,-0.258064516129,0.469179483809,0.615413296063,0.83928261421,1.1906109752,1.63245337297
-2.83870967742,0.0,0.440071165003,0.57484738512,0.783442912571,1.11466201593,1.52641226996
-2.83870967742,0.258064516129,0.413618915003,0.538080985566,0.732827900693,1.04568391462,1.43007000508
-2.83870967742,0.516129032258,0.389515561173,0.504713894222,0.686896964255,0.982927906163,1.34242068578
-2.83870967742,0.774193548387,0.367514893682,0.474381273752,0.645155786158,0.925720088931,1.26255695222
-2.83870967742,1.03225806452,0.347377365594,0.446755141666,0.607153095261,0.873461120255,1.18966042308
-2.83870967742,1.29032258065,0.32890082831,0.421543263671,0.572495106928,0.825620992752,1.12300137517
-2.83870967742,1.54838709677,0.311908612254,0.398485330901,0.540822348548,0.781732290941,1.06193230303
-2.83870967742,1.8064516129,0.296245477003,0.377352282567,0.511818331167,0.741381558293,1.00587547153
-2.83870967742,2.06451612903,0.281775748507,0.357940965,0.485201353726,0.704205199228,0.954320605215
-2.83870967742,2.32258064516,0.268379697205,0.340073109165,0.460724478425,0.669881665815,0.906811225772
-2.83870967742,2.58064516129,0.255952451438,0.323590276408,0.438168454579,0.638127724877,0.862947897269
-2.83870967742,2.83870967742,0.24440150389,0.308353584283,0.417339103971,0.608691807962,0.822369860937
-2.83870967742,3.09677419355,0.233644599214,0.294239517566,0.398064691409,0.581351949521,0.784761660473
-2.83870967742,3.35483870968,0.223609238403,0.281139118138,0.380194535198,0.555912251247,0.7506146538
-2.83870967742,3.61290322581,0.214231040856,0.268956570328,0.363592788075,0.532197260417,0.719084553232
-2.83870967742,3.87096774194,0.205452493194,0.257605896756,0.348140439541,0.510052142605,0.689575450784
-2.58064516129,-3.87096774194,1.07831762938,1.43046123639,2.01871447303,2.87434586054,3.97505016118
-2.58064516129,-3.61290322581,47.592013066,47.592013066,47.5920250099,3.09373971429,5.15623285714
-2.58064516129,-3.35483870968,1.33359226813,1.65277248355,2.28652325535,3.17193319527,4.29398578447
-2.58064516129,-3.09677419355,1.29470142786,1.52481216129,2.19074702991,3.03916070642,4.23289943931
-2.58064516129,-2.83870967742,1.20916356539,1.46250475921,2.03735681542,2.92881471944,4.02794208938
-2.58064516129,-2.58064516129,1.11315472801,1.42415766725,1.92974257461,2.78281277397,3.76557564555
-2.58064516129,-2.32258064516,1.01893584569,1.33659081405,1.82069102709,2.58038945151,3.52962761172
-2.58064516129,-2.06451612903,0.931125590579,1.23546963098,1.68646786399,2.37167317219,3.25740551473
-2.58064516129,-1.8064516129,0.851331567826,1.13480980928,1.5503917539,2.17373960048,2.99039997919
-2.58064516129,-1.54838709677,0.779775433776,1.04024065951,1.42157514378,1.9923343937,2.74221737488
-2.58064516129,-1.29032258065,0.716027009834,0.953775099836,1.30332458409,1.82870262621,2.51668612085
-2.58064516129,-1.03225806452,0.659375559848,0.87578826004,1.19640840963,1.68219477269,2.31381359528
-2.58064516129,-0.774193548387,0.609030502127,0.805914459409,1.10045795952,1.5514013665,2.13212114053
-2.58064516129,-0.516129032258,0.564221871924,0.74348690108,1.01463406409,1.43468695581,1.96961951445
-2.58064516129,-0.258064516129,0.524242030872,0.687740548994,0.937939768351,1.33042515838,1.82422259326
-2.58064516129,0.0,0.488464233329,0.637918963066,0.869368410658,1.23710817861,1.69396772572
-2.58064516129,0.258064516129,0.456343186006,0.593317233802,0.807973141091,1.153384217,1.57705122461
-2.58064516129,0.516129032258,0.427399316303,0.553299814283,0.752895750068,1.07806264271,1.47188014893
-2.58064516129,0.774193548387,0.401248099761,0.517305324843,0.703371462918,1.01011024399,1.37704559536
-2.58064516129,1.03225806452,0.377534345408,0.484841306314,0.658724792098,0.94862546722,1.29131882754
-2.58064516129,1.29032258065,0.355962772789,0.455479711211,0.61837539449,0.892832728828,1.21362561571
-2.58064516129,1.54838709677,0.336280043696,0.428848647706,0.581809636919,0.842060781789,1.14303401872
-2.58064516129,1.8064516129,0.318268111154,0.404626131066,0.548582031186,0.795729792078,1.0787292698
-2.58064516129,2.06451612903,0.301739328295,0.382532999233,0.518305234981,0.753335669984,1.02000441766
-2.58064516129,2.32258064516,0.286531587416,0.362327186029,0.490644890182,0.714441887484,0.966240966012
-2.58064516129,2.58064516129,0.272503958854,0.343798805622,0.465308154071,0.67867042056,0.916899925526
-2.58064516129,2.83870967742,0.259534027881,0.32676446792,0.442041186106,0.645689108567,0.871510766995
-2.58064516129,3.09677419355,0.247515190253,0.311065107444,0.420621547104,0.615210329377,0.83084415733
-2.58064516129,3.35483870968,0.23635356448,0.296561734654,0.400855339262,0.586981222738,0.793317024908
-2.58064516129,3.61290322581,0.225967238309,0.283132121569,0.382573325963,0.560778936113,0.758404487068
-2.58064516129,3.87096774194,0.216283527324,0.270670032604,0.365625198621,0.53640878557,0.725861120626
-2.32258064516,-3.87096774194,1.10420447879,1.49136211846,2.09028533872,2.95045824782,4.02850175673
-2.32258064516,-3.61290322581,1.1911430315,1.60599363217,2.25751932091,3.20396925639,4.39747744128
-2.32258064516,-3.35483870968,1.25167615958,1.68763235785,2.41242805944,3.4062572802,4.71183750779
-2.32258064516,-3.09677419355,1.51241418368,1.98482264356,2.62664697109,3.62076411457,5.02337517694
-2.32258064516,-2.83870967742,1.51767723656,1.80694001937,2.57530082102,3.57410504866,4.8800400685
-2.32258064516,-2.58064516129,1.40605851663,1.67658009717,2.3699036698,3.37659964268,4.67711245888
-2.32258064516,-2.32258064516,1.27492938972,1.63070765965,2.20944713673,3.18670743913,4.31140821994
-2.32258064516,-2.06451612903,1.14870573472,1.50991725849,2.05756853042,2.91198133069,3.9861884566
-2.32258064516,-1.8064516129,1.03438832101,1.37477123521,1.8771674097,2.63691901578,3.62373493702
-2.32258064516,-1.54838709677,0.933464081446,1.24502407103,1.70120964777,2.38434723695,3.28100307506
-2.32258064516,-1.29032258065,0.84534114293,1.12702713824,1.54015382878,2.15954575973,2.97229209874
-2.32258064516,-1.03225806452,0.768673288179,1.02213655386,1.39650199392,1.96189353999,2.69913091778
-2.32258064516,-0.774193548387,0.701937217873,0.929792098366,1.26976651824,1.78880062247,2.4589523985
-2.32258064516,-0.516129032258,0.643686400463,0.848757468349,1.15840108604,1.63720447533,2.24802558188
-2.32258064516,-0.258064516129,0.592638799487,0.777642895667,1.06058399246,1.5041480114,2.06255166916
-2.32258064516,0.0,0.547699954908,0.715115482728,0.974534922933,1.38698336963,1.89904814197
-2.32258064516,0.258064516129,0.507949925678,0.65997771023,0.89864663138,1.28341956229,1.75446169635
-2.32258064516,0.516129032258,0.472613384298,0.611189862165,0.831506583007,1.19151463099,1.6261647996
-2.32258064516,0.774193548387,0.441073006179,0.567858611204,0.77189611388,1.10962228619,1.51191825188
-2.32258064516,1.03225806452,0.41278773524,0.529228445528,0.718788313404,1.03635895911,1.4098223738
-2.32258064516,1.29032258065,0.38731552853,0.494656687708,0.671298117712,0.970561664142,1.3182598985
-2.32258064516,1.54838709677,0.364285485156,0.463600058428,0.628675919098,0.911244626113,1.23586266334
-2.32258064516,1.8064516129,0.343385872295,0.435599471128,0.590287948679,0.857578791512,1.16146241932
-2.32258064516,2.06451612903,0.324352886201,0.41026411886,0.555592527701,0.808857534928,1.09406434357
-2.32258064516,2.32258064516,0.306963357312,0.387261531848,0.524128236813,0.76447900549,1.0328134098
-2.32258064516,2.58064516129,0.29102652524,0.366309296047,0.495502864698,0.723930544611,0.976981215591
-2.32258064516,2.83870967742,0.276378115608,0.347164148347,0.469377523894,0.686771663473,0.927707129723
-2.32258064516,3.09677419355,0.262878238411,0.329618198585,0.445463303918,0.652622842574,0.882316281992
-2.32258064516,3.35483870968,0.250404538891,0.313491891603,0.423509467984,0.621156051663,0.840385962106
-2.32258064516,3.61290322581,0.238851318184,0.298630605063,0.403300416909,0.592086692601,0.801560061946
-2.32258064516,3.87096774194,0.228126760242,0.284899319514,0.384648942482,0.565168547576,0.765526763426
-2.06451612903,-3.87096774194,1.08119181589,1.45272289557,2.02052170106,2.82130383697,3.690807
-2.06451612903,-3.61290322581,1.1959434851,1.61064377779,2.24826319707,3.15553253335,4.27429445211
-2.06451612903,-3.35483870968,1.31701840217,1.7737791883,2.49057751949,3.51757510641,4.80137824123
-2.06451612903,-3.09677419355,1.42143327713,1.92502088974,2.71847230968,3.8559861966,5.30797674403
-2.06451612903,-2.83870967742,1.75736806657,2.05698003306,2.96746773091,4.11335413276,5.77236733982
-2.06451612903,-2.58064516129,1.80274728147,2.19141877624,3.07572386267,4.26929312952,5.73454406137
-2.06451612903,-2.32258064516,1.66365395118,1.94129044201,2.80565251251,3.94210353631,5.52099674582
-2.06451612903,-2.06451612903,1.47986152659,1.89229527276,2.56365350321,3.69827353637,5.00264044733
-2.06451612903,-1.8064516129,1.30694977809,1.72188347263,2.3473924682,3.31691689533,4.54423571631
-2.06451612903,-1.54838709677,1.1558505891,1.53856166741,2.10139571347,2.94891671558,4.05463223056
-2.06451612903,-1.29032258065,1.02703335693,1.36997747152,1.87210763421,2.62383398215,3.61113356395
-2.06451612903,-1.03225806452,0.918007916041,1.22227974041,1.6701437208,2.34412418663,3.2256998643
-2.06451612903,-0.774193548387,0.82566702985,1.09505532644,1.49567975039,2.1051691149,2.89464359179
-2.06451612903,-0.516129032258,0.74710257963,0.985972198432,1.34582982961,1.90093529747,2.61071981461
-2.06451612903,-0.258064516129,0.679838033044,0.892356981976,1.21709325908,1.72570794047,2.36657896678
-2.06451612903,0.0,0.621847326606,0.811736452591,1.10616258709,1.57457775741,2.15573864338
-2.06451612903,0.258064516129,0.571490209106,0.741979704776,1.01016336097,1.44347300315,1.97274147247
-2.06451612903,0.516129032258,0.527487610187,0.681303740565,0.926678228481,1.32906788163,1.81308120673
-2.06451612903,0.774193548387,0.488781113724,0.628242283778,0.853698120187,1.22866077438,1.67306103123
-2.06451612903,1.03225806452,0.454529135925,0.581591019845,0.789586071803,1.14004732527,1.54964818924
-2.06451612903,1.29032258065,0.424049526172,0.540361315467,0.732975412408,1.06143202123,1.44034479854
-2.06451612903,1.54838709677,0.396787676142,0.503739826592,0.682746230318,0.991339721541,1.34308536092
-2.06451612903,1.8064516129,0.372286542096,0.4710568424,0.63797030823,0.928554768523,1.25616161096
-2.06451612903,2.06451612903,0.350169784611,0.441755582166,0.597877455551,0.872066931667,1.17814637273
-2.06451612903,2.32258064516,0.330123963417,0.415373905149,0.561824400849,0.821035307446,1.10819805365
-2.06451612903,2.58064516129,0.311885718079,0.39152360777,0.529273893695,0.774755261772,1.046861021
-2.06451612903,2.83870967742,0.295234414161,0.369879892461,0.49977256302,0.732630385518,0.990872059204
-2.06451612903,3.09677419355,0.279981272123,0.350167327203,0.472937535513,0.694158355557,0.939600258485
-2.06451612903,3.35483870968,0.265967397334,0.332152629081,0.448444513626,0.658908328,0.892504007491
-2.06451612903,3.61290322581,0.253054918636,0.315637491183,0.426684803159,0.626514463523,0.849121061382
-2.06451612903,3.87096774194,0.241125706571,0.300450771859,0.406580013269,0.59666096414,0.809051897746
-1.8064516129,-3.87096774194,1.00436621021,1.34373344412,1.85542008264,2.56315993422,2.716524
-1.8064516129,-3.61290322581,1.12439350701,1.50721489901,2.08656718792,2.89206542,3.233679
-1.8064516129,-3.35483870968,1.27014435499,1.70462819412,2.36721341394,3.29700345109,4.026588
-1.8064516129,-3.09677419355,1.43415371124,1.93458408903,2.6989259257,3.78348736912,5.11908311583
-1.8064516129,-2.83870967742,1.61220847674,2.1740839196,3.04777129279,4.31259102003,5.89212989253
-1.8064516129,-2.58064516129,1.77273689693,2.37994807589,3.34895604942,4.76710063176,6.5658158384
-1.8064516129,-2.32258064516,2.14533265109,2.73835322682,3.70376876635,5.12529028445,7.02502618961
-1.8064516129,-2.06451612903,2.0125883314,2.34859724568,3.39758049105,4.71084701078,6.64982047627
-1.8064516129,-1.8064516129,1.74675747752,2.23288221994,3.02479184609,4.36439567688,5.90256804708
-1.8064516129,-1.54838709677,1.50323157728,1.98554627392,2.70807123112,3.8199026288,5.23802386556
-1.8064516129,-1.29032258065,1.29994720844,1.73252385222,2.36689305345,3.31884635843,4.56538145812
-1.8064516129,-1.03225806452,1.13391234493,1.51160569594,2.06564482631,2.89653427015,3.98644946372
-1.8064516129,-0.774193548387,0.998437662282,1.32624705736,1.81176332395,2.54721655251,3.50358559692
-1.8064516129,-0.516129032258,0.887128537746,1.17211317242,1.60015271395,2.25830686456,3.10240924292
-1.8064516129,-0.258064516129,0.794765200173,1.04371508866,1.42363331359,2.01786509282,2.76760116678
-1.8064516129,0.0,0.717299045568,0.936112015884,1.27559853694,1.81606754121,2.48616363487
-1.8064516129,0.258064516129,0.651635356411,0.845254423428,1.15057630358,1.64519100298,2.24771042957
-1.8064516129,0.516129032258,0.595454416194,0.767923312173,1.04419297491,1.49922839945,2.04407022038
-1.8064516129,0.774193548387,0.546941007495,0.701585177475,0.952978547259,1.373512354,1.86884796546
-1.8064516129,1.03225806452,0.504704482651,0.644247709933,0.874212529395,1.26439841887,1.71699768549
-1.8064516129,1.29032258065,0.467658070072,0.594333406228,0.805717403487,1.16901612222,1.58452216131
-1.8064516129,1.54838709677,0.434944288753,0.55059074867,0.745763602635,1.08508744388,1.46822199946
-1.8064516129,1.8064516129,0.405877895938,0.512016673382,0.692963214515,1.01078416856,1.3655276903
-1.8064516129,2.06451612903,0.379907901278,0.477801471479,0.646194709802,0.944633219314,1.27529097947
-1.8064516129,2.32258064516,0.356585287669,0.447288982405,0.604544774779,0.885434937638,1.19684885594
-1.8064516129,2.58064516129,0.335542310532,0.41994058328,0.567266828059,0.832201245027,1.12609469738
-1.8064516129,2.83870967742,0.31647489103,0.395312939055,0.533743759508,0.784120655144,1.06200004923
-1.8064516129,3.09677419355,0.299129356182,0.37303896506,0.504373718287,0.740511766306,1.00370891216
-1.8064516129,3.35483870968,0.283292425906,0.35281212771,0.477684998048,0.700809154207,0.950503380268
-1.8064516129,3.61290322581,0.268784621251,0.334374202742,0.45323283084,0.664533927211,0.901775410344
-1.8064516129,3.87096774194,0.255452538204,0.317508541967,0.430760763901,0.631278888441,0.85700752272
-1.54838709677,-3.87096774194,0.905368206461,1.20641169179,1.65682006372,2.157668,2.157668
-1.54838709677,-3.61290322581,1.01122378606,1.34919208043,1.8551546603,2.465917,2.465917
-1.54838709677,-3.35483870968,1.14577110809,1.52929200748,2.10718123531,2.893769,2.893769
-1.54838709677,-3.09677419355,1.31522785549,1.75963845114,2.42990762327,3.359107355,3.526245
-1.54838709677,-2.83870967742,1.52911155749,2.0492928645,2.84371551656,3.95273192326,4.554118
-1.54838709677,-2.58064516129,1.78424610782,2.39943805922,3.34954870407,4.69581517382,6.3513091168
-1.54838709677,-2.32258064516,2.0438389372,2.76069943805,3.87452745362,5.4843560464,7.522974898
-1.54838709677,-2.06451612903,2.41972171009,3.15286163949,4.29643086096,6.12409261533,8.37902291009
-1.54838709677,-1.8064516129,2.50591071649,2.94936898603,4.23927301014,5.88056331926,8.19737793678
-1.54838709677,-1.54838709677,2.10699433285,2.69246028528,3.64698783682,5.26334020644,7.11682864307
-1.54838709677,-1.29032258065,1.75170679118,2.32015884983,3.16599478183,4.45747836399,6.11811613967
-1.54838709677,-1.03225806452,1.47245870009,1.96375966116,2.68328337968,3.76103321477,5.17541161236
-1.54838709677,-0.774193548387,1.25621225718,1.67173151586,2.28413911027,3.20704303968,4.41264301924
-1.54838709677,-0.516129032258,1.08722432599,1.43872734898,1.96452033492,2.76945919376,3.80603356984
-1.54838709677,-0.258064516129,0.9530557594,1.25248362254,1.70857255233,2.42050734275,3.32049815676
-1.54838709677,0.0,0.844713619157,1.10212216063,1.50174827483,2.13840952237,2.92720602518
-1.54838709677,0.258064516129,0.755797337121,0.979242939479,1.33268780023,1.90713849371,2.6045509638
-1.54838709677,0.516129032258,0.681785159241,0.877583235286,1.19285793783,1.7150155126,2.33661056412
-1.54838709677,0.774193548387,0.619367651847,0.79249356775,1.07590817452,1.55347547868,2.11159840075
-1.54838709677,1.03225806452,0.566122488345,0.720499824107,0.977061709684,1.41616465233,1.92069161278
-1.54838709677,1.29032258065,0.520240118192,0.658982062028,0.892703044209,1.2982953933,1.75720716388
-1.54838709677,1.54838709677,0.480346422333,0.60593755694,0.820068439101,1.19621507826,1.61601066166
-1.54838709677,1.8064516129,0.445380798744,0.55982222418,0.75701647269,1.10709907205,1.49503049074
-1.54838709677,2.06451612903,0.414514802929,0.519428291192,0.701873101644,1.02873619404,1.39121159517
-1.54838709677,2.32258064516,0.387091648629,0.483801968517,0.653313582597,0.959372752312,1.29900303087
-1.54838709677,2.58064516129,0.362586031077,0.45218317173,0.61136912868,0.897607572298,1.21662885494
-1.54838709677,2.83870967742,0.340572086989,0.42395901862,0.574274053847,0.842305359083,1.14265460998
-1.54838709677,3.09677419355,0.320702155886,0.398631662359,0.540786474309,0.792541886298,1.07590408828
-1.54838709677,3.35483870968,0.30268851789,0.375793418939,0.510425405309,0.747555376142,1.01540834344
-1.54838709677,3.61290322581,0.286292653723,0.355106793388,0.482787939378,0.706715135833,0.960359657022
-1.54838709677,3.87096774194,0.271314623234,0.336291787586,0.457537731908,0.669493518569,0.910083853214
-1.29032258065,-3.87096774194,0.805278108084,1.07149800258,1.46690357073,1.795394,1.795394
-1.29032258065,-3.61290322581,0.891869812786,1.18635959923,1.625527004,2.000065,2.000065
-1.29032258065,-3.35483870968,1.0009501453,1.33191512784,1.82600678951,2.267765,2.267765
-1.29032258065,-3.09677419355,1.14086935751,1.51962422004,2.08511589841,2.632147,2.632147
-1.29032258065,-2.83870967742,1.32607964958,1.76807909829,2.43000772787,3.156074,3.156074
-1.29032258065,-2.58064516129,1.57521664294,2.10321241332,2.90011990901,3.972088,3.972088
-1.29032258065,-2.32258064516,1.90982343591,2.55918816129,3.54500587929,4.92143782203,5.415935
-1.29032258065,-2.06451612903,2.32443191603,3.13359143197,4.37555044168,6.14179032346,8.32050437709
-1.29032258065,-1.8064516129,2.69534524531,3.64133286711,5.13254751871,7.30045073846,10.0605671145
-1.29032258065,-1.54838709677,3.23567661633,3.88384767718,5.50197232837,7.63674547142,10.2407720779
-1.29032258065,-1.29032258065,2.61713126033,3.3430913549,4.5277712155,6.53612483291,8.8357638321
-1.29032258065,-1.03225806452,2.07413052861,2.75505247371,3.76133809677,5.28559212569,7.26182303481
-1.29032258065,-0.774193548387,1.68092864049,2.24091109327,3.06216823209,4.29367259214,5.90900517622
-1.29032258065,-0.516129032258,1.39623294332,1.85161112553,2.52894730261,3.5596782469,4.89438254776
-1.29032258065,-0.258064516129,1.18480681532,1.55874010112,2.12668379526,3.01050998276,4.13109168981
-1.29032258065,0.0,1.02327153406,1.33475441655,1.81865161905,2.5901246983,3.54525110758
-1.29032258065,0.258064516129,0.896591250675,1.15993158515,1.57816082885,2.26081243467,3.08593459432
-1.29032258065,0.516129032258,0.795019231173,1.02077491814,1.38680614866,1.99742492367,2.71876622317
-1.29032258065,0.774193548387,0.711987487473,0.908023697698,1.23190911263,1.78289036009,2.4201820571
-1.29032258065,1.03225806452,0.642988855034,0.815208919465,1.10456448178,1.60536267803,2.17368948525
-1.29032258065,1.29032258065,0.584841107801,0.7377273735,0.998422038176,1.45641284753,1.96748670491
-1.29032258065,1.54838709677,0.535239306613,0.672240575135,0.908861292302,1.32991992574,1.79659012239
-1.29032258065,1.8064516129,0.492476596913,0.616277676196,0.832459228747,1.22134680611,1.65275481188
-1.29032258065,2.06451612903,0.455268051219,0.567982811301,0.767636936297,1.12726985559,1.52764102534
-1.29032258065,2.32258064516,0.422626682818,0.525937849778,0.712637865787,1.04506301654,1.41792375949
-1.29032258065,2.58064516129,0.393782321218,0.489043505257,0.664030678903,0.972687726383,1.32100520356
-1.29032258065,2.83870967742,0.368128560862,0.456438120471,0.620794563997,0.908532144663,1.23483559192
-1.29032258065,3.09677419355,0.34517855816,0.42743690763,0.58211079283,0.851315411786,1.15777291035
-1.29032258065,3.35483870968,0.324539799602,0.401491449811,0.547317567709,0.800002505496,1.08849063306
-1.29032258065,3.61290322581,0.305890172435,0.378155554794,0.515875170538,0.75375161852,1.02590335732
-1.29032258065,3.87096774194,0.288964796306,0.357064618094,0.487337687796,0.711870525683,0.969118033081
-1.03225806452,-3.87096774194,0.716841336617,0.952320039889,1.30195475057,1.541616,1.541616
-1.03225806452,-3.61290322581,0.784705267621,1.04258186361,1.4255407529,1.687449,1.687449
-1.03225806452,-3.35483870968,0.868945617512,1.15457972132,1.57902562687,1.870812,1.870812
-1.03225806452,-3.09677419355,0.975945928368,1.29676107667,1.77412609277,2.107837,2.107837
-1.03225806452,-2.83870967742,1.11566018404,1.48254987502,2.02918552304,2.425484,2.425484
-1.03225806452,-2.58064516129,1.30386327085,1.73468902394,2.37609944665,2.872458,2.872458
-1.03225806452,-2.32258064516,1.56889924872,2.08870071173,2.86597993331,3.546665,3.546665
-1.03225806452,-2.06451612903,1.95702082824,2.61093656885,3.59239576018,4.678312,4.678312
-1.03225806452,-1.8064516129,2.53215529287,3.39272539699,4.69704087555,6.51588833084,6.967393
-1.03225806452,-1.54838709677,3.27018804358,4.41302063467,6.18144701199,8.7167101395,11.8791980841
-1.03225806452,-1.29032258065,4.28181763212,5.50029833902,7.4022077372,10.2347279376,14.0667340201
-1.03225806452,-1.03225806452,3.39037848117,4.32902631439,5.86235943202,8.46504910237,11.440398065
-1.03225806452,-0.774193548387,2.50545657323,3.33649847381,4.55735052969,6.39348388617,8.79195895015
-1.03225806452,-0.516129032258,1.9351575039,2.57374419429,3.51632909644,4.93913267299,6.79495297295
-1.03225806452,-0.258064516129,1.55630068953,2.05103150135,2.7990317062,3.95739481474,5.43292611168
-1.03225806452,0.0,1.29133729694,1.6839804374,2.29438283094,3.26826047035,4.47306659613
-1.03225806452,0.258064516129,1.09733880279,1.41669480515,1.92675618244,2.76427416255,3.77032073225
-1.03225806452,0.516129032258,0.949944142812,1.21544691025,1.65011275697,2.38258940983,3.23855332243
-1.03225806452,0.774193548387,0.834521003376,1.05953808535,1.43606895235,2.08505055814,2.82494512628
-1.03225806452,1.03225806452,0.741896313393,0.935804254398,1.26648209473,1.84748549349,2.49574284537
-1.03225806452,1.29032258065,0.666052769407,0.835580637929,1.12938097893,1.65397049337,2.23555345653
-1.03225806452,1.54838709677,0.602895590398,0.752970557591,1.01660309684,1.4936428388,2.02310905505
-1.03225806452,1.8064516129,0.549547837132,0.683851941342,0.926653315795,1.35887065439,1.84373499379
-1.03225806452,2.06451612903,0.503933394233,0.62526278914,0.849792441501,1.24415294896,1.69042466742
-1.03225806452,2.32258064516,0.464518408021,0.575031334262,0.78336796224,1.14543465089,1.55800800406
-1.03225806452,2.58064516129,0.430145995055,0.531532597205,0.725433174443,1.05966700647,1.44257653626
-1.03225806452,2.83870967742,0.39992837645,0.493530208642,0.674494166748,0.984518532994,1.34113445707
-1.03225806452,3.09677419355,0.37317275567,0.460066580497,0.629384424946,0.918177288962,1.25134173116
-1.03225806452,3.35483870968,0.349330502284,0.430392459316,0.589183550292,0.859216797133,1.17135422984
-1.03225806452,3.61290322581,0.327963026689,0.403910689582,0.55315118188,0.80649745661,1.09968676622
-1.03225806452,3.87096774194,0.308714767703,0.380143450576,0.520689346477,0.759101561976,1.03514041041
-0.774193548387,-3.87096774194,0.641349296953,0.851526209728,1.16314021186,1.354039,1.354039
-0.774193548387,-3.61290322581,0.6945821711,0.92206866628,1.25971349844,1.463252,1.463252
-0.774193548387,-3.35483870968,0.759334237372,1.00792060164,1.37722848264,1.596772,1.596772
-0.774193548387,-3.09677419355,0.839673827813,1.11450062153,1.5230991213,1.763377,1.763377
-0.774193548387,-2.83870967742,0.941704794917,1.24997224044,1.70848021495,1.976674,1.976674
-0.774193548387,-2.58064516129,1.07552761646,1.42783729097,1.95187248256,2.258954,2.258954
-0.774193548387,-2.32258064516,1.25774924394,1.67046609159,2.28387087454,2.649417,2.649417
-0.774193548387,-2.06451612903,1.5184218436,2.01868807209,2.76052221095,3.223973,3.223973
-0.774193548387,-1.8064516129,1.91918200732,2.55183533925,3.49526044569,4.151319,4.151319
-0.774193548387,-1.54838709677,2.58351969595,3.44313315098,4.72934611396,5.897116,5.897116
-0.774193548387,-1.29032258065,3.74010843665,5.01452050306,6.94939165098,9.65309906805,10.390945
-0.774193548387,-1.03225806452,5.02117143661,6.78720795634,9.59150039756,13.6356366254,18.8471313077
-0.774193548387,-0.774193548387,4.69105871232,5.98702970901,8.10650551756,11.7091496941,15.8202415528
-0.774193548387,-0.516129032258,3.1047648167,4.1397222468,5.65639529856,7.92967916428,10.9113423434
-0.774193548387,-0.258064516129,2.24759897539,2.97092254076,4.05601634477,5.72242466915,7.86192719708
-0.774193548387,0.0,1.73842807035,2.26640800753,3.08778387201,4.39925207029,6.02045485339
-0.774193548387,0.258064516129,1.40646036203,1.80997572302,2.46010408702,3.53753231281,4.81926770351
-0.774193548387,0.516129032258,1.17457871269,1.49495937008,2.02731604395,2.93830183877,3.98519409205
-0.774193548387,0.774193548387,1.00409032958,1.26647907356,1.71398806242,2.50035572786,3.37763191746
-0.774193548387,1.03225806452,0.873782623947,1.09417414912,1.47823509596,2.16773911951,2.93250451011
-0.774193548387,1.29032258065,0.771126882353,0.960121539948,1.30026516771,1.90733017819,2.5872022924
-0.774193548387,1.54838709677,0.68827650446,0.853151901931,1.16067686764,1.69837640104,2.30865501993
-0.774193548387,1.8064516129,0.620077622641,0.765985353928,1.0457536142,1.52728533262,2.07948591346
-0.774193548387,2.06451612903,0.563013950834,0.693696485309,0.949575196701,1.38480274021,1.88782764198
-0.774193548387,2.32258064516,0.514602793354,0.632844887583,0.867967032197,1.26443215637,1.72530653478
-0.774193548387,2.58064516129,0.473047002548,0.580959960887,0.797902175659,1.16148234713,1.58585479876
-0.774193548387,2.83870967742,0.437009982812,0.536228151625,0.737134945882,1.07248855278,1.46496945024
-0.774193548387,3.09677419355,0.405481389488,0.49728661872,0.683963232221,0.994840648934,1.35924014286
-0.774193548387,3.35483870968,0.377681619225,0.463097035836,0.637075590931,0.926535450121,1.26604258474
-0.774193548387,3.61290322581,0.352999697685,0.432850960348,0.595442870193,0.866010851191,1.1833165314
-0.774193548387,3.87096774194,0.330951106752,0.405914105258,0.558248653319,0.812032830478,1.10943088285
-0.516129032258,-3.87096774194,0.578342878087,0.767390166424,1.04818936902,1.209828,1.209828
-0.516129032258,-3.61290322581,0.620419750025,0.823287664307,1.12441082265,1.2947,1.2947
-0.516129032258,-3.35483870968,0.670672925697,0.89004453019,1.21545186045,1.396314,1.396314
-0.516129032258,-3.09677419355,0.731666918452,0.971063049231,1.32595865205,1.519897,1.519897
-0.516129032258,-2.83870967742,0.807156315348,1.07133551381,1.46274208897,1.673127,1.673127
-0.516129032258,-2.58064516129,0.902870583643,1.19846930317,1.63619728534,1.867751,1.867751
-0.516129032258,-2.32258064516,1.02799009077,1.36466529667,1.86303032795,2.122693,2.122693
-0.516129032258,-2.06451612903,1.19818477071,1.59074741912,2.17198145774,2.470526,2.470526
-0.516129032258,-1.8064516129,1.44245572771,1.91526376813,2.61551461327,2.972469,2.972469
-0.516129032258,-1.54838709677,1.82064755195,2.41779963928,3.30258922419,3.758758,3.758758
-0.516129032258,-1.29032258065,2.4759507058,3.28896117454,4.49775372853,5.164059,5.164059
-0.516129032258,-1.03225806452,3.82311892065,5.09028827544,6.98217304408,8.38764,8.38764
-0.516129032258,-0.774193548387,6.91978558721,9.31767669491,12.9996009611,18.2284683611,23.37753
-0.516129032258,-0.516129032258,7.31239394875,9.32770436122,12.6278984392,18.2462629308,24.6446475779
-0.516129032258,-0.258064516129,3.9774541716,5.28644026989,7.22187182001,10.1488241805,13.9599484632
-0.516129032258,0.0,2.63309220455,3.43185355408,4.67537721865,6.66242711684,9.1168127884
-0.516129032258,0.258064516129,1.94359401516,2.48676300374,3.37605204418,4.87474213879,6.625963316
-0.516129032258,0.516129032258,1.52916172236,1.92868354172,2.61015959426,3.80778745053,5.14369366274
-0.516129032258,0.774193548387,1.2538541801,1.56471939213,2.11412905884,3.10503964609,4.20729878125
-0.516129032258,1.03225806452,1.05818451492,1.31030546148,1.78451191612,2.60968313203,3.54918428433
-0.516129032258,1.29032258065,0.912205542479,1.12320856856,1.53853640324,2.24286680884,3.05853385386
-0.516129032258,1.54838709677,0.799261251682,0.98020375669,1.34817700535,1.96089408235,2.67917298414
-0.516129032258,1.8064516129,0.709366523727,0.867543283229,1.1966283828,1.73770611667,2.37741909508
-0.516129032258,2.06451612903,0.636182069598,0.77660360315,1.07322645031,1.55685366209,2.13189087911
-0.516129032258,2.32258064516,0.575490680591,0.701720740662,0.970870548749,1.4074576968,1.92837226079
-0.516129032258,2.58064516129,0.52437970893,0.639028140756,0.884660362185,1.2820548441,1.7570511407
-0.516129032258,2.83870967742,0.480775729443,0.585800145996,0.811102291298,1.1753549029,1.6109394094
-0.516129032258,3.09677419355,0.443160418401,0.540063489995,0.747640752016,1.08351050808,1.48492986297
-0.516129032258,3.35483870968,0.41039792291,0.50035481406,0.692362858559,1.00365549246,1.37520188424
-0.516129032258,3.61290322581,0.381622460322,0.465567269709,0.643807822892,0.93361716405,1.27884299142
-0.516129032258,3.87096774194,0.356161411845,0.434847599163,0.600843720755,0.871713013132,1.19359236128
-0.258064516129,-3.87096774194,0.525629327112,0.697478023035,0.952441637821,1.095568,1.095568
-0.258064516129,-3.61290322581,0.559352400608,0.742278477516,1.0135207651,1.163438,1.163438
-0.258064516129,-3.35483870968,0.598994243195,0.794936609625,1.08531889943,1.243393,1.243393
-0.258064516129,-3.09677419355,0.646201026115,0.857640386732,1.17082055844,1.338766,1.338766
-0.258064516129,-2.83870967742,0.703296724521,0.933474957102,1.27423129374,1.454253,1.454253
-0.258064516129,-2.58064516129,0.773662889913,1.02693440462,1.40172857587,1.59669,1.59669
-0.258064516129,-2.32258064516,0.862426912156,1.14482497794,1.56278770113,1.776421,1.776421
-0.258064516129,-2.06451612903,0.977742937739,1.29798014961,1.77201713733,2.00989,2.00989
-0.258064516129,-1.8064516129,1.13341458949,1.50473371025,2.0544683293,2.324902,2.324902
-0.258064516129,-1.54838709677,1.35479089312,1.79876013235,2.45615676936,2.772479,2.772479
-0.258064516129,-1.29032258065,1.69403756865,2.24926274927,3.07165315777,3.4575,3.4575
-0.258064516129,-1.03225806452,2.27825762036,3.02408412037,4.13040746499,4.635191,4.635191
-0.258064516129,-0.774193548387,3.50818284063,4.6571088499,6.36286215719,7.131066,7.131066
-0.258064516129,-0.516129032258,7.51584465208,10.0028421332,13.7026768425,15.949408,15.949408
-0.258064516129,-0.258064516129,15.2212184357,19.4049403902,26.2659842355,37.9670083757,51.2624902891
-0.258064516129,0.0,5.31808357077,6.92940586974,9.43978561737,13.4543849932,18.4091574599
-0.258064516129,0.258064516129,3.10580215755,3.91709443992,5.30109245067,7.73364363849,10.4466555501
-0.258064516129,0.516129032258,2.17053657281,2.68470620519,3.66045994203,5.34974384428,7.27953343862
-0.258064516129,0.774193548387,1.65721714666,2.02620022301,2.79555659209,4.0589361795,5.55390355107
-0.258064516129,1.03225806452,1.33358792734,1.61923556441,2.25003139462,3.25377860922,4.46719565086
-0.258064516129,1.29032258065,1.11119815214,1.34370978788,1.87502135443,2.70499905722,3.72117052537
-0.258064516129,1.54838709677,0.949126864253,1.14514106215,1.60164445686,2.30755251156,3.17791612148
-0.258064516129,1.8064516129,0.825865388575,0.995389304262,1.39368346673,2.00671227521,2.76501169605
-0.258064516129,2.06451612903,0.729034972828,0.87849802984,1.23028859256,1.77123286083,2.44080077807
-0.258064516129,2.32258064516,0.651011182801,0.784761858663,1.09860998713,1.58200572382,2.17965381754
-0.258064516129,2.58064516129,0.586840082909,0.707947260418,0.99030051111,1.42669203273,1.96492888476
-0.258064516129,2.83870967742,0.533166012867,0.643869562222,0.899701316744,1.29697753347,1.78536423488
-0.258064516129,3.09677419355,0.487634642911,0.589616726139,0.822844040019,1.18705628126,1.63305955734
-0.258064516129,3.35483870968,0.448545616268,0.543101883962,0.756858670275,1.09275692728,1.50231605438
-0.258064516129,3.61290322581,0.414640352022,0.502788208997,0.699622757324,1.01099587957,1.38891524323
-0.258064516129,3.87096774194,0.384967702571,0.467521850421,0.649531166062,0.939454212406,1.28967188364
0.0,-3.87096774194,0.481432297969,0.638846857679,0.87236059014,1.002863,1.002863
0.0,-3.61290322581,0.508876341082,0.675304190071,0.922085595463,1.058385,1.058385
0.0,-3.35483870968,0.540709046056,0.717587224782,0.979764628179,1.122962,1.122962
0.0,-3.09677419355,0.578023610919,0.767148367222,1.04737876297,1.198832,1.198832
0.0,-2.83870967742,0.622309527386,0.825966195283,1.12762938364,1.289051,1.289051
0.0,-2.58064516129,0.67565520406,0.896812701059,1.22429677683,1.397898,1.397898
0.0,-2.32258064516,0.741074822686,0.9836887594,1.34284517827,1.531555,1.531555
0.0,-2.06451612903,0.823088728606,1.09259929198,1.49149270383,1.699296,1.699296
0.0,-1.8064516129,0.928802837023,1.23297828387,1.68322640922,1.915699,1.915699
0.0,-1.54838709677,1.07005854631,1.42054960226,1.93940798207,2.20506,2.20506
0.0,-1.29032258065,1.26817316434,1.68361619022,2.29868978385,2.611114,2.611114
0.0,-1.03225806452,1.56577477208,2.07878528936,2.83837690381,3.221334,3.221334
0.0,-0.774193548387,2.06234017979,2.7381350022,3.73884967384,4.239828,4.239828
0.0,-0.516129032258,3.05628778764,4.05791922497,5.54124180955,6.278925,6.278925
0.0,-0.258064516129,6.03972591642,8.01935639091,10.9512559187,12.40027,12.40027
0.0,0.0,0.0202019944071,0.0202019944071,0.0202019944071,0.0202019944071,0.0202019944071
0.0,0.258064516129,7.42611539683,8.65225763082,12.549880794,17.5233708184,24.7525390791
0.0,0.516129032258,3.66548165813,4.26791548114,6.19359973125,8.67633192763,12.2239992466
0.0,0.774193548387,2.41267288947,2.80746789013,4.07613697843,5.72750337842,8.04983527781
0.0,1.03225806452,1.78680161079,2.07891739775,3.01834488773,4.25329272141,5.96424457452
0.0,1.29032258065,1.41169390321,1.64951067335,2.38439986508,3.36898008677,4.7140659904
0.0,1.54838709677,1.16195835667,1.36319219822,1.9623587017,2.77965453277,3.88158258459
0.0,1.8064516129,0.983854595932,1.15866049199,1.66138818113,2.35891641536,3.28776088854
0.0,2.06451612903,0.850514200087,1.00526228419,1.4360752385,2.04356216302,2.8430937898
0.0,2.32258064516,0.747009255923,0.885962716999,1.2611883385,1.79847680501,2.49785051093
0.0,2.58064516129,0.664384669115,0.790542630395,1.12158993911,1.60259305537,2.22219257203
0.0,2.83870967742,0.596939911031,0.712498718313,1.00764581858,1.44249408929,1.99713039365
0.0,3.09677419355,0.54087652652,0.64749189502,0.912937229055,1.30924541556,1.81000524268
0.0,3.35483870968,0.493563747709,0.592518318236,0.833015897072,1.1966499608,1.65205598794
0.0,3.61290322581,0.45312348215,0.545432082511,0.764708707833,1.10028609975,1.51701861815
0.0,3.87096774194,0.418177813162,0.504659283912,0.705686054441,1.01691008151,1.40030530579
0.258064516129,-3.87096774194,0.444123812726,0.589342440347,0.804851214044,0.926189,0.926189
0.258064516129,-3.61290322581,0.466787145166,0.619446158922,0.845940432467,0.972459,0.972459
0.258064516129,-3.35483870968,0.492784278084,0.653975380986,0.893078117625,1.025719,1.025719
0.258064516129,-3.09677419355,0.52286542633,0.693925406368,0.94762479168,1.08754,1.08754
0.258064516129,-2.83870967742,0.558024032549,0.740614945348,1.01138242624,1.160008,1.160008
0.258064516129,-2.58064516129,0.599606561481,0.795829399675,1.08679568183,1.245957,1.245957
0.258064516129,-2.32258064516,0.64948187752,0.86205228977,1.17725549513,1.349337,1.349337
0.258064516129,-2.06451612903,0.710324900068,0.942830915901,1.28761866477,1.475819,1.475819
0.258064516129,-1.8064516129,0.786336627383,1.04377105386,1.42554161116,1.63385,1.63385
0.258064516129,-1.54838709677,0.883219012222,1.17238435408,1.60133013167,1.836586,1.836586
0.258064516129,-1.29032258065,1.0112292853,1.34230205844,1.83364105214,2.105697,2.105697
0.258064516129,-1.03225806452,1.18798334275,1.57689041802,2.15449455712,2.479595,2.479595
0.258064516129,-0.774193548387,1.44746675582,1.92114932243,2.62562000284,3.033452,3.033452
0.258064516129,-0.516129032258,1.86430149357,2.47578731338,3.3829038449,3.937018,3.937018
0.258064516129,-0.258064516129,2.64245437073,3.5104950114,4.79856525421,5.67159,5.67159
0.258064516129,0.0,4.57853004775,6.08326740714,8.322510074,9.997865,9.997865
0.258064516129,0.258064516129,13.8153710067,18.3569458379,25.1160465222,31.121084,31.121084
0.258064516129,0.516129032258,7.86806264555,12.7109946132,15.3718433046,22.2767124304,30.2276879583
0.258064516129,0.774193548387,4.22632692455,5.12332564638,7.21696668831,10.0350859815,13.4777718279
0.258064516129,1.03225806452,2.65180820672,3.14058057517,4.50028009277,6.25394231806,8.68880922809
0.258064516129,1.29032258065,1.91178242989,2.24648582903,3.23776365101,4.49755333165,6.3228450784
0.258064516129,1.54838709677,1.48557807951,1.73867930701,2.51339084904,3.49045404289,4.93295424117
0.258064516129,1.8064516129,1.20919786495,1.41166943039,2.04452764326,2.8388420416,4.02421954072
0.258064516129,2.06451612903,1.01570510231,1.18368620735,1.71663891485,2.39445468628,3.38520385419
0.258064516129,2.32258064516,0.872807929012,1.01579472851,1.4746661194,2.07067445325,2.91198185663
0.258064516129,2.58064516129,0.763042468322,0.890099711599,1.28889208565,1.81929836612,2.5477859617
0.258064516129,2.83870967742,0.676142847893,0.794158591864,1.14187738547,1.61868755261,2.25905799298
0.258064516129,3.09677419355,0.605683435117,0.715569291598,1.02271340454,1.455000813,2.02470108911
0.258064516129,3.35483870968,0.547437962727,0.650053029646,0.924231302328,1.31898780553,1.83080047971
0.258064516129,3.61290322581,0.49851164537,0.594626116472,0.841523358085,1.20424239238,1.66780832663
0.258064516129,3.87096774194,0.456856616205,0.547146106823,0.77112206184,1.10618659471,1.52895466126
0.516129032258,-3.87096774194,0.412370668342,0.547199838078,0.747432350369,0.861763,0.861763
0.516129032258,-3.61290322581,0.431338135902,0.572391851722,0.781846006812,0.900918,0.900918
0.516129032258,-3.35483870968,0.452896956292,0.601022342115,0.820965484476,0.945608,0.945608
0.516129032258,-3.09677419355,0.477576999067,0.633793720131,0.865753137719,0.996971,0.996971
0.516129032258,-2.83870967742,0.506218201832,0.671839736106,0.91775206962,1.056487,1.056487
0.516129032258,-2.58064516129,0.539428427827,0.715932155309,0.97803561172,1.126122,1.126122
0.516129032258,-2.32258064516,0.578569664423,0.767891119041,1.04909172382,1.208532,1.208532
0.516129032258,-2.06451612903,0.625317408655,0.829941255379,1.13397034996,1.307407,1.307407
0.516129032258,-1.8064516129,0.682051681465,0.905229244904,1.23698962364,1.428018,1.428018
0.516129032258,-1.54838709677,0.752249876458,0.998367834227,1.3644715557,1.578167,1.578167
0.516129032258,-1.29032258065,0.841191177093,1.1167107321,1.52605430337,1.769919,1.769919
0.516129032258,-1.03225806452,0.957359078334,1.27141516192,1.73715663963,2.022962,2.022962
0.516129032258,-0.774193548387,1.11516543761,1.48184515375,2.02484304739,2.371759,2.371759
0.516129032258,-0.516129032258,1.34272434066,1.78377629264,2.43828888959,2.882612,2.882612
0.516129032258,-0.258064516129,1.69578333702,2.25228645884,3.07976481963,3.701467,3.701467
0.516129032258,0.0,2.31188968989,3.07175928026,4.20241818108,5.051497,5.051497
0.516129032258,0.258064516129,3.62095003194,4.81572674377,6.59449073578,7.657599,7.657599
0.516129032258,0.516129032258,7.22654669661,9.60290291691,13.1348993677,16.387248,16.387248
0.516129032258,0.774193548387,7.59262949407,10.2085299263,14.0992483428,19.7840739044,26.6240702921
0.516129032258,1.03225806452,4.1215787987,6.08053521718,7.30726289624,10.5331133025,14.3558072329
0.516129032258,1.29032258065,2.84214719526,3.49541516552,4.87155567654,6.77272325464,9.14805154048
0.516129032258,1.54838709677,2.02291439722,2.41627673513,3.44085888705,4.78331956336,6.54607436709
0.516129032258,1.8064516129,1.55226612559,1.83356873605,2.63249932227,3.65789026671,5.10346933446
0.516129032258,2.06451612903,1.25166762405,1.46990136608,2.11949688558,2.9440968648,4.14256360049
0.516129032258,2.32258064516,1.04405430413,1.22167106757,1.76632243045,2.45295829247,3.46773974006
0.516129032258,2.58064516129,0.892402389569,1.04163088919,1.50883520983,2.09501967858,2.97056579076
0.516129032258,2.83870967742,0.77692717057,0.905184797044,1.31301771093,1.83397927287,2.59006083408
0.516129032258,3.09677419355,0.686155079616,0.798289056024,1.15922454549,1.63060558362,2.28995022871
0.516129032258,3.35483870968,0.612984638142,0.717423634076,1.03533516222,1.46446879745,2.04746256364
0.516129032258,3.61290322581,0.552791857689,0.651746012262,0.933469355798,1.32640377149,1.8476329542
0.516129032258,3.87096774194,0.502437302033,0.596077480141,0.848288107151,1.20997644348,1.68024007264
0.774193548387,-3.87096774194,0.385116966247,0.511022927937,0.698165408663,0.806905,0.806905
0.774193548387,-3.61290322581,0.40130721,0.5325383513,0.727576899822,0.840472,0.840472
0.774193548387,-3.35483870968,0.419436876525,0.556612196777,0.76050009024,0.878513,0.878513
0.774193548387,-3.09677419355,0.440008961503,0.583924585758,0.797861267869,0.921877,0.921877
0.774193548387,-2.83870967742,0.463512380373,0.61512490848,0.840550654338,0.971652,0.971652
0.774193548387,-2.58064516129,0.490577069982,0.65105914106,0.889716229803,1.029248,1.029248
0.774193548387,-2.32258064516,0.522032035359,0.692885841214,0.946857342556,1.096531,1.096531
0.774193548387,-2.06451612903,0.558984737906,0.742037665142,1.01398441831,1.176018,1.176018
0.774193548387,-1.8064516129,0.60292544312,0.800530769106,1.09383593396,1.271191,1.271191
0.774193548387,-1.54838709677,0.655973297703,0.871194267688,1.19025619029,1.387009,1.387009
0.774193548387,-1.29032258065,0.721175022128,0.958124894212,1.30909433842,1.530773,1.530773
0.774193548387,-1.03225806452,0.803264123068,1.06746258637,1.4587756219,1.713709,1.713709
0.774193548387,-0.774193548387,0.909954793389,1.20883181206,1.65238918506,1.954001,1.954001
0.774193548387,-0.516129032258,1.05301789342,1.39810305836,1.91174039909,2.28317,2.28317
0.774193548387,-0.258064516129,1.25387665184,1.66614506901,2.27835149118,2.761053,2.761053
0.774193548387,0.0,1.55663799343,2.06832065453,2.82958724142,3.403452,3.403452
0.774193548387,0.258064516129,2.05666777977,2.73520762558,3.74374719199,4.405979,4.405979
0.774193548387,0.516129032258,3.0096826005,4.00206905346,5.48386072851,6.332518,6.332518
0.774193548387,0.774193548387,5.04974060593,6.71080082172,9.17637284264,11.537818,11.537818
0.774193548387,1.03225806452,6.32222106813,8.43925202198,11.6133452703,15.9647938856,21.1258465953
0.774193548387,1.29032258065,4.83987143906,5.80683894015,8.79417759049,11.1988139127,14.7792441108
0.774193548387,1.54838709677,2.86811102098,3.8489529272,5.01214068276,6.90008226799,9.6777241225
0.774193548387,1.8064516129,2.107180627,2.58171620525,3.60832309313,5.01696375324,6.76625270752
0.774193548387,2.06451612903,1.60869100568,1.92293541477,2.73686531781,3.80477510147,5.19971201604
0.774193548387,2.32258064516,1.28827416756,1.52318320368,2.18536928883,3.03676825609,4.2307660439
0.774193548387,2.58064516129,1.0684042998,1.25554973021,1.80951270976,2.51364002986,3.53367339374
0.774193548387,2.83870967742,0.909023240183,1.06411132485,1.53805644692,2.13603442324,3.01823721724
0.774193548387,3.09677419355,0.788499670767,0.920534169896,1.33324216292,1.85125478768,2.6244004178
0.774193548387,3.35483870968,0.694318109668,0.808962294936,1.17342887452,1.63887438716,2.31472133203
0.774193548387,3.61290322581,0.618775131583,0.719827638624,1.04537779808,1.47125553376,2.06532332666
0.774193548387,3.87096774194,0.556892335276,0.652773088378,0.940564252904,1.33172407868,1.8604406208
1.03225806452,-3.87096774194,0.361649498192,0.479959469853,0.655762060087,0.759666,0.759666
1.03225806452,-3.61290322581,0.375413655636,0.498249163415,0.680771570179,0.788763,0.788763
1.03225806452,-3.35483870968,0.390840103498,0.518756006217,0.708803644233,0.82154,0.82154
1.03225806452,-3.09677419355,0.408215937342,0.541863883971,0.740381747989,0.85865,0.85865
1.03225806452,-2.83870967742,0.427902746193,0.568052249551,0.776157831754,0.90091,0.90091
1.03225806452,-2.58064516129,0.450357503357,0.597927900234,0.816956761079,0.949367,0.949367
1.03225806452,-2.32258064516,0.476146515311,0.632269018906,0.863836658277,1.005373,1.005373
1.03225806452,-2.06451612903,0.506034570383,0.67209042438,0.918172210501,1.070717,1.070717
1.03225806452,-1.8064516129,0.541024575161,0.718740266674,0.981978682644,1.147806,1.147806
1.03225806452,-1.54838709677,0.582473200218,0.774044741967,1.0576859301,1.23996,1.23996
1.03225806452,-1.29032258065,0.632567440412,0.840543235798,1.14874085255,1.351893,1.351893
1.03225806452,-1.03225806452,0.693943084052,0.921854838328,1.26011666971,1.490522,1.490522
1.03225806452,-0.774193548387,0.770611299769,1.02331086047,1.39913417243,1.666432,1.666432
1.03225806452,-0.516129032258,0.86882992883,1.15395988912,1.57791722349,1.896673,1.896673
1.03225806452,-0.258064516129,0.99859408457,1.32729836446,1.81499788366,2.21058,2.21058
1.03225806452,0.0,1.17924022603,1.56690406893,2.14358731375,2.580006,2.580006
1.03225806452,0.258064516129,1.44348440617,1.91864508804,2.62599670017,3.112764,3.112764
1.03225806452,0.516129032258,1.8622404023,2.47755434129,3.39152948326,3.956863,3.956863
1.03225806452,0.774193548387,2.60065094512,3.45954336799,4.73985864318,5.494541,5.494541
1.03225806452,1.03225806452,3.97781421796,5.28667527703,7.23197036043,9.167761,9.167761
1.03225806452,1.29032258065,5.21202364539,6.93256933125,9.49167584928,12.9630212939,17.0072695673
1.03225806452,1.54838709677,4.04957401206,5.36442280032,7.32490880345,10.3036907658,14.0957320307
1.03225806452,1.8064516129,2.53438740012,4.13709049207,4.9718749707,7.22689117974,9.81403757211
1.03225806452,2.06451612903,2.1480709958,2.73542588792,3.71315731558,5.15140731813,7.05959689121
1.03225806452,2.32258064516,1.65225016896,2.0040437596,2.82192243434,3.92394018743,5.27126021763
1.03225806452,2.58064516129,1.31824250172,1.57015822078,2.24062360829,3.11456567291,4.28525813443
1.03225806452,2.83870967742,1.08840740453,1.28456879665,1.8454754685,2.5642449093,3.58254385829
1.03225806452,3.09677419355,0.922484983995,1.08280365889,1.56192505694,2.16957673899,3.05496353689
1.03225806452,3.35483870968,0.797648092609,0.932884549669,1.34931957875,1.87382558396,2.65081204285
1.03225806452,3.61290322581,0.700556762223,0.817220334212,1.18432918895,1.6444066046,2.33336092457
1.03225806452,3.87096774194,0.623006063274,0.725345537712,1.0527386211,1.47575304745,2.07825921319
1.29032258065,-3.87096774194,0.341090598185,0.452802335837,0.618598182639,0.718596,0.718596
1.29032258065,-3.61290322581,0.352993762053,0.468634304176,0.640236645451,0.744058,0.744058
1.29032258065,-3.35483870968,0.366268632633,0.48629140538,0.664359703193,0.772597,0.772597
1.29032258065,-3.09677419355,0.381122125927,0.506066001299,0.691366430471,0.804721,0.804721
1.29032258065,-2.83870967742,0.397830622982,0.528320158748,0.721747264976,0.841062,0.841062
1.29032258065,-2.58064516129,0.416728356606,0.553503030384,0.756133018693,0.882413,0.882413
1.29032258065,-2.32258064516,0.438237202895,0.582181086668,0.795385025042,0.929786,0.929786
1.29032258065,-2.06451612903,0.462895357202,0.615078230663,0.840420099578,0.984493,0.984493
1.29032258065,-1.8064516129,0.491483416871,0.65313232993,0.892524135131,1.048259,1.048259
1.29032258065,-1.54838709677,0.525013809546,0.697580006475,0.953397224774,1.123405,1.123405
1.29032258065,-1.29032258065,0.564649556596,0.750084078176,1.02532124194,1.213129,1.213129
1.29032258065,-1.03225806452,0.61213273692,0.812925944522,1.11142935643,1.321957,1.321957
1.29032258065,-0.774193548387,0.669929504621,0.889587115546,1.21637699701,1.456515,1.456515
1.29032258065,-0.516129032258,0.741612867818,0.985252043775,1.34725843174,1.626909,1.626909
1.29032258065,-0.258064516129,0.832724354596,1.10682557227,1.51360717361,1.841899,1.841899
1.29032258065,0.0,0.952989436829,1.26630503451,1.73232856425,2.086415,2.086415
1.29032258065,0.258064516129,1.11684743272,1.48394223051,2.03097410653,2.418556,2.418556
1.29032258065,0.516129032258,1.35182658382,1.79799258188,2.46116138539,2.894739,2.894739
1.29032258065,0.774193548387,1.71357057422,2.27969684629,3.12182274246,3.633132,3.633132
1.29032258065,1.03225806452,2.31523855434,3.08184161759,4.22090993498,4.929981,4.929981
1.29032258065,1.29032258065,3.35040866959,4.45303529354,6.09320529109,7.765652,7.765652
1.29032258065,1.54838709677,4.42058872851,5.86402114726,8.01935529482,10.9251029754,14.2922678165
1.29032258065,1.8064516129,3.77425296676,5.04515880275,7.00641149671,9.78976348809,13.2180404338
1.29032258065,2.06451612903,2.88796723726,4.18906703835,5.45738835174,7.61226855718,10.1327837143
1.29032258065,2.32258064516,2.12841185443,2.86866828395,3.72250811921,5.1201686722,7.19538678727
1.29032258065,2.58064516129,1.6815387942,2.07420135413,2.88449581344,4.00993780971,5.42280274152
1.29032258065,2.83870967742,1.34124708136,1.60956568377,2.28431583459,3.17602617759,4.30673739989
1.29032258065,3.09677419355,1.10389863537,1.30805955891,1.87374012344,2.6040550428,3.61539949903
1.29032258065,3.35483870968,0.932677068373,1.09732524309,1.58015276078,2.19522297786,3.08126302103
1.29032258065,3.61290322581,0.804296581764,0.94200717363,1.36107287942,1.89034200424,2.66950748311
1.29032258065,3.87096774194,0.704822215189,0.822926386159,1.19181271637,1.65491669244,2.34594835601
1.54838709677,-3.87096774194,0.323047417312,0.428968270675,0.585974925945,0.68259,0.68259
1.54838709677,-3.61290322581,0.333435215094,0.442791456271,0.604856840957,0.705057,0.705057
1.54838709677,-3.35483870968,0.344955784583,0.458138801126,0.625812987996,0.730131,0.730131
1.54838709677,-3.09677419355,0.357786512928,0.475239341446,0.649216835842,0.758216,0.758216
1.54838709677,-2.83870967742,0.372133886827,0.49437012706,0.675405101444,0.789808,0.789808
1.54838709677,-2.58064516129,0.388252418182,0.515873619327,0.704844892552,0.825524,0.825524
1.54838709677,-2.32258064516,0.406468840513,0.540173211944,0.738117189952,0.86614,0.86614
1.54838709677,-2.06451612903,0.427303358348,0.567800168896,0.775952525185,0.912641,0.912641
1.54838709677,-1.8064516129,0.451168925297,0.599430816727,0.819277994271,0.966305,0.966305
1.54838709677,-1.54838709677,0.478729551804,0.635935620253,0.86929041439,1.028811,1.028811
1.54838709677,-1.29032258065,0.510854773325,0.67845285266,0.927551306756,1.102418,1.102418
1.54838709677,-1.03225806452,0.548711226825,0.728530034628,0.996157730533,1.190229,1.190229
1.54838709677,-0.774193548387,0.593884994592,0.788789380446,1.07858432829,1.296633,1.296633
1.54838709677,-0.516129032258,0.648586752092,0.861833206533,1.17849973746,1.428046,1.428046
1.54838709677,-0.258064516129,0.716291106855,0.952031242927,1.30198915295,1.582242,1.582242
1.54838709677,0.0,0.802315812526,1.06612088167,1.45844702568,1.757764,1.757764
1.54838709677,0.258064516129,0.914183452348,1.21449028986,1.66194581062,1.985702,1.985702
1.54838709677,0.516129032258,1.06503005497,1.41587692193,1.93803648074,2.293044,2.293044
1.54838709677,0.774193548387,1.27815571876,1.70054218237,2.32804939875,2.729192,2.729192
1.54838709677,1.03225806452,1.59854525163,2.12716031171,2.91303194483,3.395336,3.395336
1.54838709677,1.29032258065,2.11219244083,2.81027682884,3.84981891647,4.536378,4.536378
1.54838709677,1.54838709677,2.94712499832,3.91854678129,5.36156856201,6.875294,6.875294
1.54838709677,1.8064516129,3.87551856298,5.14197890238,7.02223769234,9.55803093023,12.4915475968
1.54838709677,2.06451612903,3.58116322105,4.80166244968,6.65325217646,9.22941756452,12.3830157064
1.54838709677,2.32258064516,3.24453531907,3.70134138885,5.84612112348,7.2285768932,9.83173842681
1.54838709677,2.58064516129,2.03783129495,2.97297532612,3.60792196561,5.14669431733,7.07790256843
1.54838709677,2.83870967742,1.69709438948,2.13104607916,2.92404321731,4.06134538165,5.53277853994
1.54838709677,3.09677419355,1.35745826938,1.64032836497,2.31620968311,3.2207457655,4.32043512218
1.54838709677,3.35483870968,1.1148741043,1.32546989553,1.89407064919,2.63271476098,3.63471666988
1.54838709677,3.61290322581,0.939559797912,1.10737863491,1.59256457305,2.21271818031,3.09803394273
1.54838709677,3.87096774194,0.808407043876,0.947739110401,1.36838143881,1.90063074067,2.68081021434
1.8064516129,-3.87096774194,0.30711827937,0.407917609714,0.557215422766,0.650793,0.650793
1.8064516129,-3.61290322581,0.316243005192,0.420080200349,0.573866257895,0.670762,0.670762
1.8064516129,-3.35483870968,0.326331438109,0.43353323306,0.592283326742,0.692967,0.692967
1.8064516129,-3.09677419355,0.337517679206,0.448457941381,0.612718426162,0.717732,0.717732
1.8064516129,-2.83870967742,0.349965161075,0.465072170904,0.635470064755,0.745457,0.745457
1.8064516129,-2.58064516129,0.363957731302,0.483641722071,0.660902538912,0.776628,0.776628
1.8064516129,-2.32258064516,0.379683378437,0.504490267618,0.689459575376,0.811852,0.811852
1.8064516129,-2.06451612903,0.397438731905,0.528019559941,0.721692694608,0.851888,0.851888
1.8064516129,-1.8064516129,0.417606745104,0.554729595357,0.758290419633,0.897707,0.897707
1.8064516129,-1.54838709677,0.440668960617,0.585253763658,0.800119567067,0.950559,0.950559
1.8064516129,-1.29032258065,0.467252625208,0.620410084118,0.848303535291,1.012093,1.012093
1.8064516129,-1.03225806452,0.498166839649,0.661553354916,0.904583567432,1.084521,1.084521
1.8064516129,-0.774193548387,0.534488800619,0.710028199481,0.970903088753,1.170882,1.170882
1.8064516129,-0.516129032258,0.577670879082,0.767713627109,1.04979757676,1.27547,1.27547
1.8064516129,-0.258064516129,0.630093360772,0.837447508215,1.1453224116,1.390764,1.390764
1.8064516129,0.0,0.694834082996,0.92332126195,1.26307879533,1.523377,1.523377
1.8064516129,0.258064516129,0.776282009911,1.03136484205,1.41122679071,1.690191,1.690191
1.8064516129,0.516129032258,0.881584928922,1.17157677796,1.60359272039,1.90597,1.90597
1.8064516129,0.774193548387,1.02246593093,1.35969653205,1.86134299202,2.195431,2.195431
1.8064516129,1.03225806452,1.21929623508,1.6223961511,2.22137278686,2.603346,2.603346
1.8064516129,1.29032258065,1.50964107452,2.00931424942,2.75193218329,3.220025,3.220025
1.8064516129,1.54838709677,1.96370475444,2.6110026925,3.57758899714,4.258984,4.258984
1.8064516129,1.8064516129,2.67677628224,3.55861277582,4.86708358511,6.28542,6.28542
1.8064516129,2.06451612903,3.49725496862,4.64202710917,6.34083207695,8.62784914757,11.2697060774
1.8064516129,2.32258064516,3.42511755887,4.5754020721,6.32833645442,8.75639125149,11.6618579238
1.8064516129,2.58064516129,3.04411583836,3.93635476147,5.2080259695,7.09123246285,9.75079587975
1.8064516129,2.83870967742,1.88492523151,3.04313571599,3.63488931863,5.29918038266,7.20122939373
1.8064516129,3.09677419355,1.701707273,2.17280392154,2.94347824941,4.08264620635,5.60128068572
1.8064516129,3.35483870968,1.36744393181,1.66160645806,2.33670905719,3.24934453373,4.36812380104
1.8064516129,3.61290322581,1.12143191384,1.33638776131,1.90643565183,2.65016626668,3.64371690914
1.8064516129,3.87096774194,0.943131194123,1.11275501971,1.59908465472,2.22192871848,3.10624383443
2.06451612903,-3.87096774194,0.292963950306,0.389218471739,0.531736814581,0.622534,0.622534
2.06451612903,-3.61290322581,0.301040660411,0.399994910673,0.546494248863,0.640398,0.640398
2.06451612903,-3.35483870968,0.309941838164,0.411876189213,0.56276661176,0.660198,0.660198
2.06451612903,-3.09677419355,0.319834402631,0.425009135541,0.580755244533,0.682203,0.682203
2.06451612903,-2.83870967742,0.330813008117,0.43956869483,0.600699174495,0.706734,0.706734
2.06451612903,-2.58064516129,0.343030021745,0.455763394232,0.622885575459,0.734184,0.734184
2.06451612903,-2.32258064516,0.356678285465,0.473847127106,0.64766259706,0.765036,0.765036
2.06451612903,-2.06451612903,0.371993472731,0.494129196443,0.67545517906,0.799887,0.799887
2.06451612903,-1.8064516129,0.389265558912,0.516989658166,0.706784259328,0.83949,0.83949
2.06451612903,-1.54838709677,0.408861598793,0.542907741735,0.742308555841,0.884799,0.884799
2.06451612903,-1.29032258065,0.431238472829,0.572614612719,0.782957867552,0.937052,0.937052
2.06451612903,-1.03225806452,0.456984505139,0.606963340314,0.829956303844,0.997875,0.997875
2.06451612903,-0.774193548387,0.486860808025,0.646851631158,0.88452160094,1.069452,1.069452
2.06451612903,-0.516129032258,0.521868847823,0.693632551262,0.948492551549,1.154783,1.154783
2.06451612903,-0.258064516129,0.563755018645,0.749271738565,1.02474884528,1.243839,1.243839
2.06451612903,0.0,0.614350423383,0.81639255804,1.11678233468,1.347915,1.347915
2.06451612903,0.258064516129,0.676450741912,0.898784511057,1.22975023235,1.475762,1.475762
2.06451612903,0.516129032258,0.754322160418,1.00215777402,1.37166367148,1.636256,1.636256
2.06451612903,0.774193548387,0.854572208792,1.13597107753,1.55501695052,1.843344,1.843344
2.06451612903,1.03225806452,0.987918575215,1.3139146875,1.79888465962,2.120266,2.120266
2.06451612903,1.29032258065,1.17270451496,1.56032324308,2.13671331795,2.508835,2.508835
2.06451612903,1.54838709677,1.44193381378,1.91862220869,2.62825638086,3.092629,3.092629
2.06451612903,1.8064516129,1.85433535608,2.46629898474,3.37848074857,4.059787,4.059787
2.06451612903,2.06451612903,2.49006333747,3.30969243239,4.5272172126,5.891977,5.891977
2.06451612903,2.32258064516,3.24131726789,4.30066927807,5.87171000944,7.98954080592,10.151207
2.06451612903,2.58064516129,3.28747219564,4.38281816513,6.05789841217,8.36156720042,11.113312602
2.06451612903,2.83870967742,2.67564111737,3.65677680828,4.9948346874,6.86083345155,9.4224350847
2.06451612903,3.09677419355,1.90672245898,3.08023719667,3.72504564269,5.39794586256,7.3238386427
2.06451612903,3.35483870968,1.69980064216,2.19842627129,2.94862029304,4.08388738554,5.63417302455
2.06451612903,3.61290322581,1.37193168155,1.67284551131,2.34654489185,3.2630054236,4.39242380319
2.06451612903,3.87096774194,1.12370495333,1.34055610068,1.91089178851,2.65650051912,3.6453457506
2.32258064516,-3.87096774194,0.280331466975,0.372523533889,0.508985413124,0.597279,0.597279
2.32258064516,-3.61290322581,0.287571588252,0.382130403538,0.522146688404,0.613351,0.613351
2.32258064516,-3.35483870968,0.295536611779,0.392695231251,0.536620461085,0.631116,0.631116
2.32258064516,-3.09677419355,0.304316504858,0.40433692072,0.55257106388,0.650798,0.650798
2.32258064516,-2.83870967742,0.314019265538,0.417197476029,0.57019211784,0.672661,0.672661
2.32258064516,-2.58064516129,0.324772839672,0.431444427316,0.589714769518,0.697027,0.697027
2.32258064516,-2.32258064516,0.336731290053,0.447280316459,0.611417303631,0.724283,0.724283
2.32258064516,-2.06451612903,0.350079407069,0.464946649725,0.635629683152,0.75491,0.75491
2.32258064516,-1.8064516129,0.365046679748,0.484744665146,0.662766494783,0.789501,0.789501
2.32258064516,-1.54838709677,0.381912089062,0.507080250766,0.693340928907,0.828802,0.828802
2.32258064516,-1.29032258065,0.401023350597,0.532572008017,0.728222821607,0.873763,0.873763
2.32258064516,-1.03225806452,0.422818429315,0.561661000961,0.768020478957,0.925613,0.925613
2.32258064516,-0.774193548387,0.447855291782,0.595098893254,0.813755453474,0.985968,0.985968
2.32258064516,-0.516129032258,0.476855577877,0.63385754616,0.866751369556,1.056882,1.056882
2.32258064516,-0.258064516129,0.511160025654,0.679368126307,0.929153586318,1.127631,1.127631
2.32258064516,0.0,0.551870029838,0.733382663546,1.00321024317,1.211746,1.211746
2.32258064516,0.258064516129,0.600890272424,0.798432777876,1.09239270877,1.313194,1.313194
2.32258064516,0.516129032258,0.660950939149,0.878145896993,1.20168181369,1.437703,1.437703
2.32258064516,0.774193548387,0.73609665861,0.978154076886,1.33893639212,1.593849,1.593849
2.32258064516,1.03225806452,0.832554043397,1.10682472852,1.51528138259,1.795089,1.795089
2.32258064516,1.29032258065,0.960349124069,1.27722881073,1.74888962754,2.063793,2.063793
2.32258064516,1.54838709677,1.13643766393,1.51180484462,2.07062394875,2.440098,2.440098
2.32258064516,1.8064516129,1.39077364356,1.84976301328,2.53446800793,3.003901,3.003901
2.32258064516,2.06451612903,1.77479971989,2.36136212617,3.23454146137,3.915952,3.915952
2.32258064516,2.32258064516,2.36157163588,3.13801829698,4.29288956375,5.639517,5.639517
2.32258064516,2.58064516129,3.06260744426,4.06920193831,5.55324828255,7.56013064543,9.387575
2.32258064516,2.83870967742,3.17870924563,4.25037515016,5.86477050584,8.07696844526,10.7186475334
2.32258064516,3.09677419355,2.67036646833,3.40036236716,4.86098344831,6.74900189892,9.24137692816
2.32258064516,3.35483870968,1.94183447136,3.09160028582,3.77315135179,5.44329011318,7.37476258263
2.32258064516,3.61290322581,1.69583568544,2.20749795406,2.94588887758,4.0767064627,5.64013064267
2.32258064516,3.87096774194,1.37149636522,1.67376679689,2.34638917338,3.26282397047,4.3936824594
2.58064516129,-3.87096774194,0.269089356053,0.357547489665,0.488574034935,0.574596,0.574596
2.58064516129,-3.61290322581,0.275583809313,0.366161022496,0.50037775293,0.589129,0.589129
2.58064516129,-3.35483870968,0.28271261956,0.375612016264,0.513329239633,0.605157,0.605157
2.58064516129,-3.09677419355,0.290550809825,0.385999740632,0.527565284391,0.622866,0.622866
2.58064516129,-2.83870967742,0.299187023327,0.397440303056,0.543244984663,0.642477,0.642477
2.58064516129,-2.58064516129,0.308725807652,0.410071683823,0.560556743894,0.664254,0.664254
2.58064516129,-2.32258064516,0.319291074254,0.424054524241,0.579722935098,0.688518,0.688518
2.58064516129,-2.06451612903,0.331034174464,0.43958829349,0.601016254452,0.715657,0.715657
2.58064516129,-1.8064516129,0.344134725065,0.456907288365,0.624757903526,0.746148,0.746148
2.58064516129,-1.54838709677,0.35881239884,0.476473684535,0.651506613872,0.780584,0.780584
2.58064516129,-1.29032258065,0.375337295906,0.498523815932,0.681676005538,0.81971,0.81971
2.58064516129,-1.03225806452,0.394045195972,0.523498678937,0.715842350796,0.864475,0.864475
2.58064516129,-0.774193548387,0.415356159181,0.551967284202,0.754775893103,0.916107,0.916107
2.58064516129,-0.516129032258,0.439855801641,0.584665844008,0.799506986889,0.974248,0.974248
2.58064516129,-0.258064516129,0.468470517245,0.622633255784,0.85156218633,1.033501,1.033501
2.58064516129,0.0,0.501993297765,0.667119973475,0.912550159568,1.103092,1.103092
2.58064516129,0.258064516129,0.541750288667,0.719887398877,0.984887675888,1.185809,1.185809
2.58064516129,0.516129032258,0.589584815403,0.783384960794,1.07193675949,1.285554,1.285554
2.58064516129,0.774193548387,0.648132327966,0.861120490973,1.17855142819,1.407956,1.407956
2.58064516129,1.03225806452,0.721287037533,0.958554978918,1.3122379345,1.561451,1.561451
2.58064516129,1.29032258065,0.815024769105,1.08350693412,1.48352919423,1.759274,1.759274
2.58064516129,1.54838709677,0.938917715696,1.24856345542,1.70988400002,2.023438,2.023438
2.58064516129,1.8064516129,1.10903383599,1.47491926916,2.02047097063,2.393456,2.393456
2.58064516129,2.06451612903,1.3533275261,1.79959921029,2.46549517645,2.948033,2.948033
2.58064516129,2.32258064516,1.71897566899,2.28800658291,3.13376404496,3.825744,3.825744
2.58064516129,2.58064516129,2.27655631049,3.02453749937,4.13853203903,5.497771,5.497771
2.58064516129,2.83870967742,2.95602465557,3.92391599028,5.35711069831,7.2885058827,8.887779
2.58064516129,3.09677419355,3.12208949398,4.16075533942,5.73589987711,7.90259037656,10.466228857
2.58064516129,3.35483870968,2.66547236434,3.48402644333,4.83623077898,6.77222606117,9.17062317561
2.58064516129,3.61290322581,1.94581315666,3.08576114656,3.77561098644,5.44005806331,7.36707402671
2.58064516129,3.87096774194,1.69234736117,2.20001010372,2.93911044548,4.06820210317,5.62500429467
2.83870967742,-3.87096774194,0.258963047537,0.344057646497,0.470185703306,0.554134,0.554134
2.83870967742,-3.61290322581,0.264818407016,0.351819986839,0.480825519003,0.567336,0.567336
2.83870967742,-3.35483870968,0.271233867047,0.360321531741,0.492478166806,0.581868,0.581868
2.83870967742,-3.09677419355,0.278272775511,0.369645319378,0.505258618356,0.597886,0.597886
2.83870967742,-2.83870967742,0.286008717559,0.379888169222,0.519299517292,0.615577,0.615577
2.83870967742,-2.58064516129,0.294527199871,0.391162201931,0.534754097689,0.635162,0.635162
2.83870967742,-2.32258064516,0.303933546232,0.403605106922,0.551811269059,0.656907,0.656907
2.83870967742,-2.06451612903,0.314347524602,0.41737360371,0.570687377204,0.681131,0.681131
2.83870967742,-1.8064516129,0.325915746487,0.432762909809,0.591730756477,0.708224,0.708224
2.83870967742,-1.54838709677,0.338814003493,0.449970540453,0.615277487299,0.738664,0.738664
2.83870967742,-1.29032258065,0.353256348694,0.469246479664,0.641649298459,0.773045,0.773045
2.83870967742,-1.03225806452,0.369505183018,0.490944556426,0.671328739367,0.812116,0.812116
2.83870967742,-0.774193548387,0.387885306102,0.515502229124,0.704910267118,0.85683,0.85683
2.83870967742,-0.516129032258,0.40888851821,0.543498121646,0.743225744789,0.905301,0.905301
2.83870967742,-0.258064516129,0.433156089424,0.575703408629,0.787375586874,0.955773,0.955773
2.83870967742,0.0,0.461287218242,0.613041092355,0.838558255657,1.014458,1.014458
2.83870967742,0.258064516129,0.49423939964,0.65678436429,0.898519076333,1.08339,1.08339
2.83870967742,0.516129032258,0.533310588068,0.708660382177,0.969629314143,1.165346,1.165346
2.83870967742,0.774193548387,0.580306156358,0.771069748827,1.05518058026,1.264213,1.264213
2.83870967742,1.03225806452,0.637805454096,0.847448025879,1.15994115388,1.385611,1.385611
2.83870967742,1.29032258065,0.709615916242,0.943019748687,1.29110232685,1.537973,1.537973
2.83870967742,1.54838709677,0.801568606727,1.06548946352,1.45904027172,1.734559,1.734559
2.83870967742,1.8064516129,0.922977117599,1.22706851072,1.6807061533,1.997484,1.997484
2.83870967742,2.06451612903,1.08940695431,1.44829167886,1.98426366401,2.366584,2.366584
2.83870967742,2.32258064516,1.32770943453,1.76614979237,2.41966648144,2.912802,2.912802
2.83870967742,2.58064516129,1.68498614298,2.24094656233,3.07063259771,3.782402,3.782402
2.83870967742,2.83870967742,2.22606174339,2.96115364248,4.05073210794,5.451447,5.451447
2.83870967742,3.09677419355,2.8989309444,3.84485907744,5.25054333104,7.14791352735,8.585072
2.83870967742,3.35483870968,3.07606312505,4.11833270569,5.67257745156,7.81194530306,10.3467151301
2.83870967742,3.61290322581,2.65315768205,3.44825103008,4.81880052618,6.72950102107,9.15086150396
2.83870967742,3.87096774194,1.91804234315,3.06564958107,3.73223275541,5.39087103858,7.30667030772
3.09677419355,-3.87096774194,0.249807154705,0.331861047288,0.453557345947,0.535603,0.535603
3.09677419355,-3.61290322581,0.25511095564,0.338888307651,0.463191956872,0.547646,0.547646
3.09677419355,-3.35483870968,0.260913304305,0.346573799059,0.473728268172,0.560879,0.560879
3.09677419355,-3.09677419355,0.267268059609,0.354987476271,0.485263042155,0.575437,0.575437
3.09677419355,-2.83870967742,0.274236162525,0.364209254183,0.49790633747,0.591478,0.591478
3.09677419355,-2.58064516129,0.281892833294,0.374337849987,0.511792515483,0.609189,0.609189
3.09677419355,-2.32258064516,0.290321787294,0.385482861915,0.527072253089,0.628793,0.628793
3.09677419355,-2.06451612903,0.299624198422,0.397833095663,0.543964550448,0.650556,0.650556
3.09677419355,-1.8064516129,0.309919552417,0.411566644821,0.562758906868,0.6748,0.6748
3.09677419355,-1.54838709677,0.321351162471,0.426822120011,0.583631069967,0.701916,0.701916
3.09677419355,-1.29032258065,0.334091144843,0.443829791246,0.606898404017,0.732387,0.732387
3.09677419355,-1.03225806452,0.34834923295,0.462873033229,0.632944084574,0.766812,0.766812
3.09677419355,-0.774193548387,0.364381834899,0.484298011978,0.662237390532,0.805945,0.805945
3.09677419355,-0.516129032258,0.382612233097,0.508569875645,0.695469887526,0.846959,0.846959
3.09677419355,-0.258064516129,0.403482572823,0.53627069666,0.733440938345,0.890566,0.890566
3.09677419355,0.0,0.427461786448,0.568103752709,0.777072908426,0.940847,0.940847
3.09677419355,0.258064516129,0.455263496251,0.605017753207,0.827667769642,0.999331,0.999331
3.09677419355,0.516129032258,0.487835176529,0.648272134497,0.886954116686,1.068066,1.068066
3.09677419355,0.774193548387,0.526462921651,0.699580541795,0.957279562608,1.149847,1.149847
3.09677419355,1.03225806452,0.572934504964,0.761322628146,1.04191199931,1.248603,1.248603
3.09677419355,1.29032258065,0.629806903174,0.836905763015,1.14552820903,1.370023,1.370023
3.09677419355,1.54838709677,0.700852686963,0.931363069618,1.27513172878,1.522671,1.522671
3.09677419355,1.8064516129,0.791852268058,1.0524177736,1.44121257553,1.720069,1.720069
3.09677419355,2.06451612903,0.91203149828,1.21242476192,1.6604739415,1.984878,1.984878
3.09677419355,2.32258064516,1.07675898387,1.43205499531,1.96167032151,2.358201,2.358201
3.09677419355,2.58064516129,1.31276009259,1.74687590209,2.39319077331,2.900815,2.900815
3.09677419355,2.83870967742,1.66870504909,2.2193094267,3.04018455672,3.782844,3.782844
3.09677419355,3.09677419355,2.21032516416,2.93712066527,4.01816119245,5.48400555525,5.495801
3.09677419355,3.35483870968,2.88608091143,3.83108137046,5.23235076231,7.12163645393,8.444134
3.09677419355,3.61290322581,3.07318697975,4.11219357004,5.66571075703,7.80792803162,10.3436617159
3.09677419355,3.87096774194,2.54812024803,3.43626916541,4.71822052011,6.74177085716,9.15418670873
3.35483870968,-3.87096774194,0.241501096266,0.320795847553,0.438470052007,0.518762,0.518762
3.35483870968,-3.61290322581,0.246325079779,0.327185021298,0.447230986307,0.529789,0.529789
3.35483870968,-3.35483870968,0.251596526877,0.334164283275,0.456800619872,0.541888,0.541888
3.35483870968,-3.09677419355,0.257360338349,0.341792064151,0.467259095538,0.555176,0.555176
3.35483870968,-2.83870967742,0.263671761666,0.350140587211,0.478706881509,0.569788,0.569788
3.35483870968,-2.58064516129,0.27059083872,0.359289372426,0.491250661523,0.585884,0.585884
3.35483870968,-2.32258064516,0.278189577052,0.369359684968,0.505027612915,0.603653,0.603653
3.35483870968,-2.06451612903,0.286552392327,0.380514862122,0.520294426532,0.623318,0.623318
3.35483870968,-1.8064516129,0.295778907798,0.392825812187,0.537139774927,0.645149,0.645149
3.35483870968,-1.54838709677,0.305986846586,0.406451373567,0.55578115811,0.66947,0.66947
3.35483870968,-1.29032258065,0.317317832347,0.421581000339,0.576476842577,0.696678,0.696678
3.35483870968,-1.03225806452,0.329941737492,0.438443877822,0.599537711812,0.72726,0.72726
3.35483870968,-0.774193548387,0.344064360493,0.457318701538,0.625341991169,0.761824,0.761824
3.35483870968,-0.516129032258,0.360056521034,0.47858988294,0.654475307076,0.797001,0.797001
3.35483870968,-0.258064516129,0.378218859912,0.50270074479,0.687523174332,0.835138,0.835138
3.35483870968,0.0,0.39893168363,0.530202352194,0.725214260298,0.878801,0.878801
3.35483870968,0.258064516129,0.42273927046,0.56181910958,0.768543920103,0.929171,0.929171
3.35483870968,0.516129032258,0.450353456506,0.598498369372,0.818811290491,0.987802,0.987802
3.35483870968,0.774193548387,0.482721568609,0.641500682944,0.877744799966,1.056777,1.056777
3.35483870968,1.03225806452,0.521129240174,0.692540151769,0.947696995296,1.138946,1.138946
3.35483870968,1.29032258065,0.567367577048,0.754003049331,1.03194122514,1.238326,1.238326
3.35483870968,1.54838709677,0.623999345708,0.829309165136,1.13517299066,1.360758,1.360758
3.35483870968,1.8064516129,0.694813802609,0.923519279217,1.26433329171,1.515076,1.515076
3.35483870968,2.06451612903,0.785621723248,1.04440990845,1.43009639713,1.715304,1.715304
3.35483870968,2.32258064516,0.905708432387,1.20444007096,1.64954011345,1.985125,1.985125
3.35483870968,2.58064516129,1.07058951745,1.4244274846,1.95116142297,2.364417,2.364417
3.35483870968,2.83870967742,1.30777286204,1.74079537266,2.38468132761,2.914404,2.914404
3.35483870968,3.09677419355,1.66858383026,2.21943855332,3.03941231255,3.8271,3.8271
3.35483870968,3.35483870968,2.22205722964,2.95315959255,4.03900452694,5.51257374144,5.635373
3.35483870968,3.61290322581,2.9156400619,3.87415206665,5.29059931331,7.20212538008,8.449764
3.35483870968,3.87096774194,3.08897971956,4.1418940754,5.71393387069,7.88607501684,10.4643765511
3.61290322581,-3.87096774194,0.233942725963,0.310727137168,0.424739086039,0.503412,0.503412
3.61290322581,-3.61290322581,0.238347390598,0.316558593304,0.432735908684,0.513541,0.513541
3.61290322581,-3.35483870968,0.243155184833,0.32292084907,0.441461423822,0.524644,0.524644
3.61290322581,-3.09677419355,0.248407988514,0.329869474305,0.450989722107,0.536819,0.536819
3.61290322581,-2.83870967742,0.254150036378,0.337462108201,0.461401319355,0.550185,0.550185
3.61290322581,-2.58064516129,0.260434317138,0.345776288691,0.472790615395,0.564879,0.564879
3.61290322581,-2.32258064516,0.267321529301,0.3549634114,0.48535186274,0.581061,0.581061
3.61290322581,-2.06451612903,0.274883341616,0.36505262903,0.499157942036,0.598924,0.598924
3.61290322581,-1.8064516129,0.283202980298,0.376156353721,0.514350957064,0.618693,0.618693
3.61290322581,-1.54838709677,0.292379956426,0.388407301053,0.531110904646,0.640641,0.640641
3.61290322581,-1.29032258065,0.302530998276,0.401963518372,0.54965220967,0.665097,0.665097
3.61290322581,-1.03225806452,0.313796248278,0.417013432117,0.570232003156,0.692464,0.692464
3.61290322581,-0.774193548387,0.326343703626,0.433784186359,0.593157397339,0.723238,0.723238
3.61290322581,-0.516129032258,0.340501779092,0.452600290991,0.618935088195,0.753789,0.753789
3.61290322581,-0.258064516129,0.356470470072,0.47380320064,0.64799345881,0.787494,0.787494
3.61290322581,0.0,0.374564827094,0.497832790096,0.680922413948,0.825849,0.825849
3.61290322581,0.258064516129,0.39521064363,0.525256015762,0.718501054782,0.869787,0.869787
3.61290322581,0.516129032258,0.418954905065,0.556801880782,0.761727964066,0.92052,0.92052
3.61290322581,0.774193548387,0.446514857691,0.593424398625,0.811910750312,0.979638,0.979638
3.61290322581,1.03225806452,0.47884374503,0.636395606253,0.870795647656,1.049281,1.049281
3.61290322581,1.29032258065,0.517241081743,0.687446666949,0.940758033613,1.132391,1.132391
3.61290322581,1.54838709677,0.563517995879,0.748996090593,1.02511341835,1.233127,1.233127
3.61290322581,1.8064516129,0.620272843545,0.824512446118,1.12862335164,1.357567,1.357567
3.61290322581,2.06451612903,0.691355890582,0.919148536416,1.25835256681,1.514961,1.514961
3.61290322581,2.32258064516,0.782683385962,1.04083431448,1.42517959923,1.720106,1.720106
3.61290322581,2.58064516129,0.903733536446,1.20231681157,1.64655354759,1.998234,1.998234
3.61290322581,2.83870967742,1.07074440129,1.42513561231,1.95200471866,2.382351,2.382351
3.61290322581,3.09677419355,1.31394276471,1.74745279921,2.39501549458,2.954298,2.954298
3.61290322581,3.35483870968,1.68397919036,2.24019508358,3.06996298322,3.918321,3.918321
3.61290322581,3.61290322581,2.26247346695,3.00618236723,4.11413622699,5.61491823728,5.885195
3.61290322581,3.87096774194,2.98909850402,3.97370989878,5.4267081431,7.3907629667,8.602555
3.87096774194,-3.87096774194,0.227046291118,0.301540733124,0.412209026776,0.489381,0.489381
3.87096774194,-3.61290322581,0.231081076672,0.306879937505,0.419532330132,0.498715,0.498715
3.87096774194,-3.35483870968,0.235484492322,0.312704561208,0.427521251037,0.508936,0.508936
3.87096774194,-3.09677419355,0.24028971252,0.319058720017,0.436235101466,0.520132,0.520132
3.87096774194,-2.83870967742,0.245536447324,0.325993325813,0.445745434867,0.532404,0.532404
3.87096774194,-2.58064516129,0.251269975832,0.333638202016,0.456189486493,0.545872,0.545872
3.87096774194,-2.32258064516,0.257542679228,0.342007472732,0.467643009069,0.560674,0.560674
3.87096774194,-2.06451612903,0.264415730702,0.351179524349,0.48019413303,0.576975,0.576975
3.87096774194,-1.8064516129,0.27196028333,0.36125048376,0.493972510466,0.594967,0.594967
3.87096774194,-1.54838709677,0.280259797354,0.372331942652,0.509130957255,0.614882,0.614882
3.87096774194,-1.29032258065,0.28941263767,0.384556497171,0.525849549517,0.636996,0.636996
3.87096774194,-1.03225806452,0.299535885835,0.39808226378,0.544342327542,0.661646,0.661646
3.87096774194,-0.774193548387,0.31076817249,0.413096152166,0.564865057537,0.689239,0.689239
3.87096774194,-0.516129032258,0.32340371477,0.429877154847,0.58785941271,0.716088,0.716088
3.87096774194,-0.258064516129,0.337569291283,0.448689521721,0.613638272804,0.74615,0.74615
3.87096774194,0.0,0.353531459447,0.469891901673,0.642689785471,0.78018,0.78018
3.87096774194,0.258064516129,0.371629283411,0.493936353431,0.675633375687,0.818932,0.818932
3.87096774194,0.516129032258,0.392293245634,0.521395676714,0.71325525154,0.863367,0.863367
3.87096774194,0.774193548387,0.416077432945,0.553008574249,0.756567924025,0.914733,0.914733
3.87096774194,1.03225806452,0.443708496954,0.589743180406,0.806898387274,0.974678,0.974678
3.87096774194,1.29032258065,0.476155469472,0.632893559292,0.866021260183,1.045422,1.045422
3.87096774194,1.54838709677,0.514742238204,0.684225427217,0.93635876756,1.130036,1.130036
3.87096774194,1.8064516129,0.561316576463,0.746209256362,1.02129739718,1.232879,1.232879
3.87096774194,2.06451612903,0.618540299615,0.822402792388,1.12571929422,1.360364,1.360364
3.87096774194,2.32258064516,0.690366136612,0.918106546151,1.25688432033,1.522323,1.522323
3.87096774194,2.58064516129,0.782891206948,1.04150762372,1.42600683117,1.734635,1.734635
3.87096774194,2.83870967742,0.90628889112,1.20582463127,1.65121365191,2.023302,2.023302
3.87096774194,3.09677419355,1.07821183531,1.43407288132,1.96493448164,2.418126,2.418126
3.87096774194,3.35483870968,1.32984103207,1.76883395594,2.42325686334,3.022698,3.022698
3.87096774194,3.61290322581,1.71858022259,2.28608899768,3.13094989411,4.063353,4.063353
3.87096774194,3.87096774194,2.33488961277,3.10323265348,4.24640808046,5.79437169918,6.060074
