-1.45161290323,-1.45161290323,0.181705205308,0.265889077495,0.32949863175,0.464238498636,0.66340461455
-1.45161290323,-1.35483870968,0.193410362124,0.284536934481,0.35119760984,0.496978532135,0.708242708381
-1.45161290323,-1.25806451613,0.205679424496,0.304400527665,0.374030350855,0.531888981457,0.755635279772
-1.45161290323,-1.16129032258,0.218423260957,0.325418972693,0.397849946529,0.568871615827,0.805318835977
-1.45161290323,-1.06451612903,0.231510256725,0.347471486795,0.422433113766,0.607724416766,0.85687905428
-1.45161290323,-0.967741935484,0.244760650919,0.37036033705,0.447463015971,0.64811135443,0.909702677444
-1.45161290323,-0.870967741935,0.257941144991,0.393796625932,0.47252177722,0.689532613277,0.962954266685
-1.45161290323,-0.774193548387,0.270766426452,0.417385404332,0.497169002423,0.73130443311,1.01555789604
-1.45161290323,-0.677419354839,0.282905268908,0.440620309579,0.525483526798,0.772538216074,1.0662040505
-1.45161290323,-0.58064516129,0.293996241313,0.462885478389,0.55273694025,0.812143509792,1.11339435191
-1.45161290323,-0.483870967742,0.303671388893,0.483473500184,0.578069531175,0.848866842865,1.16097427094
-1.45161290323,-0.387096774194,0.311587987896,0.501622848352,0.600539503751,0.881342114078,1.20527801809
-1.45161290323,-0.290322580645,0.317460069465,0.516573123897,0.619195388181,0.908195757173,1.24187640017
-1.45161290323,-0.193548387097,0.321090968943,0.527631481927,0.633153867155,0.928167669329,1.2690477426
-1.45161290323,-0.0967741935484,0.324742867856,0.534250754736,0.641701231574,0.940245544793,1.28541587233
-1.45161290323,0.0,0.326296653374,0.53608771439,0.644375687855,0.943787660758,1.2901121591
-1.45161290323,0.0967741935484,0.324742402014,0.53305179244,0.641029715212,0.938605679576,1.28288733459
-1.45161290323,0.193548387097,0.320167481376,0.525318362034,0.631848551584,0.924987914195,1.26414536851
-1.45161290323,0.290322580645,0.312821081809,0.513281462006,0.617326411176,0.903659606855,1.23488480404
-1.45161290323,0.387096774194,0.303085511194,0.497541316331,0.598200288046,0.87569218634,1.1965749553
-1.45161290323,0.483870967742,0.29142506036,0.478810550446,0.575364662917,0.84237482927,1.15097718357
-1.45161290323,0.58064516129,0.278338775995,0.457846996898,0.549774596036,0.805083226775,1.09997155333
-1.45161290323,0.677419354839,0.264754147923,0.435392793597,0.522365130224,0.765158820127,1.04538877427
-1.45161290323,0.774193548387,0.252606300083,0.412126134769,0.49398450999,0.723824024043,0.988893804386
-1.45161290323,0.870967741935,0.240183438898,0.388624724156,0.465359355104,0.682124625656,0.931912857678
-1.45161290323,0.967741935484,0.227728348771,0.365370802151,0.437075398407,0.640906573516,0.8755995278
-1.45161290323,1.06451612903,0.215402577339,0.342726057045,0.409580382482,0.600817435912,0.82083359422
-1.45161290323,1.16129032258,0.203353401606,0.320954996837,0.383194245259,0.562323349072,0.768251046383
-1.45161290323,1.25806451613,0.191695201019,0.300235935685,0.358129547293,0.525733360441,0.718272489957
-1.45161290323,1.35483870968,0.180512045119,0.280676153671,0.334508488694,0.491230764816,0.67203392225
-1.45161290323,1.45161290323,0.169860548565,0.262326480007,0.312386879033,0.458898160575,0.630447288137
-1.35483870968,-1.45161290323,0.195610600414,0.283950540599,0.354083452848,0.495554287391,0.711311215363
-1.35483870968,-1.35483870968,0.209310732503,0.305329329722,0.379366114055,0.5330454658,0.763274554341
-1.35483870968,-1.25806451613,0.223840475415,0.328331379754,0.406275560149,0.573420870864,0.818810084486
-1.35483870968,-1.16129032258,0.239123457872,0.352933156791,0.434695387048,0.616649892901,0.877737754212
-1.35483870968,-1.06451612903,0.255029607966,0.37904053891,0.464411460457,0.662579354817,0.939681215404
-1.35483870968,-0.967741935484,0.271362490031,0.406464647938,0.495088537162,0.710892419749,1.00400790399
-1.35483870968,-0.870967741935,0.287850431842,0.434895652223,0.526246562364,0.761060747258,1.06978368991
-1.35483870968,-0.774193548387,0.304137991418,0.463879119988,0.557244484999,0.812295852276,1.13572278054
-1.35483870968,-0.677419354839,0.319791784244,0.492795411177,0.587281313251,0.863518177937,1.20016825195
-1.35483870968,-0.58064516129,0.334313064912,0.520854060518,0.621214802292,0.913340364001,1.2611216732
-1.35483870968,-0.483870967742,0.347170373851,0.547110109113,0.653404239951,0.960087739467,1.31633628793
-1.35483870968,-0.387096774194,0.357843662083,0.570510496451,0.682268444826,1.00188076917,1.37032724529
-1.35483870968,-0.290322580645,0.365879896617,0.589969092579,0.706457750007,1.03676748027,1.41789524431
-1.35483870968,-0.193548387097,0.37094626651,0.604474429849,0.724695295224,1.0629118177,1.45348478293
-1.35483870968,-0.0967741935484,0.372866911513,0.61320579403,0.735921541003,1.07881212627,1.47504535748
-1.35483870968,0.0,0.374191394208,0.615648864507,0.739446066268,1.08350033349,1.48127039484
-1.35483870968,0.0967741935484,0.37214666588,0.611661652665,0.735046132157,1.0766905334,1.47178046654
-1.35483870968,0.193548387097,0.366148024133,0.601498950138,0.723000966447,1.0588154857,1.44717783515
-1.35483870968,0.290322580645,0.35657051021,0.585770684419,0.704048095069,1.0309643324,1.40896236131
-1.35483870968,0.387096774194,0.343976138812,0.565363048346,0.679277487033,0.994716117774,1.35930354522
-1.35483870968,0.483870967742,0.329033893225,0.541294645654,0.649981186485,0.951943112277,1.30075728316
-1.35483870968,0.58064516129,0.312784109727,0.514646756048,0.617509615873,0.904584895458,1.23597570125
-1.35483870968,0.677419354839,0.29784833213,0.486432954062,0.583139142093,0.854483048489,1.16747038852
-1.35483870968,0.774193548387,0.282480605748,0.457562647043,0.547992004384,0.803249881069,1.09744263776
-1.35483870968,0.870967741935,0.266973272551,0.428770052273,0.512986723944,0.752213646481,1.02769788486
-1.35483870968,0.967741935484,0.251593352515,0.400629137865,0.478830083679,0.702393937461,0.959627753725
-1.35483870968,1.06451612903,0.236559214946,0.373556899058,0.446028271728,0.654526387199,0.894232051612
-1.35483870968,1.16129032258,0.222039042285,0.347832327515,0.414916611234,0.60909936365,0.832175521286
-1.35483870968,1.25806451613,0.208153164627,0.3236225107,0.385689003044,0.566397309975,0.774958412524
-1.35483870968,1.35483870968,0.194981359788,0.301006181375,0.358432265975,0.526551002693,0.723576802054
-1.35483870968,1.45161290323,0.182568335456,0.279997072493,0.333153358366,0.489574709433,0.67547618195
-1.25806451613,-1.45161290323,0.210473201836,0.303101348605,0.380298533598,0.528748151506,0.762230755917
-1.25806451613,-1.35483870968,0.226487067502,0.327594983972,0.409718165318,0.571653314269,0.822370863026
-1.25806451613,-1.25806451613,0.243683938207,0.354232857923,0.441414676188,0.6183534617,0.887410738071
-1.25806451613,-1.16129032258,0.262019131919,0.383055863232,0.475334494729,0.668931607108,0.957314772439
-1.25806451613,-1.06451612903,0.281381764427,0.414025768174,0.511309656856,0.723338106428,1.03182193776
-1.25806451613,-0.967741935484,0.301576052274,0.446991781266,0.549017267777,0.781324312296,1.11035904976
-1.25806451613,-0.870967741935,0.322299487987,0.481649466506,0.587936296642,0.842377630036,1.19194869529
-1.25806451613,-0.774193548387,0.343125703034,0.517495743081,0.627311907607,0.905633263427,1.27510591683
-1.25806451613,-0.677419354839,0.363496375665,0.553791265712,0.666129492515,0.969807588285,1.35778043764
-1.25806451613,-0.58064516129,0.382731130234,0.589530584066,0.70312503465,1.03314400543,1.43734491164
-1.25806451613,-0.483870967742,0.400061533932,0.623452083791,0.743635603601,1.09341872458,1.51066647998
-1.25806451613,-0.387096774194,0.414696327586,0.654081651187,0.781265489812,1.14801501476,1.57432240367
-1.25806451613,-0.290322580645,0.425907085033,0.679845240387,0.813162607451,1.19411343871,1.63335350934
-1.25806451613,-0.193548387097,0.433124269429,0.699230633156,0.837431551387,1.22898139716,1.68084646491
-1.25806451613,-0.0967741935484,0.436019950246,0.710984247241,0.852471120692,1.25033227134,1.70982138037
-1.25806451613,0.0,0.434541131725,0.714301727906,0.857211546023,1.25666735609,1.71824576323
-1.25806451613,0.0967741935484,0.43071579459,0.7089584154,0.851308064787,1.2475364839,1.7055217769
-1.25806451613,0.193548387097,0.422699038246,0.695349200202,0.835191564847,1.22361038408,1.67258885557
-1.25806451613,0.290322580645,0.409983489074,0.674415910606,0.810001095279,1.1865656926,1.62175300951
-1.25806451613,0.387096774194,0.39341776081,0.647491050181,0.777383125682,1.13879888072,1.55630310255
-1.25806451613,0.483870967742,0.374618037027,0.616105930663,0.739248003928,1.08307344998,1.48002078137
-1.25806451613,0.58064516129,0.356121628424,0.581804491997,0.697527461734,1.02217728936,1.39670999152
-1.25806451613,0.677419354839,0.336817690566,0.545998108785,0.653984526051,0.958649505336,1.30984049289
-1.25806451613,0.774193548387,0.317196622729,0.509874255973,0.610098430082,0.894624058257,1.22231774024
-1.25806451613,0.870967741935,0.297674259834,0.474365839681,0.567020651909,0.831762543642,1.13640852595
-1.25806451613,0.967741935484,0.278586055052,0.440150051927,0.525579982917,0.771266799198,1.05374557133
-1.25806451613,1.06451612903,0.260185636752,0.407680607634,0.48632446818,0.713930173943,0.975410823251
-1.25806451613,1.16129032258,0.242652166852,0.377225246367,0.449569744651,0.66021754032,0.903441512493
-1.25806451613,1.25806451613,0.226099632352,0.34891071787,0.415458316317,0.610338584863,0.838935742522
-1.25806451613,1.35483870968,0.210588442491,0.322759110329,0.384077472985,0.564318878847,0.778903846591
-1.25806451613,1.45161290323,0.196136313614,0.298720325219,0.357228088696,0.522059525713,0.723327921812
-1.16129032258,-1.45161290323,0.226242367333,0.323268653342,0.408047794634,0.566727095146,0.815963828262
-1.16129032258,-1.35483870968,0.244916951919,0.35128977292,0.442204982825,0.613916072071,0.88541334954
-1.16129032258,-1.25806451613,0.265238105255,0.382113792889,0.47948098164,0.666701097491,0.961461781119
-1.16129032258,-1.16129032258,0.287219880108,0.415884928904,0.519938828538,0.7258867125,1.04432591912
-1.16129032258,-1.06451612903,0.310802520236,0.45266723262,0.563513079046,0.790413068325,1.13397813424
-1.16129032258,-0.967741935484,0.335822212731,0.492397814066,0.609953119255,0.860191965973,1.23003065406
-1.16129032258,-0.870967741935,0.361972039097,0.534825312959,0.658751917715,0.934808841133,1.33157598675
-1.16129032258,-0.774193548387,0.388767155365,0.579437640828,0.709068293899,1.01339238097,1.43702131415
-1.16129032258,-0.677419354839,0.415511429465,0.625386153185,0.759665186528,1.09448021722,1.543933661
-1.16129032258,-0.58064516129,0.441292329138,0.671418547659,0.808872996721,1.17589391759,1.64890492349
-1.16129032258,-0.483870967742,0.465007149537,0.715852269794,0.854626453638,1.25468222888,1.74761578537
-1.16129032258,-0.387096774194,0.485443700224,0.756616719937,0.902529265027,1.32718582244,1.83502999104
-1.16129032258,-0.290322580645,0.501419239381,0.791391770565,0.945389738539,1.38927219088,1.90589944511
-1.16129032258,-0.193548387097,0.511947657981,0.81786343607,0.978374763699,1.43677779637,1.96540356174
-1.16129032258,-0.0967741935484,0.51640662604,0.834054143885,0.99897940213,1.46611149714,2.00524232389
-1.16129032258,0.0,0.514632926243,0.838669514251,1.00550958161,1.47487892156,2.01692198971
-1.16129032258,0.0967741935484,0.506924636809,0.831340275031,0.997400321047,1.46234595011,1.99946338592
-1.16129032258,0.193548387097,0.493947714762,0.812699487091,0.975349622766,1.4295889178,1.95437018765
-1.16129032258,0.290322580645,0.476598501608,0.784245634365,0.941162766736,1.37927439656,1.8853151795
-1.16129032258,0.387096774194,0.455868881287,0.748062409638,0.897403406477,1.31513907809,1.7974232722
-1.16129032258,0.483870967742,0.432743500839,0.706468890915,0.846960306242,1.24136440564,1.6964173758
-1.16129032258,0.58064516129,0.408137941321,0.66171696671,0.792637653695,1.16200497638,1.58783604868
-1.16129032258,0.677419354839,0.382858438697,0.61576996138,0.736881742531,1.08058630109,1.47649235343
-1.16129032258,0.774193548387,0.357582178319,0.57019354173,0.681633213506,0.999911336335,1.36620416712
-1.16129032258,0.870967741935,0.3328465871,0.526135957662,0.628302694068,0.922019208184,1.25974685691
-1.16129032258,0.967741935484,0.309052391947,0.484361782026,0.577820451384,0.848257567046,1.15895231567
-1.16129032258,1.06451612903,0.286474829356,0.445320208923,0.530723656073,0.7794084365,1.06668967389
-1.16129032258,1.16129032258,0.265281843771,0.409222488824,0.487253221015,0.715826978672,0.984188873824
-1.16129032258,1.25806451613,0.24555487288,0.376104704061,0.447793416189,0.657560212976,0.907946343255
-1.16129032258,1.35483870968,0.22731030907,0.345888657644,0.41392250914,0.604451882401,0.837897543926
-1.16129032258,1.45161290323,0.210517231374,0.31842279438,0.382834246787,0.556224147621,0.773810626724
-1.06451612903,-1.45161290323,0.242817939493,0.344323753067,0.437151401979,0.607847583309,0.872154439437
-1.06451612903,-1.35483870968,0.264519846062,0.376302180543,0.476675825671,0.662621119716,0.952091003784
-1.06451612903,-1.25806451613,0.288464582149,0.411905577468,0.520394268444,0.723140255844,1.04077416619
-1.06451612903,-1.16129032258,0.314766246473,0.451436388067,0.56855800558,0.78971736225,1.13881410614
-1.06451612903,-1.06451612903,0.34346609733,0.495127740989,0.621296047164,0.864086142339,1.24659968984
-1.06451612903,-0.967741935484,0.374487377256,0.543086813981,0.678532948962,0.948190876906,1.3641385055
-1.06451612903,-0.870967741935,0.407575496555,0.595202062003,0.739880190554,1.03969730726,1.49082368062
-1.06451612903,-0.774193548387,0.442229553657,0.651036653214,0.804503649361,1.13787393888,1.62515629018
-1.06451612903,-0.677419354839,0.477632536402,0.709688770599,0.870979523428,1.24118178505,1.76441899754
-1.06451612903,-0.58064516129,0.512595629919,0.769653274741,0.937181067105,1.34701782757,1.90438869715
-1.06451612903,-0.483870967742,0.545557011743,0.82872247229,1.00023466194,1.45152749268,2.03919197607
-1.06451612903,-0.387096774194,0.574666831548,0.883974748078,1.05664409967,1.54957310678,2.16143085403
-1.06451612903,-0.290322580645,0.597979700607,0.931942450526,1.11171578918,1.63500590993,2.26285634913
-1.06451612903,-0.193548387097,0.613759350454,0.968994291688,1.15764517139,1.70133441923,2.33548805247
-1.06451612903,-0.0967741935484,0.620806644883,0.99190766401,1.18663421343,1.74272991573,2.38405896228
-1.06451612903,0.0,0.618706551798,0.998513264205,1.19587513644,1.75520796709,2.40071161266
-1.06451612903,0.0967741935484,0.607880813995,0.988182413681,1.18443063366,1.73752836912,2.37608789168
-1.06451612903,0.193548387097,0.589439078025,0.961968182648,1.15345939458,1.69148844323,2.31270274107
-1.06451612903,0.290322580645,0.564904525374,0.922349725343,1.10594038988,1.62148922131,2.21661282108
-1.06451612903,0.387096774194,0.535937107871,0.872684630697,1.04599405998,1.53354651337,2.09607642153
-1.06451612903,0.483870967742,0.504132196495,0.81657536444,0.978082921552,1.43413430741,1.95995090435
-1.06451612903,0.58064516129,0.470899450661,0.757347776602,0.906343079629,1.32923149513,1.81640825124
-1.06451612903,0.677419354839,0.437408909408,0.697736570035,0.834166207763,1.22373760401,1.67213066109
-1.06451612903,0.774193548387,0.404573132779,0.639772464404,0.764058652834,1.1212724398,1.53204646592
-1.06451612903,0.870967741935,0.373056605655,0.584808362895,0.697678693144,1.02423284925,1.39941489272
-1.06451612903,0.967741935484,0.343300796345,0.533637278953,0.635980866393,0.934003963208,1.27845374401
-1.06451612903,1.06451612903,0.315563130048,0.486623430551,0.579392720137,0.851208309096,1.17060416741
-1.06451612903,1.16129032258,0.289954071049,0.443832173141,0.528694588201,0.775935609537,1.07177353312
-1.06451612903,1.25806451613,0.266479272392,0.405133785232,0.485147975171,0.707935817931,0.981800186589
-1.06451612903,1.35483870968,0.245072061606,0.370283939768,0.44555648379,0.64675732625,0.900261020376
-1.06451612903,1.45161290323,0.225619020871,0.338978586098,0.40967460732,0.59184836228,0.826584489213
-0.967741935484,-1.45161290323,0.260039196849,0.366069176747,0.467326312148,0.650466072101,0.930254878282
-0.967741935484,-1.35483870968,0.28513866404,0.402434523482,0.512851208033,0.713719780711,1.02185682585
-0.967741935484,-1.25806451613,0.313232019981,0.443433396896,0.563913184718,0.784617360875,1.12486004309
-0.967741935484,-1.16129032258,0.344591314402,0.489599820472,0.621056568394,0.863883711117,1.2404728143
-0.967741935484,-1.06451612903,0.379433072951,0.541435578845,0.684735429342,0.952109568887,1.36975953787
-0.967741935484,-0.967741935484,0.417859387668,0.599338449624,0.755216102323,1.04960068523,1.5134547794
-0.967741935484,-0.870967741935,0.459771528723,0.663490521388,0.832420834443,1.15827050246,1.6716457609
-0.967741935484,-0.774193548387,0.504757538147,0.733688864737,0.915718893287,1.28149118583,1.84334147888
-0.967741935484,-0.677419354839,0.551954235884,0.809127021441,1.00366153435,1.41411222909,2.02591394566
-0.967741935484,-0.58064516129,0.599902410768,0.888124812856,1.09369361549,1.55324784466,2.21445500562
-0.967741935484,-0.483870967742,0.646454899947,0.967868488493,1.18194457747,1.69401944756,2.40122816576
-0.967741935484,-0.387096774194,0.688805723534,1.04426901683,1.26321853095,1.82926335631,2.57552030743
-0.967741935484,-0.290322580645,0.723740155829,1.11207628158,1.33138516359,1.94972299318,2.7242781815
-0.967741935484,-0.193548387097,0.748134531156,1.16544194707,1.39026723832,2.04499099785,2.83384276702
-0.967741935484,-0.0967741935484,0.759629813147,1.1989158398,1.43234082881,2.10527793969,2.89276577473
-0.967741935484,0.0,0.757227070349,1.20869828569,1.44585787299,2.12364490718,2.9052614808
-0.967741935484,0.0967741935484,0.741517478824,1.19365512906,1.42917040853,2.09788119326,2.86938707539
-0.967741935484,0.193548387097,0.714438612377,1.1556292265,1.38430980237,2.03113793672,2.77748346176
-0.967741935484,0.290322580645,0.67870373783,1.098905585,1.31640541364,1.93100842969,2.6400055402
-0.967741935484,0.387096774194,0.637198083868,1.02909454196,1.23231497585,1.80752263316,2.47072295814
-0.967741935484,0.483870967742,0.592561544895,0.951922503392,1.13911487606,1.67095550919,2.28370073711
-0.967741935484,0.58064516129,0.546977321339,0.872357514943,1.04295607483,1.53021335174,2.09110234167
-0.967741935484,0.677419354839,0.502111467012,0.794174320761,0.948508089212,1.39204133709,1.90212280616
-0.967741935484,0.774193548387,0.459141274134,0.719909181992,0.858893983715,1.26094643548,1.72289429942
-0.967741935484,0.870967741935,0.418817086999,0.65103748621,0.77590808519,1.13952503812,1.56000923807
-0.967741935484,0.967741935484,0.381546546527,0.588228642735,0.700350805381,1.02893151771,1.41528963615
-0.967741935484,1.06451612903,0.347482449633,0.531603593071,0.63352165458,0.929345456927,1.28404033006
-0.967741935484,1.16129032258,0.316597436792,0.480940177721,0.5762752567,0.840341514095,1.16588115436
-0.967741935484,1.25806451613,0.288748941118,0.435823303643,0.52481875805,0.761160382303,1.06002604336
-0.967741935484,1.35483870968,0.26372806046,0.395749484985,0.478712462033,0.69089394583,0.965468787808
-0.967741935484,1.45161290323,0.241294373747,0.360193504355,0.437481109009,0.628596870393,0.881129316396
-0.870967741935,-1.45161290323,0.277672166401,0.38822811934,0.498166038386,0.694001768818,0.989494176237
-0.870967741935,-1.35483870968,0.306520028126,0.429380993287,0.55028630774,0.766573328432,1.09385975615
-0.870967741935,-1.25806451613,0.339284438954,0.476381481819,0.60958539912,0.849109796407,1.21284272371
-0.870967741935,-1.16129032258,0.376473095141,0.53008954369,0.677031241093,0.942933907453,1.34849846531
-0.870967741935,-1.06451612903,0.418581543523,0.591406937253,0.753590429047,1.04936208221,1.50293517549
-0.870967741935,-0.967741935484,0.466031602601,0.66120624797,0.840121375037,1.1695346658,1.67810096962
-0.870967741935,-0.870967741935,0.519059257798,0.740200091096,0.937178903555,1.30414585057,1.87541729701
-0.870967741935,-0.774193548387,0.577550441056,0.828715629975,1.04471830923,1.45301200384,2.09518258425
-0.870967741935,-0.677419354839,0.640799302334,0.926357892798,1.1616525891,1.61786678484,2.33567320806
-0.870967741935,-0.58064516129,0.707210373919,1.03153627482,1.28528455267,1.80273505387,2.59194790831
-0.870967741935,-0.483870967742,0.773993357097,1.14089989072,1.41069843171,1.99535457266,2.85448721804
-0.870967741935,-0.387096774194,0.836998211975,1.24884432469,1.53036299916,2.18596004524,3.10814339675
-0.870967741935,-0.290322580645,0.890904247145,1.34738919465,1.63434896617,2.36054967107,3.33228893252
-0.870967741935,-0.193548387097,0.929990997962,1.4268621797,1.71162735014,2.50200608057,3.50318735802
-0.870967741935,-0.0967741935484,0.949474806472,1.47765449799,1.76261661852,2.59316432893,3.59901799318
-0.870967741935,0.0,0.946963774656,1.49274809917,1.78318899651,2.62131214448,3.60642050824
-0.870967741935,0.0967741935484,0.923248484815,1.46996936295,1.75788390413,2.58226607701,3.53265495908
-0.870967741935,0.193548387097,0.881914308323,1.4127342713,1.69047582025,2.48187478919,3.39438217356
-0.870967741935,0.290322580645,0.828060367783,1.32883981793,1.59025600546,2.33392929652,3.1912035909
-0.870967741935,0.387096774194,0.766909798842,1.22803692579,1.46910616444,2.15582915233,2.94701076129
-0.870967741935,0.483870967742,0.702915721208,1.11965894595,1.33851279997,1.96428093501,2.68466616176
-0.870967741935,0.58064516129,0.639428440845,1.01113714419,1.20765727881,1.77257317036,2.42231298866
-0.870967741935,0.677419354839,0.57872517438,0.907543252007,1.08280141804,1.58975348082,2.17226595411
-0.870967741935,0.774193548387,0.522179602975,0.811816345015,0.967554959375,1.42101823828,1.94568183327
-0.870967741935,0.870967741935,0.470479328886,0.725276686512,0.863518123358,1.26866739826,1.7452237733
-0.870967741935,0.967741935484,0.423825107502,0.648162758093,0.772645805863,1.13307657188,1.56576633962
-0.870967741935,1.06451612903,0.382100635212,0.580070221561,0.695374230842,1.01348287555,1.40644720639
-0.870967741935,1.16129032258,0.345001047185,0.52026056961,0.626889192345,0.908545196895,1.26572644017
-0.870967741935,1.25806451613,0.312127209774,0.467861755086,0.566375032267,0.816694915338,1.141777418
-0.870967741935,1.35483870968,0.283046444601,0.421986704296,0.512984512442,0.736344116264,1.03270709962
-0.870967741935,1.45161290323,0.257328767621,0.381797006916,0.465875008098,0.666000987635,0.936705490311
-0.774193548387,-1.45161290323,0.295402156792,0.410432187744,0.529127914763,0.737680732091,1.04885226026
-0.774193548387,-1.35483870968,0.328296291947,0.456709434704,0.588345957229,0.820274537843,1.16689904638
-0.774193548387,-1.25806451613,0.366209640677,0.510260041675,0.656692838585,0.915587375941,1.30335452214
-0.774193548387,-1.16129032258,0.409978432135,0.572382370345,0.735722444844,1.0257749088,1.4614338815
-0.774193548387,-1.06451612903,0.460517374823,0.644550501759,0.827157206666,1.15321882626,1.64474796739
-0.774193548387,-0.967741935484,0.518769454228,0.728365902572,0.932804146968,1.30039950927,1.85714753999
-0.774193548387,-0.870967741935,0.58558844855,0.825432342574,1.05434964969,1.46961720995,2.10236166486
-0.774193548387,-0.774193548387,0.661528722153,0.937102638086,1.19300788316,1.66245820413,2.38330586186
-0.774193548387,-0.677419354839,0.746489551443,1.06401142443,1.34886411782,1.87889060134,2.70080740424
-0.774193548387,-0.58064516129,0.83916956884,1.20532036545,1.5199002285,2.11584699288,3.05162289913
-0.774193548387,-0.483870967742,0.936360897079,1.3576175848,1.70064872482,2.37252978174,3.42560713068
-0.774193548387,-0.387096774194,1.03224462114,1.51365228138,1.88078615143,2.64736162745,3.80261892333
-0.774193548387,-0.290322580645,1.11814065327,1.66139117953,2.04446493032,2.90837278685,4.15058386987
-0.774193548387,-0.193548387097,1.18341401251,1.78448569724,2.17165798696,3.12678156964,4.42757885286
-0.774193548387,-0.0967741935484,1.21802018392,1.86518639153,2.24269836341,3.27107463492,4.59063940243
-0.774193548387,0.0,1.21609705647,1.88968015867,2.25380445026,3.31640314764,4.6102327788
-0.774193548387,0.0967741935484,1.1785123682,1.85349024522,2.21354273244,3.25431664087,4.48323864271
-0.774193548387,0.193548387097,1.11239184257,1.7633998816,2.10763899935,3.09641167554,4.23561180287
-0.774193548387,0.290322580645,1.02795886488,1.63449572932,1.95400869212,2.86933040163,3.92367130923
-0.774193548387,0.387096774194,0.935070457286,1.48449753389,1.7741497483,2.60462914592,3.56067558615
-0.774193548387,0.483870967742,0.841313021937,1.32890866278,1.5870911816,2.32999297309,3.18451492711
-0.774193548387,0.58064516129,0.751656516053,1.17869693867,1.40637307738,2.06501041429,2.82188195026
-0.774193548387,0.677419354839,0.668900408632,1.04023956782,1.2398719574,1.8210133399,2.49374802491
-0.774193548387,0.774193548387,0.594291000072,0.916361466062,1.09106456322,1.60297273468,2.20492580909
-0.774193548387,0.870967741935,0.528070009158,0.807577850019,0.962668509175,1.41173579849,1.95063896837
-0.774193548387,0.967741935484,0.469876092121,0.713100805866,0.854987401332,1.24584278529,1.72886627751
-0.774193548387,1.06451612903,0.419040004588,0.631534109929,0.761234614603,1.1027706664,1.53645529193
-0.774193548387,1.16129032258,0.374764073993,0.561280140979,0.679822035216,0.979657432638,1.36989874345
-0.774193548387,1.25806451613,0.336236489896,0.500770452436,0.609157043115,0.873709864747,1.22574556216
-0.774193548387,1.35483870968,0.302690324163,0.448573695442,0.547776478639,0.782380719487,1.10082904315
-0.774193548387,1.45161290323,0.273433245247,0.403429619117,0.494350181326,0.70344202904,0.992339580904
-0.677419354839,-1.45161290323,0.312828124497,0.432219930951,0.559523261376,0.780525848273,1.10704825398
-0.677419354839,-1.35483870968,0.349973583661,0.483849364191,0.62618095559,0.8736154727,1.2393905391
-0.677419354839,-1.25806451613,0.39341101431,0.544373616601,0.70420555904,0.982584604834,1.3944667927
-0.677419354839,-1.16129032258,0.444410005512,0.615661004756,0.795921936547,1.11067805717,1.57700220022
-0.677419354839,-1.06451612903,0.504476018931,0.699961057306,0.904103503081,1.26176330554,1.79266287465
-0.677419354839,-0.967741935484,0.575338787749,0.799930519658,1.03196540259,1.44031570247,2.04808796088
-0.677419354839,-0.870967741935,0.658880810094,0.918579436402,1.18305413655,1.65126055617,2.35070708863
-0.677419354839,-0.774193548387,0.756935592863,1.05905720936,1.36091265386,1.89948785057,2.70812784107
-0.677419354839,-0.677419354839,0.870851351148,1.22414067913,1.56831735638,2.18877512714,3.12671977309
-0.677419354839,-0.58064516129,1.00066329759,1.41516689191,1.8058267739,2.51969922193,3.60873049896
-0.677419354839,-0.483870967742,1.14373401427,1.63015411603,2.06928859311,2.88611184782,4.14732879596
-0.677419354839,-0.387096774194,1.29286045237,1.86098019319,2.3463190553,3.27013311111,4.71928696482
-0.677419354839,-0.290322580645,1.43451010344,2.09025009342,2.61275510051,3.65610894056,5.27710415952
-0.677419354839,-0.193548387097,1.54884054072,2.28996034923,2.83212606904,4.00931058052,5.74658510584
-0.677419354839,-0.0967741935484,1.61394979465,2.42565147592,2.9627621395,4.25095273897,6.03966657803
-0.677419354839,0.0,1.61477180562,2.46800897053,2.9741291821,4.32870812633,6.08736509759
-0.677419354839,0.0967741935484,1.55145256376,2.40693111869,2.8702165476,4.22378573678,5.87676962801
-0.677419354839,0.193548387097,1.43945560278,2.25710740898,2.69447746605,3.96138932266,5.46030276434
-0.677419354839,0.290322580645,1.30087705508,2.04994319219,2.44816938937,3.596832409,4.92589540621
-0.677419354839,0.387096774194,1.15511732779,1.8191925129,2.17210532429,3.19011128361,4.36111096081
-0.677419354839,0.483870967742,1.01491765587,1.59081201761,1.89811251573,2.78750678741,3.80967003034
-0.677419354839,0.58064516129,0.886933616071,1.38018656154,1.64523264937,2.41645754936,3.30962061648
-0.677419354839,0.677419354839,0.773714814486,1.19405367736,1.42186044571,2.08890976386,2.87205846844
-0.677419354839,0.774193548387,0.675432390981,1.03364625849,1.23143648523,1.80697164451,2.49526802137
-0.677419354839,0.870967741935,0.591043740634,0.89730202789,1.07539982296,1.56761035837,2.17423989764
-0.677419354839,0.967741935484,0.518990459526,0.782161112977,0.942632567767,1.36569959051,1.9020704085
-0.677419354839,1.06451612903,0.457591356326,0.685105311511,0.829843671198,1.19566650496,1.67160401178
-0.677419354839,1.16129032258,0.40524789955,0.60319997293,0.73393910211,1.05229783198,1.47620850248
-0.677419354839,1.25806451613,0.360531084384,0.53387379754,0.652205069814,0.931037281772,1.31008691951
-0.677419354839,1.35483870968,0.32220872304,0.474954371021,0.582299414753,0.828044012317,1.16831932204
-0.677419354839,1.45161290323,0.289240421713,0.424642379976,0.522265809046,0.740145090814,1.04680660699
-0.58064516129,-1.45161290323,0.32946712452,0.453040999677,0.588529730226,0.821369985095,1.16255699618
-0.58064516129,-1.35483870968,0.370930513378,0.510088808558,0.662729964176,0.925089304384,1.30936193165
-0.58064516129,-1.25806451613,0.420092482241,0.577810766649,0.750761666433,1.04816483172,1.48364616212
-0.58064516129,-1.16129032258,0.478764250712,0.658768410819,0.855906650006,1.19519303295,1.6919847848
-0.58064516129,-1.06451612903,0.549225887592,0.756212726738,0.982306374604,1.37197075337,1.94270722944
-0.58064516129,-0.967741935484,0.634313881663,0.874240237218,1.13513772039,1.58574790449,2.2462783552
-0.58064516129,-0.870967741935,0.737476846263,1.01792854198,1.32074105727,1.84539491266,2.61560270344
-0.58064516129,-0.774193548387,0.862724046075,1.19333967478,1.54655584836,2.16132437242,3.06599490477
-0.58064516129,-0.677419354839,1.01428399458,1.40720052629,1.82057612297,2.54469247236,3.61422611888
-0.58064516129,-0.58064516129,1.1956564757,1.66578218214,2.14972596496,3.00511611051,4.27546369229
-0.58064516129,-0.483870967742,1.40750473381,1.97220374146,2.53612391407,3.54537844191,5.05605774156
-0.58064516129,-0.387096774194,1.64370475286,2.32111142817,2.96998660132,4.15133836188,5.93940482168
-0.58064516129,-0.290322580645,1.88557764117,2.69032182374,3.41887304451,4.77660410476,6.86389000052
-0.58064516129,-0.193548387097,2.09702241965,3.03254828657,3.81798521431,5.32849727237,7.70152786562
-0.58064516129,-0.0967741935484,2.22860115921,3.27751720487,4.07585430512,5.7396502889,8.26545084533
-0.58064516129,0.0,2.23890436285,3.35705533026,4.11199104966,5.88439337632,8.38204737449
-0.58064516129,0.0967741935484,2.12343804374,3.24558776774,3.91157882253,5.69262651923,8.00488050617
-0.58064516129,0.193548387097,1.91975028167,2.97863973289,3.55170564461,5.22541875515,7.2568857909
-0.58064516129,0.290322580645,1.68012554373,2.62763597005,3.13536428101,4.60836080416,6.34168267258
-0.58064516129,0.387096774194,1.44387533719,2.25982737845,2.69617813105,3.96076523921,5.4264259872
-0.58064516129,0.483870967742,1.23080585118,1.9176605011,2.28637317776,3.35829127788,4.59999768676
-0.58064516129,0.58064516129,1.04726412708,1.61965570832,1.92917253033,2.83397132358,3.89178799023
-0.58064516129,0.677419354839,0.892837539873,1.36919219181,1.629094013,2.39379196011,3.30041410175
-0.58064516129,0.774193548387,0.764380337852,1.16236603326,1.39095390465,2.03074345169,2.81235561142
-0.58064516129,0.870967741935,0.657980666854,0.992748212755,1.19502400569,1.73334722566,2.41107063672
-0.58064516129,0.967741935484,0.569844727035,0.853718387126,1.03324275986,1.4898332014,2.08083221949
-0.58064516129,1.06451612903,0.496630567408,0.739398045616,0.899223993481,1.28977456334,1.8080651996
-0.58064516129,1.16129032258,0.435539703028,0.644897782671,0.78765639496,1.12452801063,1.58158439829
-0.58064516129,1.25806451613,0.384287261268,0.566283673427,0.694254170344,0.987149374856,1.39238144245
-0.58064516129,1.35483870968,0.341034211555,0.500437527998,0.615567565416,0.872143970121,1.23329629039
-0.58064516129,1.45161290323,0.304308126993,0.444899760262,0.548855914339,0.775188277898,1.09864637829
-0.483870967742,-1.45161290323,0.344771240991,0.472270837659,0.615214147578,0.858892710312,1.21365333556
-0.483870967742,-1.35483870968,0.390433055663,0.534592041958,0.696742355229,0.97292791678,1.3744997455
-0.483870967742,-1.25806451613,0.445267752301,0.609446083871,0.794681411719,1.10995141694,1.56778057981
-0.483870967742,-1.16129032258,0.511718633172,0.70019506403,0.913420631394,1.27612189023,1.80220244634
-0.483870967742,-1.06451612903,0.593009776974,0.811294940704,1.0587621938,1.47957688819,2.08930293998
-0.483870967742,-0.967741935484,0.693407272855,0.948677845491,1.23840265597,1.73112424393,2.44442446838
-0.483870967742,-0.870967741935,0.818542638015,1.12023614343,1.46254040812,2.04507599413,2.88796548586
-0.483870967742,-0.774193548387,0.975749651386,1.336367805,1.74451115968,2.44017011514,3.44674207959
-0.483870967742,-0.677419354839,1.17425405108,1.61038991921,2.10122179027,2.94015966435,4.15500589938
-0.483870967742,-0.58064516129,1.42476232525,1.95823590321,2.55254050017,3.57299015403,5.05351304198
-0.483870967742,-0.483870967742,1.73733455261,2.39597382004,3.11769091443,4.36573626717,6.18288080302
-0.483870967742,-0.387096774194,2.11524631314,2.93197186226,3.80448876186,5.32943781775,7.56275960378
-0.483870967742,-0.290322580645,2.54136142572,3.54881854236,4.58491248239,6.42448813054,9.14373268526
-0.483870967742,-0.193548387097,2.95650820716,4.17364757299,5.35538305056,7.50365822385,10.7272214095
-0.483870967742,-0.0967741935484,3.24725455994,4.65799975621,5.91152782168,8.27409951877,11.9091641957
-0.483870967742,0.0,3.289590291,4.82484673581,6.02132477828,8.45267455618,12.211847514
-0.483870967742,0.0967741935484,3.05538220717,4.59889235932,5.61769112243,8.06319894676,11.4619811379
-0.483870967742,0.193548387097,2.6503274235,4.07945847328,4.88244120781,7.15455335101,9.99329847844
-0.483870967742,0.290322580645,2.21179072784,3.44731612282,4.11171463084,6.04414019567,8.33085906374
-0.483870967742,0.387096774194,1.81849488324,2.84017228536,3.38751325762,4.9760026115,6.81591078438
-0.483870967742,0.483870967742,1.49271811928,2.31980938969,2.76476709586,4.06058022582,5.56032517263
-0.483870967742,0.58064516129,1.23113580151,1.89751459643,2.25901092735,3.31834128497,4.55834018381
-0.483870967742,0.677419354839,1.02322016968,1.56269689759,1.86290142367,2.73056169653,3.76829770554
-0.483870967742,0.774193548387,0.858046328353,1.29896790164,1.55875716711,2.26814729939,3.14557430799
-0.483870967742,0.870967741935,0.726253933759,1.09075162186,1.31691529047,1.90347456835,2.65217391869
-0.483870967742,0.967741935484,0.620360681579,0.925232255807,1.12317361756,1.61386087205,2.25812569652
-0.483870967742,1.06451612903,0.534568463472,0.792463808347,0.966600922254,1.38173965508,1.94051466807
-0.483870967742,1.16129032258,0.46444323234,0.684909677242,0.83888472743,1.19382923213,1.68203936403
-0.483870967742,1.25806451613,0.406610218727,0.596911750075,0.733751691148,1.04017028952,1.46966890671
-0.483870967742,1.35483870968,0.358497113023,0.52421267677,0.646420450993,0.913285751898,1.29355485946
-0.483870967742,1.45161290323,0.318133175853,0.463595477885,0.573250999892,0.807530514346,1.14621550437
-0.387096774194,-1.45161290323,0.358153710335,0.489243507626,0.638578010713,0.891687720939,1.25849695851
-0.387096774194,-1.35483870968,0.407670097763,0.556437698094,0.726838552953,1.01518198827,1.43226241278
-0.387096774194,-1.25806451613,0.467804619417,0.637991810457,0.834035954878,1.1652181573,1.64331064538
-0.387096774194,-1.16129032258,0.541675152059,0.738123903256,0.965742006826,1.34961798271,1.90263001709
-0.387096774194,-1.06451612903,0.633560321598,0.862631640673,1.12960855504,1.57912329136,2.22531415761
-0.387096774194,-0.967741935484,0.749407565273,1.0195906569,1.3362860288,1.86869504971,2.63240478603
-0.387096774194,-0.870967741935,0.897582968636,1.22039681947,1.60077812431,2.23942240302,3.15359723199
-0.387096774194,-0.774193548387,1.089945417,1.48128579532,1.94441137153,2.72128696171,3.83118585599
-0.387096774194,-0.677419354839,1.3433020686,1.82541051716,2.39749645143,3.35694299738,4.72548985652
-0.387096774194,-0.58064516129,1.68102108503,2.28530483036,3.0024133544,4.2060860929,5.9212403999
-0.387096774194,-0.483870967742,2.13370911793,2.90422252065,3.8150851327,5.34766509222,7.53111789111
-0.387096774194,-0.387096774194,2.73481455102,3.73097669433,4.89774725612,6.86996593075,9.6825415039
-0.387096774194,-0.290322580645,3.49967627326,4.79270271804,6.28226118327,8.81939887842,12.4468242232
-0.387096774194,-0.193548387097,4.36455509671,6.01549361223,7.86166334475,11.04714633,15.6275128387
-0.387096774194,-0.0967741935484,5.08236006529,7.09263164304,9.20140296378,12.9356873279,18.3890350813
-0.387096774194,0.0,5.24309251828,7.50169738293,9.56055940833,13.4132408036,19.2713036156
-0.387096774194,0.0967741935484,4.6909767385,6.97069648437,8.61635710083,12.2214628005,17.5413378157
-0.387096774194,0.193548387097,3.79002702524,5.83795945356,6.98637274685,10.2403498684,14.3050270204
-0.387096774194,0.290322580645,2.94437921728,4.621370274,5.51606610554,8.10361212578,11.0991081264
-0.387096774194,0.387096774194,2.28445470268,3.59131251939,4.28608554465,6.29152904643,8.59545314058
-0.387096774194,0.483870967742,1.79370822174,2.7979238493,3.335552446,4.89614732428,6.68674333416
-0.387096774194,0.58064516129,1.42984411804,2.20610376628,2.62636707493,3.85649882547,5.27961979925
-0.387096774194,0.677419354839,1.15744788279,1.76635208174,2.10441727572,3.085072462,4.25031035993
-0.387096774194,0.774193548387,0.950814846377,1.43677990804,1.72497541361,2.50768708148,3.475798774
-0.387096774194,0.870967741935,0.791804193463,1.18637460166,1.43396696401,2.06948717129,2.88384368733
-0.387096774194,0.967741935484,0.667660423447,0.99317760443,1.20740304116,1.73171297671,2.42430058044
-0.387096774194,1.06451612903,0.569373000105,0.841814580791,1.02843835513,1.46727801953,2.06218814439
-0.387096774194,1.16129032258,0.490520491618,0.721482908788,0.885127535318,1.25718317602,1.77282281823
-0.387096774194,1.25806451613,0.426474544974,0.62451244906,0.768921464286,1.08796034377,1.53857705041
-0.387096774194,1.35483870968,0.373859713319,0.545387535253,0.673582375737,0.949936750276,1.34668213527
-0.387096774194,1.45161290323,0.330179266265,0.480084600792,0.594524526431,0.836061661193,1.18776261666
-0.290322580645,-1.45161290323,0.369030128131,0.503295915292,0.657631925814,0.918354603534,1.29526273926
-0.290322580645,-1.35483870968,0.42181126323,0.574682011216,0.751608314919,1.04986213323,1.48004610008
-0.290322580645,-1.25806451613,0.486502693262,0.662083662823,0.866786749756,1.21108986738,1.70647799372
-0.290322580645,-1.16129032258,0.566871434275,0.770549916207,1.00987621547,1.41145427735,1.98773585905
-0.290322580645,-1.06451612903,0.668244771572,0.907223820584,1.19036844906,1.66428633395,2.34247299149
-0.290322580645,-0.967741935484,0.798317945805,1.08243048117,1.42198547038,1.98885869869,2.79766734747
-0.290322580645,-0.870967741935,0.968464084967,1.31144455624,1.72502140293,2.41369238829,3.39324164776
-0.290322580645,-0.774193548387,1.19588288692,1.61742177202,2.1302129781,2.9819903522,4.18973984157
-0.290322580645,-0.677419354839,1.50718961396,2.03631846425,2.68520726583,3.76076410811,5.28117456962
-0.290322580645,-0.58064516129,1.94433672734,2.62509319436,3.46529324105,4.85596701314,6.81647695219
-0.290322580645,-0.483870967742,2.57381604212,3.47463860028,4.59026029786,6.43634293729,9.0333404286
-0.290322580645,-0.387096774194,3.49794903814,4.7257930602,6.2454049373,8.76346995372,12.3011126951
-0.290322580645,-0.290322580645,4.85376307121,6.56748944482,8.68110307889,12.1932078236,17.1214975765
-0.290322580645,-0.193548387097,6.7265914866,9.11537425652,12.0604551106,16.9666235038,23.8290927912
-0.290322580645,-0.0967741935484,8.7439278332,11.89700546,15.7429478572,22.1972282297,31.2086646288
-0.290322580645,0.0,9.43188087799,13.1629407619,17.1413723331,24.1762820841,34.3366501786
-0.290322580645,0.0967741935484,7.79910227496,11.605800567,14.3683300179,20.369202686,29.3201557602
-0.290322580645,0.193548387097,5.51500175991,8.74875384933,10.4592156493,15.370125328,21.0593159503
-0.290322580645,0.290322580645,3.86302007862,6.26702835703,7.50725381324,11.0031919234,15.0306381352
-0.290322580645,0.387096774194,2.80321457515,4.51240857451,5.39886699623,7.91017196292,10.7983260779
-0.290322580645,0.483870967742,2.10361351915,3.32814906086,3.9733871243,5.82491988446,7.9501957328
-0.290322580645,0.58064516129,1.62312139919,2.52377703035,3.00677217001,4.41136801046,6.02099052785
-0.290322580645,0.677419354839,1.28243100539,1.96471852606,2.33660574976,3.43077333467,4.70143714825
-0.290322580645,0.774193548387,1.03429462566,1.56554515156,1.87488514618,2.73170506447,3.77447926793
-0.290322580645,0.870967741935,0.849222848068,1.27293066182,1.53672556649,2.21987754408,3.08784268614
-0.290322580645,0.967741935484,0.70821518618,1.05318893163,1.27978279387,1.83587908662,2.56756629435
-0.290322580645,1.06451612903,0.598708132371,0.88457148656,1.08067769095,1.54143691676,2.16532510677
-0.290322580645,1.16129032258,0.512197175992,0.752684685338,0.923658860849,1.31126999572,1.84873353854
-0.290322580645,1.25806451613,0.442802415004,0.647769635072,0.797898768607,1.12825679107,1.59556105091
-0.290322580645,1.35483870968,0.386370348385,0.563050314707,0.695757532397,0.980528776985,1.39021834773
-0.290322580645,1.45161290323,0.339914484911,0.493723928202,0.61176020075,0.859678274344,1.22155332157
-0.193548387097,-1.45161290323,0.376872520406,0.513820267488,0.671473276676,0.937621792305,1.32228099973
-0.193548387097,-1.35483870968,0.432087349221,0.588442789781,0.769742621801,1.07511954991,1.51542879379
-0.193548387097,-1.25806451613,0.500218127656,0.680410408246,0.890988018549,1.24481692328,1.75367894485
-0.193548387097,-1.16129032258,0.585565907918,0.795477549801,1.04285928396,1.45744941034,2.05204421132
-0.193548387097,-1.06451612903,0.694345597756,0.941960091057,1.23641803064,1.72854110805,2.43223260852
-0.193548387097,-0.967741935484,0.835785411757,1.13221123024,1.4880929111,2.08115945872,2.92650373873
-0.193548387097,-0.870967741935,1.02400910359,1.38516265439,1.8230521164,2.55064687022,3.58430197889
-0.193548387097,-0.774193548387,1.28139439723,1.73087907385,2.28121066919,3.19306543995,4.48414167921
-0.193548387097,-0.677419354839,1.64480339624,2.21910674037,2.92843715988,4.10093213337,5.75581540412
-0.193548387097,-0.58064516129,2.17764315585,2.93604222063,3.87832023623,5.43379185894,7.62376662909
-0.193548387097,-0.483870967742,2.99406329432,4.038726226,5.33617627639,7.47992192492,10.4954976056
-0.193548387097,-0.387096774194,4.30831116557,5.82739939234,7.6896965507,10.7833062477,15.145665871
-0.193548387097,-0.290322580645,6.53065114974,8.89017605795,11.6874886135,16.394029513,23.0827738928
-0.193548387097,-0.193548387097,10.4031830793,14.281740744,18.6907569893,26.233736177,37.0524587856
-0.193548387097,-0.0967741935484,16.6414354427,22.7398594078,29.9889838294,42.2538287491,59.5028892434
-0.193548387097,0.0,20.5256542281,28.4102414334,37.4013352538,52.9929230498,74.9221388121
-0.193548387097,0.0967741935484,13.4966327703,21.8753951586,26.2421887748,38.6127186906,53.2500328862
-0.193548387097,0.193548387097,8.31869310536,13.4239821807,16.3044873539,23.756755055,32.4279939593
-0.193548387097,0.290322580645,5.15512594191,8.34752556168,10.1085588669,14.721653324,20.0679400213
-0.193548387097,0.387096774194,3.36761595788,5.50630435754,6.62755611052,9.67308826389,13.1862177477
-0.193548387097,0.483870967742,2.35720666617,3.84289516203,4.60258815184,6.73192251927,9.17962665719
-0.193548387097,0.58064516129,1.77761589101,2.81061950444,3.35436594071,4.9144217864,6.70341330977
-0.193548387097,0.677419354839,1.37992248123,2.13491468703,2.54155434642,3.72831631321,5.08695745816
-0.193548387097,0.774193548387,1.09808094885,1.67203628455,1.99020967955,2.91745093713,4.00592261968
-0.193548387097,0.870967741935,0.892355133185,1.34259394827,1.6144145856,2.34118758395,3.24330511452
-0.193548387097,0.967741935484,0.738262020223,1.10050704372,1.33374854102,1.91817936744,2.67527131698
-0.193548387097,1.06451612903,0.620202073179,0.917756135131,1.11919520696,1.59910161026,2.24201967997
-0.193548387097,1.16129032258,0.527939580534,0.776603283408,0.951823632804,1.35280455716,1.90468391961
-0.193548387097,1.25806451613,0.454574278295,0.665422218133,0.818920535776,1.15889303481,1.63726106853
-0.193548387097,1.35483870968,0.395338196207,0.576349989066,0.711749829964,1.00360044913,1.42189171741
-0.193548387097,1.45161290323,0.346859396945,0.503927464525,0.624130912285,0.877372883007,1.24601840797
-0.0967741935484,-1.45161290323,0.381258567807,0.520326058314,0.679383577943,0.948471580372,1.3382091856
-0.0967741935484,-1.35483870968,0.437875135226,0.596992579547,0.780175767662,1.08944775228,1.53642081816
-0.0967741935484,-1.25806451613,0.508005739584,0.6918690358,0.905020378999,1.26411328092,1.78189510513
-0.0967741935484,-1.16129032258,0.59628179969,0.811184728306,1.06216416682,1.48403043748,2.09083662561
-0.0967741935484,-1.06451612903,0.709480693891,0.964062254916,1.2636796696,1.76612788693,2.48698599128
-0.0967741935484,-0.967741935484,0.857820179042,1.16428719085,1.52778603993,2.13596089037,3.00619878552
-0.0967741935484,-0.870967741935,1.05726622875,1.4334479809,1.88297744384,2.63349449772,3.70461822129
-0.0967741935484,-0.774193548387,1.33379097454,1.80685757089,2.37569620768,3.32385685285,4.67393029214
-0.0967741935484,-0.677419354839,1.73175407809,2.34534270367,3.08546913053,4.31854570537,6.07165483063
-0.0967741935484,-0.58064516129,2.33135705331,3.16050451545,4.15670556608,5.81984521246,8.18533421386
-0.0967741935484,-0.483870967742,3.2875151837,4.47379281773,5.87049300432,8.2206483625,11.5798460952
-0.0967741935484,-0.387096774194,4.92156095058,6.76980793158,8.81835560819,12.3430214762,17.4649538805
-0.0967741935484,-0.290322580645,7.93274589193,11.244825187,14.3299801309,19.997473362,28.6657598593
-0.0967741935484,-0.193548387097,13.6190465656,21.2672717953,25.3766761114,37.3204918644,51.6092209059
-0.0967741935484,-0.0967741935484,29.778314974,46.9050200741,57.8616337163,83.7750300538,114.267407459
-0.0967741935484,0.0,56.2742556453,76.4197686694,109.278345975,157.857025542,221.648667482
-0.0967741935484,0.0967741935484,26.3735353599,35.4096794454,49.8161514234,71.009262659,98.2477053243
-0.0967741935484,0.193548387097,12.9658192381,18.6816280845,24.4960801045,34.2465671811,45.8311950161
-0.0967741935484,0.290322580645,6.62183910484,10.2596833172,12.7693046577,18.3161007454,24.8185994175
-0.0967741935484,0.387096774194,3.93628505788,6.31007560891,7.68127208728,11.1368983369,15.1448671873
-0.0967741935484,0.483870967742,2.58906580804,4.22576544158,5.08882758743,7.41769630132,10.102134763
-0.0967741935484,0.58064516129,1.85358410143,3.01249935497,3.60602973292,5.27259583043,7.18657945227
-0.0967741935484,0.677419354839,1.43066176303,2.25031419205,2.68370420334,3.93182455028,5.36196109498
-0.0967741935484,0.774193548387,1.13202793976,1.74236424384,2.07280217527,3.04099671104,4.14869594238
-0.0967741935484,0.870967741935,0.915496942549,1.38772082019,1.65700197731,2.42027835192,3.33055881251
-0.0967741935484,0.967741935484,0.754468402328,1.13072985438,1.36345851601,1.97104722085,2.73605093122
-0.0967741935484,1.06451612903,0.631830464343,0.938725308625,1.14044846523,1.63573260265,2.28541500921
-0.0967741935484,1.16129032258,0.536472698114,0.791593398507,0.967381363967,1.37896100849,1.93639040113
-0.0967741935484,1.25806451613,0.460964572635,0.67641325581,0.830548195937,1.17805810605,1.66091257781
-0.0967741935484,1.35483870968,0.400212076009,0.584588260419,0.720602528864,1.01795517253,1.43986917715
-0.0967741935484,1.45161290323,0.350637855562,0.510221149574,0.63098363242,0.888332600815,1.25991202833
0.0,-1.45161290323,0.381926153049,0.522491268945,0.68090483231,0.9502563181,1.34217335706
0.0,-1.35483870968,0.438779262818,0.599849988623,0.782221636927,1.09187313506,1.541715364
0.0,-1.25806451613,0.509255596415,0.695717388583,0.907828445087,1.26747900703,1.78911256732
0.0,-1.16129032258,0.59804933164,0.816490548614,1.06610841711,1.48880880733,2.10091041268
0.0,-1.06451612903,0.712046079785,0.971581854957,1.26937386363,1.7731008039,2.50143846018
0.0,-0.967741935484,0.86166263008,1.17529502353,1.53627255129,2.14645785218,3.02762205134
0.0,-0.870967741935,1.06323203838,1.45020402307,1.89611240688,2.64989784588,3.73762564845
0.0,-0.774193548387,1.34346178165,1.83361545992,2.39696131782,3.35065537636,4.72723695651
0.0,-0.677419354839,1.7482393253,2.39069237713,3.12181446032,4.36467756579,6.16282395937
0.0,-0.58064516129,2.36110048195,3.24347720848,4.22298543583,5.904244562,8.35274305223
0.0,-0.483870967742,3.3441956373,4.64167542587,6.00047940091,8.38509267066,11.9152191925
0.0,-0.387096774194,5.02905972797,7.15916476984,9.08745890557,12.6689923657,18.2038786967
0.0,-0.290322580645,8.01855158713,12.3330373342,14.7647169755,21.6310876881,30.26485635
0.0,-0.193548387097,16.1307895963,24.9425625873,31.1678859435,44.9317261891,61.289155231
0.0,-0.0967741935484,44.0775355243,55.1154353695,74.5582470511,109.446210521,148.01388342
0.0,0.0,0.0202019944071,0.0202019944071,0.0202019944071,0.0202019944071,0.0202019944071
0.0,0.0967741935484,33.2154789983,44.7603378542,62.3347902323,87.4550386848,118.509958204
0.0,0.193548387097,15.2202162675,18.1812518038,25.6974787442,35.4661377321,47.1757536376
0.0,0.290322580645,7.41834001908,10.7635363853,14.026279967,19.5964200202,26.1307755383
0.0,0.387096774194,4.20643928678,6.57021344932,8.12913104638,11.6797377341,15.823291473
0.0,0.483870967742,2.70234595265,4.35326937449,5.28189292625,7.66608109601,10.4245862629
0.0,0.58064516129,1.88142697155,3.07983977734,3.70200872797,5.39958638087,7.35363620001
0.0,0.677419354839,1.42134819066,2.2886906149,2.73655211203,4.00287764792,5.45601617361
0.0,0.774193548387,1.12921301646,1.76568062264,2.10421953718,3.08367484609,4.20539181772
0.0,0.870967741935,0.914993534616,1.40266686128,1.66786681654,2.44739502919,3.33894905652
0.0,0.967741935484,0.754703289424,1.14071347352,1.36511915266,1.98907825703,2.7423030887
0.0,1.06451612903,0.632316330535,0.945645510639,1.14217456288,1.64817846172,2.29101225983
0.0,1.16129032258,0.537003081779,0.796537416602,0.968940523843,1.38782446236,1.94107591139
0.0,1.25806451613,0.46146428227,0.68003802904,0.831890911472,1.18453860581,1.6647473648
0.0,1.35483870968,0.400655656997,0.587304916499,0.721723296243,1.02280301343,1.44298702737
0.0,1.45161290323,0.351022381255,0.512297427317,0.631918849072,0.892031694478,1.2624503938
0.0967741935484,-1.45161290323,0.37880353901,0.520201608049,0.675901848962,0.942774998192,1.3338808764
0.0967741935484,-1.35483870968,0.434691226112,0.596842679928,0.775673475202,1.08209477459,1.53086580943
0.0967741935484,-1.25806451613,0.503797479512,0.691687319974,0.899087242133,1.25444036313,1.77463398534
0.0967741935484,-1.16129032258,0.590591289808,0.810963652083,1.05416842852,1.47102221505,2.08113742499
0.0967741935484,-1.06451612903,0.701579008047,0.963794275769,1.25261845511,1.7481730946,2.47370134925
0.0967741935484,-0.967741935484,0.846495158442,1.16396458445,1.51199957173,2.1103898045,2.9874505319
0.0967741935484,-0.870967741935,1.04039403205,1.43307165242,1.8595684751,2.59565455127,3.67715427471
0.0967741935484,-0.774193548387,1.30741296928,1.80645430358,2.33928262285,3.26510520858,4.63177088482
0.0967741935484,-0.677419354839,1.6878712488,2.34501615168,3.02520339195,4.22140487186,6.0028015503
0.0967741935484,-0.58064516129,2.25200165759,3.16058500927,4.04822221775,5.64475913373,8.06271103519
0.0967741935484,-0.483870967742,3.12593344735,4.47522877381,5.64993677626,7.86232908758,11.3305750774
0.0967741935484,-0.387096774194,4.52639818217,6.77443284647,8.27424277978,11.8582156882,16.8292891057
0.0967741935484,-0.290322580645,6.86516294468,11.2399173148,13.5460242282,19.8453395095,27.162431628
0.0967741935484,-0.193548387097,13.9599064082,20.7313962136,26.6654296924,38.0194320888,51.7849302334
0.0967741935484,-0.0967741935484,38.373521526,39.3407645197,63.688011528,77.6484077444,111.530504505
0.0967741935484,0.0,43.7867810111,58.1142146469,81.3922148682,114.99307565,156.284101095
0.0967741935484,0.0967741935484,21.5164139434,29.3247128543,40.7633825015,57.0626350835,77.136934808
0.0967741935484,0.193548387097,10.5926544209,14.8265766691,20.3400058533,28.5481975824,38.7955822107
0.0967741935484,0.290322580645,6.75579502616,9.6293726444,12.7099641227,17.5924490451,23.2509357376
0.0967741935484,0.387096774194,4.03199734212,6.14849628231,7.73090549169,11.0107378193,14.8535805878
0.0967741935484,0.483870967742,2.62799696356,4.1764835911,5.10966751956,7.38333180727,10.0243519067
0.0967741935484,0.58064516129,1.84464752966,2.99348236393,3.6161168058,5.2602065276,7.15803542035
0.0967741935484,0.677419354839,1.36452561452,2.24172058196,2.68916309877,3.92650308666,5.34921131202
0.0967741935484,0.774193548387,1.08912093093,1.73802017302,2.07601990003,3.03842895755,4.14222924804
0.0967741935484,0.870967741935,0.89025071407,1.38535154328,1.65007411416,2.41893685582,3.2992561382
0.0967741935484,0.967741935484,0.738672061158,1.12934520034,1.34246893881,1.97030681376,2.69221100244
0.0967741935484,1.06451612903,0.621432379581,0.937866120458,1.12390697529,1.63530629974,2.25766161943
0.0967741935484,1.16129032258,0.529379729927,0.79104272747,0.956188927546,1.37870993361,1.91800773422
0.0967741935484,1.25806451613,0.455969485018,0.676049076482,0.822728271623,1.17790914701,1.64828116158
0.0967741935484,1.35483870968,0.396597908702,0.584340804526,0.71497972222,1.01786622574,1.43092006567
0.0967741935484,1.45161290323,0.347963052539,0.510048366749,0.626838050986,0.88828158634,1.25340783986
0.193548387097,-1.45161290323,0.372021452175,0.513564401912,0.664576969507,0.926310556251,1.31365218075
0.193548387097,-1.35483870968,0.425808057166,0.588131094154,0.760837418343,1.06053283146,1.504353697
0.193548387097,-1.25806451613,0.491934850964,0.680027541033,0.879268625238,1.22564793355,1.73920143957
0.193548387097,-1.16129032258,0.574393775997,0.795002544297,1.02709754897,1.43170369983,2.03270815522
0.193548387097,-1.06451612903,0.678883624623,0.941364529539,1.21466622901,1.69306176352,2.40575001908
0.193548387097,-0.967741935484,0.81371838324,1.13145584809,1.45714447111,2.03073939736,2.88911332275
0.193548387097,-0.870967741935,0.991324172562,1.38418880738,1.77735222124,2.47625326011,3.52950965815
0.193548387097,-0.774193548387,1.23070870593,1.72960595814,2.2105421287,3.07803018845,4.39997659697
0.193548387097,-0.677419354839,1.56150242144,2.21738643421,2.8125155453,3.91194386021,5.61827682329
0.193548387097,-0.58064516129,2.02991882454,2.93349844251,3.67270154285,5.12007135777,7.37905140544
0.193548387097,-0.483870967742,2.70353087631,4.033878139,4.92958539289,7.05524489331,10.0023504395
0.193548387097,-0.387096774194,3.64643462978,5.81207972921,6.95069188287,10.2099824686,13.9720321736
0.193548387097,-0.290322580645,5.48249544934,8.80762306032,10.7335059501,15.6414444114,21.3874507927
0.193548387097,-0.193548387097,9.24284888574,13.6543279982,17.6199400672,25.0446939849,34.0439782258
0.193548387097,-0.0967741935484,15.919958568,17.4190305847,28.577435041,35.7779908277,48.6366582042
0.193548387097,0.0,16.5367554713,19.2794978525,27.8107939369,38.6841401691,54.205029579
0.193548387097,0.0967741935484,11.6635938745,14.9401987433,21.2971099614,29.5750434008,40.7310524071
0.193548387097,0.193548387097,8.37618413177,9.72325082375,14.0643308297,19.4184011328,27.2264054496
0.193548387097,0.290322580645,5.38724329,7.63542094632,10.1224366045,13.9830794071,18.4597424217
0.193548387097,0.387096774194,3.50830735846,5.27402744458,6.698504469,9.49134616569,12.7709272937
0.193548387097,0.483870967742,2.39404629378,3.76144519161,4.63600598712,6.6743990359,9.05037451862
0.193548387097,0.58064516129,1.72581323695,2.77680591369,3.37167538549,4.89211532146,6.65246746869
0.193548387097,0.677419354839,1.29819538465,2.11901009858,2.5513253233,3.71834804521,5.06335924377
0.193548387097,0.774193548387,1.01791543921,1.6637962137,1.9927763995,2.91252772171,3.96931558384
0.193548387097,0.870967741935,0.844347989504,1.33799859312,1.59699104247,2.33857625943,3.18886963047
0.193548387097,0.967741935484,0.707889354308,1.09778989804,1.30709253839,1.91671963399,2.6146716068
0.193548387097,1.06451612903,0.600114036152,0.916072747962,1.08878368041,1.59825681646,2.18790355466
0.193548387097,1.16129032258,0.514132148551,0.775513063401,0.929998081454,1.3523017204,1.86865760712
0.193548387097,1.25806451613,0.444807349858,0.664697564988,0.803596419128,1.15859237905,1.61241330646
0.193548387097,1.35483870968,0.388248213564,0.575855545951,0.700694358172,1.00342013131,1.40423929297
0.193548387097,1.45161290323,0.341597282593,0.503582189321,0.615969705977,0.877266753464,1.23315965199
0.290322580645,-1.45161290323,0.361900348129,0.502895237032,0.647454591664,0.901594686604,1.28239182933
0.290322580645,-1.35483870968,0.412608172652,0.574189202999,0.738495303663,1.02828197194,1.4635332225
0.290322580645,-1.25806451613,0.474403394821,0.66146794506,0.849577221381,1.182787331,1.68490242895
0.290322580645,-1.16129032258,0.550623466471,0.769766592788,0.986805156757,1.3735321814,1.95893441609
0.290322580645,-1.06451612903,0.645882097465,0.906207533368,1.15866540269,1.61218620771,2.30304793938
0.290322580645,-0.967741935484,0.766634502387,1.08107488572,1.37712910394,1.91511883515,2.74204810898
0.290322580645,-0.870967741935,0.921992453868,1.3095667147,1.659280252,2.30549535623,3.31183710592
0.290322580645,-0.774193548387,1.12480216823,1.6146759534,2.02963126853,2.81603347158,4.06496257129
0.290322580645,-0.677419354839,1.39270277103,2.03195932381,2.52283940451,3.54707641744,5.0782098945
0.290322580645,-0.58064516129,1.74760785277,2.61727943994,3.18464481942,4.57632343193,6.45920756053
0.290322580645,-0.483870967742,2.20685941173,3.45800176405,4.12643574808,6.06383981697,8.33268258359
0.290322580645,-0.387096774194,2.8635641834,4.68211193787,5.64312444942,8.25594118492,11.287704658
0.290322580645,-0.290322580645,4.06367932595,6.42695493432,7.90683702084,11.4629231603,15.6479676424
0.290322580645,-0.193548387097,5.81750321841,8.60467149698,11.0851948728,15.7287454687,21.324895928
0.290322580645,-0.0967741935484,7.88401398762,10.1863523322,14.5518921448,19.534807846,25.5269866623
0.290322580645,0.0,8.77232068613,10.1197730503,15.8505358727,19.9676213204,26.7509319573
0.290322580645,0.0967741935484,6.17726149293,10.0414068575,12.0815310355,17.493916184,23.6591686939
0.290322580645,0.193548387097,5.63706428205,7.53065685797,10.4531588642,14.0642016382,18.1267847759
0.290322580645,0.290322580645,4.03711325726,5.71630959734,7.58698790386,10.4940319996,13.8932876195
0.290322580645,0.387096774194,2.86600792695,4.29042429653,5.46650754589,7.73732240905,10.4094313369
0.290322580645,0.483870967742,2.07606386832,3.23600354082,4.00985244295,5.75908688304,7.803732965
0.290322580645,0.58064516129,1.5539081129,2.48156050682,3.02740894129,4.38311357904,5.95719350592
0.290322580645,0.677419354839,1.19829446606,1.94359937692,2.34894689549,3.41737531756,4.65179451917
0.290322580645,0.774193548387,0.948176386322,1.55416952163,1.86700223805,2.72483939224,3.71249597588
0.290322580645,0.870967741935,0.782940174392,1.26641737503,1.51512491381,2.21614161364,3.02125591632
0.290322580645,0.967741935484,0.665554637315,1.04926786014,1.25169841415,1.83375510227,2.50104705329
0.290322580645,1.06451612903,0.570137611819,0.882110632209,1.05005477062,1.54019000599,2.10135619444
0.290322580645,1.16129032258,0.492415346494,0.751086718603,0.892643279277,1.31052190564,1.79648776226
0.290322580645,1.25806451613,0.428688276377,0.646694449543,0.775693346063,1.12780279861,1.55930328229
0.290322580645,1.35483870968,0.37606770518,0.562312839171,0.679649192203,0.980252802642,1.36433859324
0.290322580645,1.45161290323,0.332234116625,0.49320735511,0.599818812239,0.859514681749,1.20263046075
0.387096774194,-1.45161290323,0.348913993478,0.48868431002,0.625320457383,0.869734615428,1.24148911931
0.387096774194,-1.35483870968,0.395791537969,0.555741176666,0.709809115282,0.98698234971,1.41046176583
0.387096774194,-1.25806451613,0.452263623152,0.637107820816,0.811772938591,1.12834111598,1.61485983868
0.387096774194,-1.16129032258,0.520933517453,0.736978789667,0.936042854907,1.30039050936,1.86470706491
0.387096774194,-1.06451612903,0.605234168101,0.861107702528,1.08905182985,1.51181536357,2.17350810901
0.387096774194,-0.967741935484,0.709679479837,1.01749064802,1.27936779872,1.77403865127,2.55953357411
0.387096774194,-0.870967741935,0.840101414565,1.21737472425,1.51828444252,2.12357764668,3.04740783018
0.387096774194,-0.774193548387,1.00367103653,1.47667654116,1.82016322094,2.57825888238,3.66959617205
0.387096774194,-0.677419354839,1.2080690815,1.81784597846,2.20151682049,3.17830898868,4.46596063272
0.387096774194,-0.58064516129,1.45793001831,2.27169460733,2.70871878336,3.9804357138,5.47505486766
0.387096774194,-0.483870967742,1.74768868337,2.87700980431,3.45327130002,5.05911010917,6.91575237359
0.387096774194,-0.387096774194,2.27297784616,3.67048752419,4.45563432951,6.49414772311,8.86988886159
0.387096774194,-0.290322580645,2.9695204613,4.64734022095,5.75479595772,8.31096854058,11.3272321979
0.387096774194,-0.193548387097,3.80738178496,5.66418662556,7.2632334417,10.3129596518,13.9690019081
0.387096774194,-0.0967741935484,4.59085826215,6.35012240572,8.59470632137,11.8561172055,15.7859440997
0.387096774194,0.0,4.93540810983,6.36697114184,9.09933409035,12.1430291606,15.6845973474
0.387096774194,0.0967741935484,4.55478670379,5.94044396617,8.41161861892,11.2458993777,14.4923333501
0.387096774194,0.193548387097,3.78708367471,5.15688163756,7.0560064521,9.61081303747,12.5867038236
0.387096774194,0.290322580645,2.97520221288,4.24864300314,5.60521853522,7.79280057604,10.3735120779
0.387096774194,0.387096774194,2.27423588502,3.41130803423,4.34122529204,6.15291216033,8.28868645215
0.387096774194,0.483870967742,1.74669631514,2.71019886492,3.36914365564,4.83316370316,6.54809014878
0.387096774194,0.58064516129,1.36155237945,2.16144728143,2.64715048298,3.82629525493,5.19876887627
0.387096774194,0.677419354839,1.08045039545,1.74239293291,2.1132606345,3.06970152234,4.17736277297
0.387096774194,0.774193548387,0.872769277062,1.42324624944,1.71488681497,2.49943065817,3.40460008378
0.387096774194,0.870967741935,0.716748061728,1.17836440691,1.41332455461,2.06484562889,2.81446014889
0.387096774194,0.967741935484,0.615631313467,0.988240053283,1.18136661944,1.72900851536,2.35780424953
0.387096774194,1.06451612903,0.533957809436,0.838662465649,1.00008470541,1.46566027973,1.99939280664
0.387096774194,1.16129032258,0.46569364256,0.719408057993,0.856261239206,1.25619626643,1.71413209541
0.387096774194,1.25806451613,0.408620837761,0.623111153857,0.740687475791,1.0873538501,1.49205625392
0.387096774194,1.35483870968,0.36071155507,0.54441431863,0.652954613387,0.949563641475,1.31326209165
0.387096774194,1.45161290323,0.320319155785,0.479399131092,0.579144761108,0.835835591659,1.16320430185
0.483870967742,-1.45161290323,0.333638052962,0.471540070168,0.599135498033,0.832090864209,1.19267070024
0.483870967742,-1.35483870968,0.376192641463,0.533673225108,0.676176134876,0.938612672371,1.34765274989
0.483870967742,-1.25806451613,0.426753176336,0.608268463984,0.767932766977,1.06526163711,1.53281680893
0.483870967742,-1.16129032258,0.487199572469,0.698650231312,0.877967269483,1.21773668398,1.75574039379
0.483870967742,-1.06451612903,0.559854718095,0.809211306466,1.01074674048,1.41109184728,2.02608334194
0.483870967742,-0.967741935484,0.647500695986,0.945768835048,1.17174608562,1.65023832521,2.35600412155
0.483870967742,-0.870967741935,0.753242926356,1.11600371311,1.36733012746,1.94892611576,2.76020084248
0.483870967742,-0.774193548387,0.879976486003,1.32989882341,1.60398125984,2.3252429416,3.25482523628
0.483870967742,-0.677419354839,1.02888746398,1.59992468962,1.9071207407,2.8022455707,3.85312447191
0.483870967742,-0.58064516129,1.19573186978,1.94021512508,2.32414552694,3.40714154937,4.65694041044
0.483870967742,-0.483870967742,1.44946497507,2.36296557065,2.85176047312,4.16614453551,5.69107444752
0.483870967742,-0.387096774194,1.79342511447,2.86850199955,3.50203970763,5.08875471011,6.94380224229
0.483870967742,-0.290322580645,2.20078134178,3.42454463601,4.25582152862,6.13223847921,8.34851494162
0.483870967742,-0.193548387097,2.62905513036,3.94029953123,5.02474999339,7.14826316754,9.68399031687
0.483870967742,-0.0967741935484,2.97878726678,4.2734289763,5.62508460726,7.8687180735,10.5628375199
0.483870967742,0.0,3.11875540299,4.32022094688,5.83807513477,8.04245461639,10.6752221969
0.483870967742,0.0967741935484,2.9820649502,4.10126023647,5.57144767802,7.64180118893,10.0957589009
0.483870967742,0.193548387097,2.63292829689,3.70254010118,4.94362946153,6.83887251472,9.08455111977
0.483870967742,0.290322580645,2.20314394006,3.20941187196,4.17288653637,5.85327318765,7.84440994842
0.483870967742,0.387096774194,1.79398729575,2.70346523109,3.42983848999,4.87222781049,6.57458884163
0.483870967742,0.483870967742,1.44881494042,2.2435339686,2.79324327975,4.00584849197,5.42846793368
0.483870967742,0.58064516129,1.17340700556,1.85464782419,2.27809335546,3.28916843388,4.4684081449
0.483870967742,0.677419354839,0.958419099197,1.53799745578,1.87119941673,2.71457274245,3.69339211351
0.483870967742,0.774193548387,0.791317677853,1.28427987267,1.5519156101,2.25909561295,3.07667379003
0.483870967742,0.870967741935,0.660842990364,1.08172660503,1.3007114339,1.89818879496,2.586882521
0.483870967742,0.967741935484,0.562075492669,0.919512265098,1.10161382111,1.61069240518,2.19614430606
0.483870967742,1.06451612903,0.494129452132,0.788733746651,0.942315924504,1.37979756294,1.88202432458
0.483870967742,1.16129032258,0.43567418785,0.682415981873,0.813546779224,1.19262346722,1.6271981726
0.483870967742,1.25806451613,0.385681206945,0.595206117722,0.708378851071,1.03941546916,1.41850269069
0.483870967742,1.35483870968,0.342945268533,0.523017015926,0.621922392271,0.912814202756,1.25345831181
0.483870967742,1.45161290323,0.306383502091,0.462746456295,0.554853229113,0.807239156832,1.11656338307
0.58064516129,-1.45161290323,0.316691805947,0.452131606114,0.569944506188,0.790150151383,1.13783066344
0.58064516129,-1.35483870968,0.354689791649,0.508939876477,0.639080515168,0.886990814557,1.27781078372
0.58064516129,-1.25806451613,0.399135461013,0.576330349275,0.720199552024,1.00480456692,1.44270186226
0.58064516129,-1.16129032258,0.451269527629,0.65681674903,0.815722523888,1.14565697445,1.63782225369
0.58064516129,-1.06451612903,0.512483131932,0.753571176624,0.928436547466,1.31520744307,1.8694694314
0.58064516129,-0.967741935484,0.584198030697,0.870555434995,1.06133583893,1.52057773515,2.14472458517
0.58064516129,-0.870967741935,0.667571313492,1.01260322577,1.21715151613,1.77057137484,2.47066944434
0.58064516129,-0.774193548387,0.762818434356,1.18534397009,1.41275071937,2.07564366063,2.85218473839
0.58064516129,-0.677419354839,0.867830628133,1.39469387307,1.66874721278,2.44723868694,3.3446518148
0.58064516129,-0.58064516129,1.00402288111,1.64543069423,1.97956702281,2.89559732244,3.9557107544
0.58064516129,-0.483870967742,1.19832605112,1.93801635502,2.34977874619,3.42460479365,4.67512641403
0.58064516129,-0.387096774194,1.42423120284,2.26268483317,2.77384575129,4.02169526484,5.48361057777
0.58064516129,-0.290322580645,1.66962334856,2.59171974461,3.22563882078,4.64282151403,6.31680231731
0.58064516129,-0.193548387097,1.90476181374,2.87536666716,3.64765215621,5.20040977229,7.04913996147
0.58064516129,-0.0967741935484,2.08132114249,3.0537282778,3.95319038688,5.57614047605,7.51773397253
0.58064516129,0.0,2.14825747259,3.08732343755,4.05745026593,5.67433409357,7.60847691598
0.58064516129,0.0967741935484,2.08245982069,2.97839725701,3.92761378415,5.47831519904,7.32823204514
0.58064516129,0.193548387097,1.90622335795,2.75887088265,3.6054881522,5.04969661274,6.76806851615
0.58064516129,0.290322580645,1.67059263596,2.47106181822,3.17786324433,4.48650627128,6.03874015493
0.58064516129,0.387096774194,1.42442415174,2.15800513912,2.7280850007,3.88461982919,5.25022445607
0.58064516129,0.483870967742,1.19786416544,1.85438064997,2.30957474469,3.31306453407,4.49156234961
0.58064516129,0.58064516129,1.00316405395,1.58086657691,1.94580532658,2.8075047109,3.81412236792
0.58064516129,0.677419354839,0.841699711892,1.34528679199,1.64100820133,2.37821897591,3.23540906642
0.58064516129,0.774193548387,0.709985196904,1.1473979186,1.39016224664,2.02143872601,2.75263613477
0.58064516129,0.870967741935,0.603112118208,0.983183276714,1.18511369267,1.72768660354,2.35420603176
0.58064516129,0.967741935484,0.516304920665,0.847469827576,1.01753552338,1.48632883309,2.02632704485
0.58064516129,1.06451612903,0.452977781022,0.73522645274,0.88009478956,1.28757295485,1.75602925905
0.58064516129,1.16129032258,0.40396813591,0.642055932729,0.766737633151,1.12312947795,1.53221956544
0.58064516129,1.25806451613,0.361016193794,0.564311564556,0.672617268196,0.986255810417,1.34582465586
0.58064516129,1.35483870968,0.323580247986,0.499045392329,0.593912481403,0.871574410437,1.18957702332
0.58064516129,1.45161290323,0.290992341317,0.443897432384,0.527919080264,0.774829917485,1.06453466568
0.677419354839,-1.45161290323,0.298686022526,0.431133219415,0.538785863947,0.751571723379,1.07888284076
0.677419354839,-1.35483870968,0.332123324896,0.482473584763,0.59995539884,0.841379476406,1.20358397511
0.677419354839,-1.25806451613,0.370576050222,0.542601366441,0.670570065659,0.946667217454,1.34822281244
0.677419354839,-1.16129032258,0.414769313661,0.61332739517,0.752110914143,1.07067994287,1.51621148042
0.677419354839,-1.06451612903,0.465385582821,0.696817270375,0.84606172802,1.21732461196,1.71115847528
0.677419354839,-0.967741935484,0.52290274694,0.79558562534,0.953639546906,1.39120050639,1.93634507459
0.677419354839,-0.870967741935,0.587272128288,0.912406007399,1.08739278832,1.59748750237,2.19368125953
0.677419354839,-0.774193548387,0.657346548051,1.05003334311,1.25544033901,1.84154316651,2.51669364708
0.677419354839,-0.677419354839,0.736258862883,1.2105856024,1.45361447553,2.12791522236,2.90706036911
0.677419354839,-0.58064516129,0.856523773195,1.39435032053,1.68390701403,2.45836958803,3.35682868767
0.677419354839,-0.483870967742,0.994081801686,1.59772172644,1.94439772857,2.82840452935,3.85912269587
0.677419354839,-0.387096774194,1.14473476555,1.81057507251,2.22574593618,3.22218988551,4.39105490152
0.677419354839,-0.290322580645,1.29803653059,2.01396213275,2.50715150922,3.60745250922,4.90667161965
0.677419354839,-0.193548387097,1.43569256772,2.18107724875,2.75442833569,3.93484777623,5.33705483748
0.677419354839,-0.0967741935484,1.5335449917,2.28429888321,2.92489037437,4.14824935655,5.60716699334
0.677419354839,0.0,1.56940985659,2.30629978481,2.98165901775,4.20601868036,5.66765297268
0.677419354839,0.0967741935484,1.53397345346,2.24656454562,2.91122428337,4.09949960459,5.51640305918
0.677419354839,0.193548387097,1.43626253784,2.11852891647,2.7306997231,3.8540562766,5.19040253606
0.677419354839,0.290322580645,1.29841406362,1.94308863417,2.47837682255,3.51558427596,4.74539680738
0.677419354839,0.387096774194,1.14474482257,1.74324486034,2.19618420311,3.13408902296,4.24149229671
0.677419354839,0.483870967742,0.993730657081,1.53946115232,1.91670314953,2.75100761952,3.73142435687
0.677419354839,0.58064516129,0.855912108133,1.34631804114,1.65932248165,2.39333837615,3.25182762342
0.677419354839,0.677419354839,0.73550377141,1.17187465514,1.43245194953,2.07439940359,2.8219721205
0.677419354839,0.774193548387,0.632877934546,1.01906239239,1.2375254779,1.79784166858,2.44793405379
0.677419354839,0.870967741935,0.546524302891,0.887609539423,1.07234804295,1.56182299913,2.12796544848
0.677419354839,0.967741935484,0.474248818059,0.775629179238,0.933261576408,1.36199388665,1.85662139644
0.677419354839,1.06451612903,0.413796870053,0.680635311084,0.816327521242,1.19327283774,1.62725467327
0.677419354839,1.16129032258,0.371960287795,0.600093245575,0.717876323679,1.05074157657,1.43332901937
0.677419354839,1.25806451613,0.335643473934,0.531682274964,0.634713973395,0.930023229049,1.26897543402
0.677419354839,1.35483870968,0.303324287566,0.473386501859,0.564160534514,0.827383692739,1.12916724466
0.677419354839,1.45161290323,0.2747130717,0.423506240307,0.50400724346,0.739719932565,1.00970957686
0.774193548387,-1.45161290323,0.280180715861,0.409176187178,0.50661871882,0.71372092309,1.01761371329
0.774193548387,-1.35483870968,0.309235787624,0.455123038767,0.560081058497,0.794222421808,1.12738257944
0.774193548387,-1.25806451613,0.342059417741,0.508222219662,0.6207505711,0.887375328246,1.25263031462
0.774193548387,-1.16129032258,0.378991757648,0.569717328987,0.689397284443,0.995435735596,1.3952766528
0.774193548387,-1.06451612903,0.420231572879,0.64099621321,0.766583836694,1.12095172258,1.55693935052
0.774193548387,-0.967741935484,0.465673236967,0.72352697694,0.862275243039,1.26668132322,1.73836882297
0.774193548387,-0.870967741935,0.514649996165,0.818705429021,0.978371806375,1.43534872435,1.96149690442
0.774193548387,-0.774193548387,0.565530664226,0.927563907156,1.11234480262,1.629185868,2.22576020296
0.774193548387,-0.677419354839,0.642405277348,1.05027155794,1.26516415447,1.84907322905,2.52519015754
0.774193548387,-0.58064516129,0.732130280876,1.18528822663,1.43606610109,2.09314754709,2.85694909223
0.774193548387,-0.483870967742,0.830373507144,1.32837380278,1.62121756235,2.35486208142,3.21161699526
0.774193548387,-0.387096774194,0.932939930799,1.47150186759,1.81207192831,2.62081286524,3.57019408562
0.774193548387,-0.290322580645,1.03226899598,1.60255305943,1.99411454553,2.8694848094,3.90257189615
0.774193548387,-0.193548387097,1.11739988953,1.70676119485,2.14726043048,3.07286678512,4.1703504892
0.774193548387,-0.0967741935484,1.17569252776,1.77032512768,2.249367786,3.20244019237,4.33607615365
0.774193548387,0.0,1.19658394659,1.78479688263,2.28283188491,3.23817955413,4.37590500192
0.774193548387,0.0967741935484,1.17585657934,1.74947646015,2.24143758109,3.17553918809,4.28735614715
0.774193548387,0.193548387097,1.11761370207,1.67061713833,2.13301666487,3.02616138812,4.08725163661
0.774193548387,0.290322580645,1.0323881755,1.558977784,1.97601390204,2.81293908544,3.80439716859
0.774193548387,0.387096774194,0.932868464137,1.42724058383,1.79249346552,2.56289229947,3.47221659658
0.774193548387,0.483870967742,0.830092800838,1.28757070438,1.60193179516,2.30078630032,3.1222796328
0.774193548387,0.58064516129,0.731679441142,1.14972631874,1.41813492694,2.04525376144,2.77935458017
0.774193548387,0.677419354839,0.641842745011,1.02023242488,1.24908419326,1.80788707253,2.45944502684
0.774193548387,0.774193548387,0.562261397096,0.902600782864,1.09824734162,1.59431048604,2.17068408108
0.774193548387,0.870967741935,0.493033559293,0.798083781878,0.96617264182,1.40602089658,1.9155278406
0.774193548387,0.967741935484,0.433429064815,0.706502966474,0.851792387776,1.24206089776,1.69298026486
0.774193548387,1.06451612903,0.382364119642,0.626902223329,0.753300500932,1.10025702126,1.5002736903
0.774193548387,1.16129032258,0.340725963389,0.55799245762,0.668672334834,0.977983100221,1.33396098702
0.774193548387,1.25806451613,0.310406166462,0.498411711148,0.595938161054,0.872592822423,1.19051512157
0.774193548387,1.35483870968,0.282848168819,0.446861314111,0.533313277065,0.78163874193,1.06665234833
0.774193548387,1.45161290323,0.2580115413,0.402173881744,0.479240794878,0.702953691387,0.959451677117
0.870967741935,-1.45161290323,0.261656777556,0.386818829865,0.474277980719,0.675161086437,0.95560885274
0.870967741935,-1.35483870968,0.286637186707,0.427609017336,0.520521582569,0.746753830189,1.05123846078
0.870967741935,-1.25806451613,0.314348730968,0.474121336949,0.572089959596,0.828516998383,1.15852856172
0.870967741935,-1.16129032258,0.34487025822,0.527161480218,0.629250350264,0.921938412909,1.27830594254
0.870967741935,-1.06451612903,0.378099751386,0.587553588456,0.700226717829,1.02857345159,1.41085155483
0.870967741935,-0.967741935484,0.41362828365,0.656053547379,0.78371776014,1.14990465212,1.57136903903
0.870967741935,-0.870967741935,0.450558027029,0.733205792344,0.878466804119,1.28711666933,1.75845299778
0.870967741935,-0.774193548387,0.499518186633,0.819110033356,0.984987477759,1.44068150961,1.96764217253
0.870967741935,-0.677419354839,0.561191675486,0.913034076959,1.10294676349,1.60974505258,2.19762683301
0.870967741935,-0.58064516129,0.628497431937,1.01300267612,1.23059099139,1.79128594466,2.44408333225
0.870967741935,-0.483870967742,0.699560915213,1.11527757148,1.3640282481,1.97915166328,2.6983073906
0.870967741935,-0.387096774194,0.770967102214,1.21406199166,1.49656971633,2.16327258876,2.94621031556
0.870967741935,-0.290322580645,0.837547027668,1.30171212315,1.61850751101,2.32968591935,3.16850889312
0.870967741935,-0.193548387097,0.892687964397,1.3698045065,1.7178763666,2.4620801251,3.34313569886
0.870967741935,-0.0967741935484,0.929456954507,1.41095669502,1.78257847359,2.54506060043,3.4500809005
0.870967741935,0.0,0.942428707874,1.42071963925,1.80355023606,2.56821496754,3.47685610083
0.870967741935,0.0967741935484,0.92951400562,1.39856263021,1.77767377194,2.52905480092,3.42167219429
0.870967741935,0.193548387097,0.892753986812,1.34764460564,1.70886226307,2.43340541283,3.29289165469
0.870967741935,0.290322580645,0.837553025114,1.27379025397,1.60666715767,2.2933974611,3.10608861172
0.870967741935,0.387096774194,0.770863300721,1.18424452016,1.48326119915,2.12422678454,2.88041346535
0.870967741935,0.483870967742,0.699330423053,1.08637834583,1.35038794716,1.94089507783,2.6350989423
0.870967741935,0.58064516129,0.628153947729,0.986620774031,1.21741872511,1.75588221743,2.38658435714
0.870967741935,0.677419354839,0.560765525552,0.889821425651,1.09071747822,1.57810608495,2.14695540023
0.870967741935,0.774193548387,0.499043184484,0.799125829694,0.973925654036,1.41299303303,1.92376513459
0.870967741935,0.870967741935,0.443731630669,0.716211960553,0.868628584252,1.26317160612,1.72081107871
0.870967741935,0.967741935484,0.394850631728,0.641672922683,0.775059052381,1.12932072967,1.53919393747
0.870967741935,1.06451612903,0.352013604318,0.575399211531,0.692652171488,1.01091783215,1.37834340089
0.870967741935,1.16129032258,0.314643968962,0.516874604625,0.620446478932,0.906793484382,1.236759375
0.870967741935,1.25806451613,0.285947938708,0.465387989587,0.557328121119,0.815500172633,1.112533943
0.870967741935,1.35483870968,0.262678322416,0.420164097228,0.502177106802,0.735534214806,1.00365953529
0.870967741935,1.45161290323,0.241327516976,0.380442624326,0.453946660331,0.665456041027,0.908206694863
0.967741935484,-1.45161290323,0.243501696149,0.364528361939,0.442443727154,0.636693188983,0.894176773575
0.967741935484,-1.35483870968,0.264793228644,0.400510147025,0.482105074934,0.699965758211,0.976779591518
0.967741935484,-1.25806451613,0.287987612844,0.4410001972,0.525566035231,0.771298927653,1.06788761121
0.967741935484,-1.16129032258,0.312999746187,0.48648419012,0.579781948553,0.851608250652,1.16758733653
0.967741935484,-1.06451612903,0.339569063729,0.537396393225,0.641798546583,0.941754353351,1.28689542792
0.967741935484,-0.967741935484,0.36716838029,0.594041295747,0.711249798591,1.04240166918,1.42413701218
0.967741935484,-0.870967741935,0.399463477644,0.656472660466,0.788426148875,1.15382113036,1.57594973761
0.967741935484,-0.774193548387,0.443635911202,0.724331310074,0.873170964747,1.27558604422,1.74168519946
0.967741935484,-0.677419354839,0.491633327231,0.796597779199,0.964613510898,1.40618207267,1.91917301277
0.967741935484,-0.58064516129,0.542543672121,0.871394982647,1.06082579738,1.5425410758,2.10408278106
0.967741935484,-0.483870967742,0.594698995253,0.94576736446,1.15848859825,1.67961035451,2.28934833607
0.967741935484,-0.387096774194,0.645520669832,1.01566612376,1.25266874741,1.81016276638,2.46496230813
0.967741935484,-0.290322580645,0.691534618648,1.07623669489,1.33693072453,1.92514895874,2.61853573465
0.967741935484,-0.193548387097,0.728674460987,1.1224932556,1.40397689731,2.01476755716,2.73695495132
0.967741935484,-0.0967741935484,0.752962970256,1.15025623818,1.44688519922,2.07026565352,2.80889616051
0.967741935484,0.0,0.761433271414,1.1570312972,1.46068509626,2.08587562225,2.82738906688
0.967741935484,0.0967741935484,0.752975203318,1.14245699716,1.44369688943,2.06017376603,2.79125411965
0.967741935484,0.193548387097,0.728677557643,1.10823749433,1.39802109096,1.99628285271,2.7049525831
0.967741935484,0.290322580645,0.691493925965,1.05768416407,1.32891270006,1.90099176233,2.57730596317
0.967741935484,0.387096774194,0.645410236488,0.995082705934,1.24339053972,1.78318216211,2.41966374503
0.967741935484,0.483870967742,0.594506193268,0.92500788693,1.14867801192,1.65214129916,2.24398916955
0.967741935484,0.58064516129,0.542274153352,0.851702967311,1.05105431042,1.51617744253,2.06119686928
0.967741935484,0.677419354839,0.49130258749,0.778651455257,0.955268420527,1.38182693356,1.88006205209
0.967741935484,0.774193548387,0.443263946071,0.708390909359,0.86448490238,1.25363458382,1.70680044164
0.967741935484,0.870967741935,0.399071533527,0.642544401803,0.780507042401,1.13434373093,1.54524510905
0.967741935484,0.967741935484,0.359084163146,0.581976554967,0.704126329009,1.02528215082,1.39731089671
0.967741935484,1.06451612903,0.32329797468,0.526994602851,0.635444308407,0.926784248307,1.26354382723
0.967741935484,1.16129032258,0.291495063442,0.477528782603,0.57414439637,0.838550082194,1.14360064189
0.967741935484,1.25806451613,0.263347355866,0.433285366075,0.519679261828,0.759911298634,1.03662378982
0.967741935484,1.35483870968,0.243211855484,0.393850963731,0.471404025787,0.69002860125,0.941499929923
0.967741935484,1.45161290323,0.224998369985,0.358763955933,0.428650897244,0.628002767515,0.857032062426
1.06451612903,-1.45161290323,0.226008324728,0.342676033365,0.411639978071,0.598953315722,0.834359710843
1.06451612903,-1.35483870968,0.244032311667,0.374261194416,0.445428373313,0.654608148588,0.905215948108
1.06451612903,-1.25806451613,0.263319823705,0.409351200218,0.487862841704,0.716564555827,0.982054810495
1.06451612903,-1.16129032258,0.283697631228,0.448207380018,0.535170898847,0.785343870118,1.07314089465
1.06451612903,-1.06451612903,0.304840231177,0.491008156665,0.587581839473,0.861340076784,1.17677519497
1.06451612903,-0.967741935484,0.326697849709,0.537787748404,0.645270577545,0.944715083464,1.29039906883
1.06451612903,-0.870967741935,0.359399285852,0.588351743401,0.70815743738,1.0352426624,1.41366492103
1.06451612903,-0.774193548387,0.394772142471,0.6421417701,0.775780515501,1.13211015026,1.54541018085
1.06451612903,-0.677419354839,0.432339637025,0.698149820545,0.847117379338,1.23367938467,1.68332425151
1.06451612903,-0.58064516129,0.471231650921,0.754779668573,0.920411658273,1.337253438,1.82363991766
1.06451612903,-0.483870967742,0.510088656595,0.80980042566,0.993023055861,1.43891936038,1.96092590487
1.06451612903,-0.387096774194,0.547025486052,0.860411581426,1.06139930358,1.53357584571,2.08817370054
1.06451612903,-0.290322580645,0.579702625205,0.903480180238,1.12125393438,1.61528750726,2.19732330233
1.06451612903,-0.193548387097,0.605562064325,0.935946391608,1.16801839537,1.6779849594,2.28030664427
1.06451612903,-0.0967741935484,0.622227068181,0.955331008206,1.19755893624,1.71645971715,2.33040661299
1.06451612903,0.0,0.627988446161,0.960159138494,1.20700517237,1.72734605512,2.34352648892
1.06451612903,0.0967741935484,0.622220543465,0.950193100899,1.1954015404,1.70979578321,2.31889544714
1.06451612903,0.193548387097,0.60553784396,0.926402797558,1.16393783554,1.66558185176,2.25903825118
1.06451612903,0.290322580645,0.579644560746,0.890753998211,1.11566080603,1.5986841396,2.16917277186
1.06451612903,0.387096774194,0.546918837081,0.845870203063,1.05477846404,1.51448908337,2.05624424782
1.06451612903,0.483870967742,0.509926079175,0.794661102041,0.985846839351,1.41888329918,1.92787273066
1.06451612903,0.58064516129,0.47101513192,0.739955083568,0.913078789132,1.31743331767,1.79137218134
1.06451612903,0.677419354839,0.432077541592,0.684226231371,0.839928176749,1.21484148819,1.65301392198
1.06451612903,0.774193548387,0.394475892963,0.62942909994,0.768936698515,1.114686443,1.51764880441
1.06451612903,0.870967741935,0.359083305267,0.576960951141,0.701780850794,1.01941887434,1.38865500352
1.06451612903,0.967741935484,0.326374325881,0.527710708787,0.639417403086,0.930516982635,1.26809906592
1.06451612903,1.06451612903,0.296534963673,0.482152921941,0.582267389093,0.848697932069,1.1570144154
1.06451612903,1.16129032258,0.269555274649,0.440456483602,0.530378428144,0.774138795392,1.05569061021
1.06451612903,1.25806451613,0.245304966064,0.402578003012,0.483561211301,0.706656087026,0.963912131332
1.06451612903,1.35483870968,0.224723389873,0.368341544445,0.441490966806,0.645851480933,0.881166470441
1.06451612903,1.45161290323,0.209276743263,0.337495978989,0.403773128387,0.591214066872,0.806773989496
1.16129032258,-1.45161290323,0.209382273306,0.321540914584,0.382663289319,0.562422977986,0.776925707919
1.16129032258,-1.35483870968,0.224562115931,0.349168363795,0.416143815187,0.611203737803,0.837374397543
1.16129032258,-1.25806451613,0.240527546591,0.37948821324,0.453044001713,0.664860404673,0.908490846291
1.16129032258,-1.16129032258,0.257069244698,0.412610156176,0.493561808256,0.723637591238,0.988649099205
1.16129032258,-1.06451612903,0.273855479226,0.448555819006,0.53780500987,0.787636212047,1.07587973665
1.16129032258,-0.967741935484,0.297010505087,0.487214346024,0.585734385519,0.8567304872,1.16998926083
1.16129032258,-0.870967741935,0.323800965858,0.528263284749,0.637088269057,0.930459270412,1.27031485104
1.16129032258,-0.774193548387,0.352242561335,0.571129303552,0.691294655806,1.00789569532,1.37555693699
1.16129032258,-0.677419354839,0.381853647009,0.614904813396,0.747371266597,1.08752443832,1.48359112386
1.16129032258,-0.58064516129,0.411881059554,0.6583105204,0.803834600684,1.16712419777,1.59134078218
1.16129032258,-0.483870967742,0.441262138916,0.699694464954,0.858655117784,1.24374102374,1.69472774887
1.16129032258,-0.387096774194,0.468632761342,0.737114450982,0.90929126459,1.31378461904,1.78885146933
1.16129032258,-0.290322580645,0.492404609824,0.768508683894,0.952854185897,1.37329776043,1.86837096837
1.16129032258,-0.193548387097,0.510928137142,0.791938736836,0.98640699517,1.41841015062,1.92816952532
1.16129032258,-0.0967741935484,0.52273141363,0.805870421522,1.00739181996,1.44589872226,1.96409639619
1.16129032258,0.0,0.526785250656,0.809397248823,1.01407399042,1.45371625256,1.97363456587
1.16129032258,0.0967741935484,0.522717218381,0.802357529663,1.00588180865,1.44133172714,1.95628010537
1.16129032258,0.193548387097,0.51089497722,0.785333647411,0.983525760859,1.40980494424,1.9135316285
1.16129032258,0.290322580645,0.492343004081,0.759534720183,0.948847872053,1.36156311778,1.84859204965
1.16129032258,0.387096774194,0.4685352431,0.726620219089,0.904465115676,1.29998869689,1.76584868896
1.16129032258,0.483870967742,0.441124261601,0.688484168727,0.853316756644,1.22889672627,1.67026956639
1.16129032258,0.58064516129,0.41170371519,0.647040198851,0.798264828001,1.15206718781,1.56681554807
1.16129032258,0.677419354839,0.381642002363,0.604044937849,0.741794587202,1.07286241747,1.45996336002
1.16129032258,0.774193548387,0.352003340975,0.560970915935,0.685877856153,0.99402375523,1.35340624368
1.16129032258,0.870967741935,0.323543466417,0.51895753867,0.631941528148,0.917594461987,1.24993526847
1.16129032258,0.967741935484,0.29674355147,0.478811456918,0.580924189949,0.844968652188,1.15147299347
1.16129032258,1.06451612903,0.271865957273,0.441044115099,0.533364447534,0.776984839121,1.05919548906
1.16129032258,1.16129032258,0.249011810546,0.405931415952,0.489497200422,0.714053198356,0.973695059034
1.16129032258,1.25806451613,0.228170773076,0.373569883221,0.449346272042,0.65627015712,0.895129458929
1.16129032258,1.35483870968,0.209261614204,0.343932570474,0.412792941813,0.603521463853,0.823361809487
1.16129032258,1.45161290323,0.194336719271,0.316910005284,0.379634873349,0.555559003588,0.758073252693
1.25806451613,-1.45161290323,0.193752292041,0.30131974143,0.359122739862,0.527440070943,0.72240212159
1.25806451613,-1.35483870968,0.206490396435,0.325428327577,0.388454592152,0.570096782002,0.778991995542
1.25806451613,-1.25806451613,0.21966882578,0.351581777398,0.420420239405,0.616485637939,0.842258326701
1.25806451613,-1.16129032258,0.233073408005,0.379793270848,0.455090968297,0.666672764426,0.910672494554
1.25806451613,-1.06451612903,0.249532603295,0.409997766025,0.492445173592,0.720583364982,0.984117393067
1.25806451613,-0.967741935484,0.270294493624,0.441998532743,0.532329701348,0.777944712968,1.06220253996
1.25806451613,-0.870967741935,0.292307932782,0.475455102174,0.574407703915,0.838208363318,1.14415606989
1.25806451613,-0.774193548387,0.315293948341,0.509829359754,0.618103305998,0.900478847714,1.22872756178
1.25806451613,-0.677419354839,0.338815156729,0.54435522621,0.66254676266,0.963444734383,1.31409610247
1.25806451613,-0.58064516129,0.362249577431,0.578032547158,0.706535332273,1.0253390935,1.3978205979
1.25806451613,-0.483870967742,0.384782228248,0.609647996504,0.748531239925,1.08395555953,1.47687757656
1.25806451613,-0.387096774194,0.405427789496,0.637842709045,0.786714895055,1.13675145413,1.54780775563
1.25806451613,-0.290322580645,0.423094218288,0.661229272519,0.819108547207,1.18104372083,1.60701656001
1.25806451613,-0.193548387097,0.436691963833,0.678547102426,0.843777064269,1.21429855441,1.65115544301
1.25806451613,-0.0967741935484,0.445279647589,0.688810559414,0.859085565282,1.2344483607,1.67756820656
1.25806451613,0.0,0.448213473676,0.691442847893,0.863944295132,1.24020203017,1.684658938
1.25806451613,0.0967741935484,0.44526326238,0.686333842822,0.857997952123,1.23121802533,1.67208406326
1.25806451613,0.193548387097,0.43665653551,0.673844748059,0.841688968734,1.20815566742,1.64077605755
1.25806451613,0.290322580645,0.423035209069,0.654746638841,0.816172305535,1.17254884569,1.59276535382
1.25806451613,0.387096774194,0.405340870785,0.630119189239,0.783127393439,1.12658181924,1.53090478394
1.25806451613,0.483870967742,0.38466460711,0.601223894041,0.744499401843,1.07279122976,1.4585062501
1.25806451613,0.58064516129,0.362102057763,0.569375630735,0.702253523144,1.01377547044,1.37898495433
1.25806451613,0.677419354839,0.33864140012,0.535828129182,0.658182459934,0.951949424366,1.29554996794
1.25806451613,0.774193548387,0.315098150127,0.501683673551,0.613788219711,0.889383327176,1.21098205338
1.25806451613,0.870967741935,0.292096143162,0.46784483003,0.570238335511,0.827727104365,1.12751764871
1.25806451613,0.967741935484,0.270072763023,0.435000011339,0.528369995378,0.768195992408,1.04682385581
1.25806451613,1.06451612903,0.249306652194,0.403633510409,0.488733858448,0.711617003046,0.970044818723
1.25806451613,1.16129032258,0.229950189816,0.374054354681,0.451646409999,0.658488756145,0.897881964786
1.25806451613,1.25806451613,0.212060313346,0.34642883181,0.417246540886,0.609056621004,0.830685613194
1.25806451613,1.35483870968,0.195628762906,0.320815681578,0.385544791268,0.563376668612,0.768550086996
1.25806451613,1.45161290323,0.180602098465,0.297196613462,0.356465296532,0.52137367304,0.711384908874
1.35483870968,-1.45161290323,0.179185558029,0.282139756547,0.336744929396,0.49422506457,0.675312264198
1.35483870968,-1.35483870968,0.189850558971,0.303148505095,0.362405254507,0.531475286665,0.726117366641
1.35483870968,-1.25806451613,0.200713852631,0.325693168022,0.390076735787,0.571553474789,0.780756370132
1.35483870968,-1.16129032258,0.21257346821,0.34973289525,0.419746940546,0.614414185528,0.839158387505
1.35483870968,-1.06451612903,0.228981347843,0.375143502244,0.451322807461,0.659889219947,0.901081063091
1.35483870968,-0.967741935484,0.246348496959,0.401714456839,0.4845980858,0.707639716438,0.966050024555
1.35483870968,-0.870967741935,0.26450687714,0.429112644887,0.519221612705,0.757117753861,1.03329786018
1.35483870968,-0.774193548387,0.283191806822,0.456864823322,0.554662244423,0.807517558315,1.10170521216
1.35483870968,-0.677419354839,0.302026181425,0.484347130688,0.590184566726,0.85774855744,1.16976426366
1.35483870968,-0.58064516129,0.320509690152,0.510786573865,0.624832850309,0.906425328403,1.23557318582
1.35483870968,-0.483870967742,0.338022929726,0.535290079847,0.657448519666,0.951904680625,1.29688749309
1.35483870968,-0.387096774194,0.353850148837,0.556897151877,0.68671755376,0.992370593276,1.35125017014
1.35483870968,-0.290322580645,0.367230147619,0.574656930069,0.711267189082,1.02597086342,1.39618555795
1.35483870968,-0.193548387097,0.377426639946,0.587724280371,0.729792649442,1.05100180861,1.42944955667
1.35483870968,-0.0967741935484,0.383820626573,0.595449174141,0.741216739247,1.06610357504,1.44929479761
1.35483870968,0.0,0.385995561727,0.597451325372,0.744833928511,1.07043017429,1.45466839176
1.35483870968,0.0967741935484,0.38380424293,0.593656095269,0.740415756098,1.063759262,1.4453386772
1.35483870968,0.193548387097,0.377392726474,0.584294321347,0.728243961912,1.04651021102,1.42190201319
1.35483870968,0.290322580645,0.367175781509,0.569873136322,0.709071367155,1.01968683029,1.38568997113
1.35483870968,0.387096774194,0.353773760681,0.551111836327,0.684004280573,0.984738524983,1.33860313736
1.35483870968,0.483870967742,0.337922515589,0.528870808755,0.654357572381,0.943387423395,1.28289514562
1.35483870968,0.58064516129,0.320386123258,0.504067292533,0.621503415529,0.897447399272,1.22095352365
1.35483870968,0.677419354839,0.301881478253,0.477604063362,0.586738504689,0.848663994927,1.15509932223
1.35483870968,0.774193548387,0.283028990987,0.450304298921,0.551203780545,0.798597393792,1.08741778728
1.35483870968,0.870967741935,0.264330497917,0.422873904037,0.515829044085,0.748551244704,1.01967428703
1.35483870968,0.967741935484,0.246162952218,0.395882403916,0.481329628806,0.699548161715,0.953260873228
1.35483870968,1.06451612903,0.228790712998,0.369759370627,0.448217157861,0.65233898862,0.889209786881
1.35483870968,1.16129032258,0.212381794214,0.344806666954,0.416827251448,0.607433225749,0.828227600061
1.35483870968,1.25806451613,0.197027525711,0.321217470299,0.387354309115,0.565139004291,0.770748746026
1.35483870968,1.35483870968,0.182762724661,0.299096509054,0.359883235729,0.525609211347,0.716990694026
1.35483870968,1.45161290323,0.169579316036,0.278480468857,0.334417559969,0.488877091786,0.667009573077
1.45161290323,-1.45161290323,0.165700937624,0.264071222933,0.315617267525,0.462903202098,0.632434003829
1.45161290323,-1.35483870968,0.174620767185,0.282369378738,0.338052520199,0.495413860456,0.676759360475
1.45161290323,-1.25806451613,0.183586264874,0.301810222058,0.362007325616,0.530045007181,0.723954539503
1.45161290323,-1.16129032258,0.196432120111,0.322312595623,0.387422145307,0.566687762617,0.773862910763
1.45161290323,-1.06451612903,0.210363830601,0.343741794833,0.414166727419,0.605127728552,0.826182751082
1.45161290323,-0.967741935484,0.224934509283,0.365884574287,0.442019153426,0.645015963515,0.880426160354
1.45161290323,-0.870967741935,0.239979141838,0.388439085838,0.470644000389,0.685841590092,0.935884027946
1.45161290323,-0.774193548387,0.255261127144,0.411004893599,0.499576793331,0.726910725887,0.991596059072
1.45161290323,-0.677419354839,0.270464959195,0.433079464653,0.528208624989,0.767332986303,1.04633718811
1.45161290323,-0.58064516129,0.28519375951,0.454070322149,0.555788278212,0.806032219374,1.098634732
1.45161290323,-0.483870967742,0.298976380176,0.47331698971,0.581442863326,0.841781679053,1.14681723885
1.45161290323,-0.387096774194,0.311290148403,0.4901302389,0.60421549604,0.873267910433,1.1891190242
1.45161290323,-0.290322580645,0.321595328386,0.503847596063,0.623137015205,0.899192029091,1.22380319085
1.45161290323,-0.193548387097,0.329385709866,0.513887629361,0.637309789997,0.918382669796,1.24933468415
1.45161290323,-0.0967741935484,0.334242124509,0.51981149314,0.646005995016,0.929919711013,1.2645265451
1.45161290323,0.0,0.335888538569,0.521360835625,0.648754065558,0.933235964692,1.26867199536
1.45161290323,0.0967741935484,0.334226788618,0.518484058589,0.645403196874,0.928178861641,1.26160702844
1.45161290323,0.193548387097,0.329354107862,0.511333456733,0.636140126603,0.915028496217,1.24372565288
1.45161290323,0.290322580645,0.321546523534,0.500250925493,0.621466426932,0.894457146579,1.21592647477
1.45161290323,0.387096774194,0.311222833501,0.485727352521,0.60213049875,0.867449093499,1.17949999814
1.45161290323,0.483870967742,0.298890145925,0.468360925354,0.579041566855,0.835197216547,1.1360160445
1.45161290323,0.58064516129,0.28508868671,0.44880215738,0.553169466375,0.79898894447,1.08717007847
1.45161290323,0.677419354839,0.270343213467,0.427707046624,0.525463614856,0.760097060204,1.03465102301
1.45161290323,0.774193548387,0.2551243438,0.405693040834,0.496784709486,0.719697688276,0.980031860383
1.45161290323,0.870967741935,0.239830634654,0.383309303092,0.467869845553,0.678812537826,0.924689498105
1.45161290323,0.967741935484,0.224777440528,0.361017630877,0.43931181105,0.638283518955,0.869768141759
1.45161290323,1.06451612903,0.210201590197,0.339185547164,0.411562871216,0.598762769392,0.816158750355
1.45161290323,1.16129032258,0.196267803927,0.318089877569,0.384945331855,0.56073051543,0.764521309709
1.45161290323,1.25806451613,0.183081064817,0.297925509481,0.359672647954,0.524510454486,0.715306555811
1.45161290323,1.35483870968,0.170698940138,0.278816726703,0.335866927582,0.49030014099,0.668792461423
1.45161290323,1.45161290323,0.159142055778,0.2608316901,0.313581440645,0.458196994595,0.625118742738
