-1.45161290323,-1.45161290323,46.8466880112
-1.45161290323,-1.35483870968,45.4310132699
-1.45161290323,-1.25806451613,44.1502501516
-1.45161290323,-1.16129032258,42.9994744001
-1.45161290323,-1.06451612903,41.9732565911
-1.45161290323,-0.967741935484,41.0657734026
-1.45161290323,-0.870967741935,40.2709303962
-1.45161290323,-0.774193548387,39.5825064979
-1.45161290323,-0.677419354839,38.9943191238
-1.45161290323,-0.58064516129,38.5003903803
-1.45161290323,-0.483870967742,38.0951279856
-1.45161290323,-0.387096774194,37.7734937215
-1.45161290323,-0.290322580645,37.531172228
-1.45161290323,-0.193548387097,37.3647125731
-1.45161290323,-0.0967741935484,37.2716511823
-1.45161290323,0.0,37.2506032619
-1.45161290323,0.0967741935484,37.3013164865
-1.45161290323,0.193548387097,37.4246869722
-1.45161290323,0.290322580645,37.6227350624
-1.45161290323,0.387096774194,37.8985426997
-1.45161290323,0.483870967742,38.2561537987
-1.45161290323,0.58064516129,38.7004428546
-1.45161290323,0.677419354839,39.2369635599
-1.45161290323,0.774193548387,39.871775238
-1.45161290323,0.870967741935,40.6112622383
-1.45161290323,0.967741935484,41.4619505877
-1.45161290323,1.06451612903,42.4303327978
-1.45161290323,1.16129032258,43.5227003374
-1.45161290323,1.25806451613,44.7449961063
-1.45161290323,1.35483870968,46.1026870927
-1.45161290323,1.45161290323,47.6006577648
-1.35483870968,-1.45161290323,45.4058032079
-1.35483870968,-1.35483870968,44.0312496522
-1.35483870968,-1.25806451613,42.7924198267
-1.35483870968,-1.16129032258,41.6838899078
-1.35483870968,-1.06451612903,40.6996805688
-1.35483870968,-0.967741935484,39.833373744
-1.35483870968,-0.870967741935,39.0782476714
-1.35483870968,-0.774193548387,38.4274360909
-1.35483870968,-0.677419354839,37.8741065781
-1.35483870968,-0.58064516129,37.4116475254
-1.35483870968,-0.483870967742,37.0338634022
-1.35483870968,-0.387096774194,36.7351681642
-1.35483870968,-0.290322580645,36.5107662686
-1.35483870968,-0.193548387097,36.3568170363
-1.35483870968,-0.0967741935484,36.2705695102
-1.35483870968,0.0,36.2504654161
-1.35483870968,0.0967741935484,36.2962003122
-1.35483870968,0.193548387097,36.4087412405
-1.35483870968,0.290322580645,36.5903019241
-1.35483870968,0.387096774194,36.8442708662
-1.35483870968,0.483870967742,37.1751013341
-1.35483870968,0.58064516129,37.5881689296
-1.35483870968,0.677419354839,38.0895957334
-1.35483870968,0.774193548387,38.6860643989
-1.35483870968,0.870967741935,39.3846128739
-1.35483870968,0.967741935484,40.1924372968
-1.35483870968,1.06451612903,41.1166918971
-1.35483870968,1.16129032258,42.1643119215
-1.35483870968,1.25806451613,43.341847531
-1.35483870968,1.35483870968,44.6553267494
-1.35483870968,1.45161290323,46.110142196
-1.25806451613,-1.45161290323,44.1055464346
-1.25806451613,-1.35483870968,42.7730360727
-1.25806451613,-1.25806451613,41.5770988244
-1.25806451613,-1.16129032258,40.5118049838
-1.25806451613,-1.06451612903,39.5706167392
-1.25806451613,-0.967741935484,38.7465103625
-1.25806451613,-0.870967741935,38.0321237371
-1.25806451613,-0.774193548387,37.4199286348
-1.25806451613,-0.677419354839,36.9024245355
-1.25806451613,-0.58064516129,36.4723454146
-1.25806451613,-0.483870967742,36.1228738254
-1.25806451613,-0.387096774194,35.8478537765
-1.25806451613,-0.290322580645,35.6419929361
-1.25806451613,-0.193548387097,35.5010440507
-1.25806451613,-0.0967741935484,35.4219562255
-1.25806451613,0.0,35.4029897387
-1.25806451613,0.0967741935484,35.4437834292
-1.25806451613,0.193548387097,35.545377947
-1.25806451613,0.290322580645,35.710184489
-1.25806451613,0.387096774194,35.9419095636
-1.25806451613,0.483870967742,36.2454307693
-1.25806451613,0.58064516129,36.626638752
-1.25806451613,0.677419354839,37.0922450831
-1.25806451613,0.774193548387,37.6495728012
-1.25806451613,0.870967741935,38.3063348061
-1.25806451613,0.967741935484,39.0704118346
-1.25806451613,1.06451612903,39.9496394593
-1.25806451613,1.16129032258,40.9516074976
-1.25806451613,1.25806451613,42.0834851706
-1.25806451613,1.35483870968,43.3518712382
-1.25806451613,1.45161290323,44.7626700671
-1.16129032258,-1.45161290323,42.9402428294
-1.16129032258,-1.35483870968,41.6501844304
-1.16129032258,-1.25806451613,40.4975790675
-1.16129032258,-1.16129032258,39.4759932144
-1.16129032258,-1.06451612903,38.5783278184
-1.16129032258,-0.967741935484,37.7969489897
-1.16129032258,-0.870967741935,37.1238470646
-1.16129032258,-0.774193548387,36.5508230093
-1.16129032258,-0.677419354839,36.069696858
-1.16129032258,-0.58064516129,35.6725341297
-1.16129032258,-0.483870967742,35.3518815138
-1.16129032258,-0.387096774194,35.1009989502
-1.16129032258,-0.290322580645,34.9140839934
-1.16129032258,-0.193548387097,34.7864701361
-1.16129032258,-0.0967741935484,34.7147976394
-1.16129032258,0.0,34.697137611
-1.16129032258,0.0967741935484,34.7330700882
-1.16129032258,0.193548387097,34.8237088752
-1.16129032258,0.290322580645,34.971668626
-1.16129032258,0.387096774194,35.1809794705
-1.16129032258,0.483870967742,35.4569539507
-1.16129032258,0.58064516129,35.8060100761
-1.16129032258,0.677419354839,36.2354600066
-1.16129032258,0.774193548387,36.7532817389
-1.16129032258,0.870967741935,37.3678738744
-1.16129032258,0.967741935484,38.0878138855
-1.16129032258,1.06451612903,38.9216255653
-1.16129032258,1.16129032258,39.8775617642
-1.16129032258,1.25806451613,40.963415444
-1.16129032258,1.35483870968,42.1863556973
-1.16129032258,1.45161290323,43.5528011923
-1.06451612903,-1.45161290323,41.9037227154
-1.06451612903,-1.35483870968,40.6559588551
-1.06451612903,-1.25806451613,39.5465533365
-1.06451612903,-1.16129032258,38.5685731234
-1.06451612903,-1.06451612903,37.7143643479
-1.06451612903,-0.967741935484,36.9756850276
-1.06451612903,-0.870967741935,36.3438798447
-1.06451612903,-0.774193548387,35.8100755862
-1.06451612903,-0.677419354839,35.3654104764
-1.06451612903,-0.58064516129,35.0012766944
-1.06451612903,-0.483870967742,34.7095778814
-1.06451612903,-0.387096774194,34.4829824158
-1.06451612903,-0.290322580645,34.3151687609
-1.06451612903,-0.193548387097,34.201046064
-1.06451612903,-0.0967741935484,34.1369380832
-1.06451612903,0.0,34.120723071
-1.06451612903,0.0967741935484,34.1519201099
-1.06451612903,0.193548387097,34.2317157732
-1.06451612903,0.290322580645,34.3629293239
-1.06451612903,0.387096774194,34.5499201986
-1.06451612903,0.483870967742,34.7984398777
-1.06451612903,0.58064516129,35.1154387484
-1.06451612903,0.677419354839,35.5088371066
-1.06451612903,0.774193548387,35.987271475
-1.06451612903,0.870967741935,36.5598309852
-1.06451612903,0.967741935484,37.2357927131
-1.06451612903,1.06451612903,38.0243687565
-1.06451612903,1.16129032258,38.9344743637
-1.06451612903,1.25806451613,39.9745213673
-1.06451612903,1.35483870968,41.1522481521
-1.06451612903,1.45161290323,42.4745785353
-0.967741935484,-1.45161290323,40.9894357759
-0.967741935484,-1.35483870968,39.7832035636
-0.967741935484,-1.25806451613,38.7162482733
-0.967741935484,-1.16129032258,37.7811517172
-0.967741935484,-1.06451612903,36.9697157479
-0.967741935484,-0.967741935484,36.2731035575
-0.967741935484,-0.870967741935,35.6820210286
-0.967741935484,-0.774193548387,35.186930886
-0.967741935484,-0.677419354839,34.7782938851
-0.967741935484,-0.58064516129,34.4468325981
-0.967741935484,-0.483870967742,34.1838091536
-0.967741935484,-0.387096774194,33.9813012272
-0.967741935484,-0.290322580645,33.8324681593
-0.967741935484,-0.193548387097,33.7317915962
-0.967741935484,-0.0967741935484,33.6752773692
-0.967741935484,0.0,33.6606099029
-0.967741935484,0.0967741935484,33.6872453573
-0.967741935484,0.193548387097,33.7564424719
-0.967741935484,0.290322580645,33.871224912
-0.967741935484,0.387096774194,34.0362798869
-0.967741935484,0.483870967742,34.2577981519
-0.967741935484,0.58064516129,34.5432615736
-0.967741935484,0.677419354839,34.9011955828
-0.967741935484,0.774193548387,35.3408920954
-0.967741935484,0.870967741935,35.8721257317
-0.967741935484,0.967741935484,36.5048659818
-0.967741935484,1.06451612903,37.2490050395
-0.967741935484,1.16129032258,38.1141101134
-0.967741935484,1.25806451613,39.1092022627
-0.967741935484,1.35483870968,40.2425737001
-0.967741935484,1.45161290323,41.5216423767
-0.870967741935,-1.45161290323,40.1905937355
-0.870967741935,-1.35483870968,39.0244916391
-0.870967741935,-1.25806451613,37.9985862283
-0.870967741935,-1.16129032258,37.1049943012
-0.870967741935,-1.06451612903,36.3349930481
-0.870967741935,-0.967741935484,35.6791696722
-0.870967741935,-0.870967741935,35.1276117273
-0.870967741935,-0.774193548387,34.6701343118
-0.870967741935,-0.677419354839,34.2965356627
-0.870967741935,-0.58064516129,33.9968838215
-0.870967741935,-0.483870967742,33.7618108312
-0.870967741935,-0.387096774194,33.5828124721
-0.870967741935,-0.290322580645,33.4525358611
-0.870967741935,-0.193548387097,33.3650402859
-0.870967741935,-0.0967741935484,33.3160177422
-0.870967741935,0.0,33.30295909
-0.870967741935,0.0967741935484,33.3252574806
-0.870967741935,0.193548387097,33.3842422443
-0.870967741935,0.290322580645,33.4831378298
-0.870967741935,0.387096774194,33.6269542761
-0.870967741935,0.483870967742,33.8223141371
-0.870967741935,0.58064516129,34.0772223916
-0.870967741935,0.677419354839,34.4007970682
-0.870967741935,0.774193548387,34.8029743247
-0.870967741935,0.870967741935,35.2941968558
-0.870967741935,0.967741935484,35.8851101291
-0.870967741935,1.06451612903,36.5862686056
-0.870967741935,1.16129032258,37.4078708081
-0.870967741935,1.25806451613,38.3595265778
-0.870967741935,1.35483870968,39.450062549
-0.870967741935,1.45161290323,40.687370548
-0.774193548387,-1.45161290323,39.5003219753
-0.774193548387,-1.35483870968,38.3722937389
-0.774193548387,-1.25806451613,37.3853675248
-0.774193548387,-1.16129032258,36.5312217243
-0.774193548387,-1.06451612903,35.8006375387
-0.774193548387,-0.967741935484,35.1836539636
-0.774193548387,-0.870967741935,34.6697694411
-0.774193548387,-0.774193548387,34.2481780313
-0.774193548387,-0.677419354839,33.9080448323
-0.774193548387,-0.58064516129,33.6388058746
-0.774193548387,-0.483870967742,33.430485439
-0.774193548387,-0.387096774194,33.2740172422
-0.774193548387,-0.290322580645,33.16155179
-0.774193548387,-0.193548387097,33.0867384567
-0.774193548387,-0.0967741935484,33.0449634013
-0.774193548387,0.0,33.0335293066
-0.774193548387,0.0967741935484,33.0517673498
-0.774193548387,0.193548387097,33.1010741997
-0.774193548387,0.290322580645,33.1848685308
-0.774193548387,0.387096774194,33.3084732617
-0.774193548387,0.483870967742,33.4789278004
-0.774193548387,0.58064516129,33.7047423003
-0.774193548387,0.677419354839,33.995607711
-0.774193548387,0.774193548387,34.3620780316
-0.774193548387,0.870967741935,34.8152400225
-0.774193548387,0.967741935484,35.3663852587
-0.774193548387,1.06451612903,36.0267012686
-0.774193548387,1.16129032258,36.8069890625
-0.774193548387,1.25806451613,37.7174167368
-0.774193548387,1.35483870968,38.7673176022
-0.774193548387,1.45161290323,39.9650299156
-0.677419354839,-1.45161290323,38.9118330663
-0.677419354839,-1.35483870968,37.8191651563
-0.677419354839,-1.25806451613,36.8684727141
-0.677419354839,-1.16129032258,36.0510295441
-0.677419354839,-1.06451612903,35.3571555173
-0.677419354839,-0.967741935484,34.7763810867
-0.677419354839,-0.870967741935,34.2976534772
-0.677419354839,-0.774193548387,33.9095851339
-0.677419354839,-0.677419354839,33.6007451218
-0.677419354839,-0.58064516129,33.3599740368
-0.677419354839,-0.483870967742,33.176722173
-0.677419354839,-0.387096774194,33.0413903549
-0.677419354839,-0.290322580645,32.9456578867
-0.677419354839,-0.193548387097,32.8827848798
-0.677419354839,-0.0967741935484,32.8478657185
-0.677419354839,0.0,32.8380236238
-0.677419354839,0.0967741935484,32.8525303136
-0.677419354839,0.193548387097,32.8928456665
-0.677419354839,0.290322580645,32.962572605
-0.677419354839,0.387096774194,33.0673301243
-0.677419354839,0.483870967742,33.2145529156
-0.677419354839,0.58064516129,33.4132292042
-0.677419354839,0.677419354839,33.6735906811
-0.677419354839,0.774193548387,34.0067745583
-0.677419354839,0.870967741935,34.4244727423
-0.677419354839,0.967741935484,34.9385841312
-0.677419354839,1.06451612903,35.5608883529
-0.677419354839,1.16129032258,36.3027475791
-0.677419354839,1.25806451613,37.1748511468
-0.677419354839,1.35483870968,38.1870009716
-0.677419354839,1.45161290323,39.347947609
-0.58064516129,-1.45161290323,38.4186030528
-0.58064516129,-1.35483870968,37.3579407667
-0.58064516129,-1.25806451613,36.4400765389
-0.58064516129,-1.16129032258,35.6559184057
-0.58064516129,-1.06451612903,34.9953711537
-0.58064516129,-0.967741935484,34.4475020134
-0.58064516129,-0.870967741935,34.0007549182
-0.58064516129,-0.774193548387,33.6432127494
-0.58064516129,-0.677419354839,33.3628969331
-0.58064516129,-0.58064516129,33.1481012832
-0.58064516129,-0.483870967742,32.9877469373
-0.58064516129,-0.387096774194,32.8717419299
-0.58064516129,-0.290322580645,32.7913302683
-0.58064516129,-0.193548387097,32.7394104264
-0.58064516129,-0.0967741935484,32.7108065611
-0.58064516129,0.0,32.7024744094
-0.58064516129,0.0967741935484,32.7136301265
-0.58064516129,0.193548387097,32.7457920515
-0.58064516129,0.290322580645,32.8027329606
-0.58064516129,0.387096774194,32.8903455978
-0.58064516129,0.483870967742,33.0164302996
-0.58064516129,0.58064516129,33.1904158752
-0.58064516129,0.677419354839,33.4230325655
-0.58064516129,0.774193548387,33.7259535276
-0.58064516129,0.870967741935,34.111426056
-0.58064516129,0.967741935484,34.5919046995
-0.58064516129,1.06451612903,35.1797091854
-0.58064516129,1.16129032258,35.8867132458
-0.58064516129,1.25806451613,36.724077834
-0.58064516129,1.35483870968,37.7020293762
-0.58064516129,1.45161290323,38.8296906078
-0.483870967742,-1.45161290323,38.0145555849
-0.483870967742,-1.35483870968,36.981937147
-0.483870967742,-1.25806451613,36.0928677426
-0.483870967742,-1.16129032258,35.337937143
-0.483870967742,-1.06451612903,34.7066851177
-0.483870967742,-0.967741935484,34.1877710527
-0.483870967742,-0.870967741935,33.7691967738
-0.483870967742,-0.774193548387,33.4385738406
-0.483870967742,-0.677419354839,33.183437693
-0.483870967742,-0.58064516129,32.9915950548
-0.483870967742,-0.483870967742,32.851494369
-0.483870967742,-0.387096774194,32.7526029921
-0.483870967742,-0.290322580645,32.685774183
-0.483870967742,-0.193548387097,32.6435815981
-0.483870967742,-0.0967741935484,32.6206060831
-0.483870967742,0.0,32.6136529555
-0.483870967742,0.0967741935484,32.6218878008
-0.483870967742,0.193548387097,32.6468806897
-0.483870967742,0.290322580645,32.6925567962
-0.483870967742,0.387096774194,32.7650543846
-0.483870967742,0.483870967742,32.8725006532
-0.483870967742,0.58064516129,33.0247185924
-0.483870967742,0.677419354839,33.2328832996
-0.483870967742,0.774193548387,33.5091459709
-0.483870967742,0.870967741935,33.8662464847
-0.483870967742,0.967741935484,34.3171323596
-0.483870967742,1.06451612903,34.8746011823
-0.483870967742,1.16129032258,35.5509777752
-0.483870967742,1.25806451613,36.3578371949
-0.483870967742,1.35483870968,37.3057774712
-0.483870967742,1.45161290323,38.4042462289
-0.387096774194,-1.45161290323,37.6942405513
-0.387096774194,-1.35483870968,36.6851497722
-0.387096774194,-1.25806451613,35.8202678554
-0.387096774194,-1.16129032258,35.0899183017
-0.387096774194,-1.06451612903,34.4833338518
-0.387096774194,-0.967741935484,33.988831266
-0.387096774194,-0.870967741935,33.5940356208
-0.387096774194,-0.774193548387,33.2861592484
-0.387096774194,-0.677419354839,33.0523232676
-0.387096774194,-0.58064516129,32.879917558
-0.387096774194,-0.483870967742,32.7569858326
-0.387096774194,-0.387096774194,32.6726171332
-0.387096774194,-0.290322580645,32.6173279388
-0.387096774194,-0.193548387097,32.5834124714
-0.387096774194,-0.0967741935484,32.5652415641
-0.387096774194,0.0,32.5594901738
-0.387096774194,0.0967741935484,32.5652794225
-0.387096774194,0.193548387097,32.5842244039
-0.387096774194,0.290322580645,32.6203810033
-0.387096774194,0.387096774194,32.6800982462
-0.387096774194,0.483870967742,32.771784335
-0.387096774194,0.58064516129,32.9056001462
-0.387096774194,0.677419354839,33.093101753
-0.387096774194,0.774193548387,33.3468482164
-0.387096774194,0.870967741935,33.6799997201
-0.387096774194,0.967741935484,34.1059227511
-0.387096774194,1.06451612903,34.6378201698
-0.387096774194,1.16129032258,35.2883969543
-0.387096774194,1.25806451613,36.0695782878
-0.387096774194,1.35483870968,36.9922744098
-0.387096774194,1.45161290323,38.0662038233
-0.290322580645,-1.45161290323,37.4530018465
-0.290322580645,-1.35483870968,36.4624396651
-0.290322580645,-1.25806451613,35.6166364087
-0.290322580645,-1.16129032258,34.9057064887
-0.290322580645,-1.06451612903,34.3186402304
-0.290322580645,-0.967741935484,33.8434804612
-0.290322580645,-0.870967741935,33.4675534122
-0.290322580645,-0.774193548387,33.1777505257
-0.290322580645,-0.677419354839,32.9608602934
-0.290322580645,-0.58064516129,32.8039372408
-0.290322580645,-0.483870967742,32.6946974407
-0.290322580645,-0.387096774194,32.6219232091
-0.290322580645,-0.290322580645,32.5758583043
-0.290322580645,-0.193548387097,32.5485691903
-0.290322580645,-0.0967741935484,32.5342555154
-0.290322580645,0.0,32.5294859522
-0.290322580645,0.0967741935484,32.5333458337
-0.290322580645,0.193548387097,32.5474858502
-0.290322580645,0.290322580645,32.5760668103
-0.290322580645,0.387096774194,32.6256099968
-0.290322580645,0.483870967742,32.704750247
-0.290322580645,0.58064516129,32.8239220145
-0.290322580645,0.677419354839,32.9949881201
-0.290322580645,0.774193548387,33.2308361199
-0.290322580645,0.870967741935,33.5449637027
-0.290322580645,0.967741935484,33.9510728781
-0.290322580645,1.06451612903,34.4626890029
-0.290322580645,1.16129032258,35.0928207042
-0.290322580645,1.25806451613,35.8536702438
-0.290322580645,1.35483870968,36.7563938654
-0.290322580645,1.45161290323,37.8109238405
-0.193548387097,-1.45161290323,37.2871268426
-0.193548387097,-1.35483870968,36.3096994301
-0.193548387097,-1.25806451613,35.477456234
-0.193548387097,-1.16129032258,34.7803622047
-0.193548387097,-1.06451612903,34.2072333338
-0.193548387097,-0.967741935484,33.7459162526
-0.193548387097,-0.870967741935,33.3835196493
-0.193548387097,-0.774193548387,33.106702594
-0.193548387097,-0.677419354839,32.9020098753
-0.193548387097,-0.58064516129,32.7562495098
-0.193548387097,-0.483870967742,32.6568966226
-0.193548387097,-0.387096774194,32.5925071532
-0.193548387097,-0.290322580645,32.5531229519
-0.193548387097,-0.193548387097,32.5306409478
-0.193548387097,-0.0967741935484,32.5191337946
-0.193548387097,0.0,32.5150911271
-0.193548387097,0.0967741935484,32.5175703953
-0.193548387097,0.193548387097,32.5282486011
-0.193548387097,0.290322580645,32.5513651351
-0.193548387097,0.387096774194,32.5935665296
-0.193548387097,0.483870967742,32.6636553792
-0.193548387097,0.58064516129,32.7722670724
-0.193548387097,0.677419354839,32.9314894953
-0.193548387097,0.774193548387,33.1544507077
-0.193548387097,0.870967741935,33.4548944208
-0.193548387097,0.967741935484,33.8467657746
-0.193548387097,1.06451612903,34.3438239229
-0.193548387097,1.16129032258,34.9592972223
-0.193548387097,1.25806451613,35.7055847278
-0.193548387097,1.35483870968,36.5940197875
-0.193548387097,1.45161290323,37.6346865111
-0.0967741935484,-1.45161290323,37.1939712815
-0.0967741935484,-1.35483870968,36.2239946163
-0.0967741935484,-1.25806451613,35.3994886262
-0.0967741935484,-1.16129032258,34.7103320604
-0.0967741935484,-1.06451612903,34.1452394258
-0.0967741935484,-0.967741935484,33.6919418678
-0.0967741935484,-0.870967741935,33.3374184101
-0.0967741935484,-0.774193548387,33.0681872674
-0.0967741935484,-0.677419354839,32.8706461426
-0.0967741935484,-0.58064516129,32.7314528208
-0.0967741935484,-0.483870967742,32.6379339046
-0.0967741935484,-0.387096774194,32.578506055
-0.0967741935484,-0.290322580645,32.5430844854
-0.0967741935484,-0.193548387097,32.5234622878
-0.0967741935484,-0.0967741935484,32.5136320539
-0.0967741935484,0.0,32.5100332685
-0.0967741935484,0.0967741935484,32.5117058629
-0.0967741935484,0.193548387097,32.5203422664
-0.0967741935484,0.290322580645,32.5402299924
-0.0967741935484,0.387096774194,32.5780924695
-0.0967741935484,0.483870967742,32.6428350953
-0.0967741935484,0.58064516129,32.7452159012
-0.0967741935484,0.677419354839,32.8974600498
-0.0967741935484,0.774193548387,33.1128408188
-0.0967741935484,0.870967741935,33.4052500077
-0.0967741935484,0.967741935484,33.788778376
-0.0967741935484,1.06451612903,34.2773244373
-0.0967741935484,1.16129032258,34.8842445689
-0.0967741935484,1.25806451613,35.6220541267
-0.0967741935484,1.35483870968,36.5021888472
-0.0967741935484,1.45161290323,37.5348197795
0.0,-1.45161290323,37.1720522853
0.0,-1.35483870968,36.2036654656
0.0,-1.25806451613,35.3808885423
0.0,-1.16129032258,34.6935789625
0.0,-1.06451612903,34.1304249266
0.0,-0.967741935484,33.679123849
0.0,-0.870967741935,33.3266164696
0.0,-0.774193548387,33.0593772857
0.0,-0.677419354839,32.8637558869
0.0,-0.58064516129,32.7263599288
0.0,-0.483870967742,32.6344654394
0.0,-0.387096774194,32.5764399004
0.0,-0.290322580645,32.5421540849
0.0,-0.193548387097,32.5233623572
0.0,-0.0967741935484,32.5140285802
0.0,0.0,32.5105722633
0.0,0.0967741935484,32.5120269723
0.0,0.193548387097,32.5200887129
0.0,0.290322580645,32.5390614854
0.0,0.387096774194,32.5756944596
0.0,0.483870967742,32.6389274847
0.0,0.58064516129,32.7395593975
0.0,0.677419354839,32.8898600412
0.0,0.774193548387,33.1031489656
0.0,0.870967741935,33.3933641105
0.0,0.967741935484,33.7746399756
0.0,1.06451612903,34.2609154629
0.0,1.16129032258,34.8655830856
0.0,1.25806451613,35.6011890353
0.0,1.35483870968,36.479194734
0.0,1.45161290323,37.5097913233
0.0967741935484,-1.45161290323,37.2211051888
0.0967741935484,-1.35483870968,36.2483933699
0.0967741935484,-1.25806451613,35.4212784807
0.0967741935484,-1.16129032258,34.7296634767
0.0967741935484,-1.06451612903,34.1622844216
0.0967741935484,-0.967741935484,33.7068899674
0.0967741935484,-0.870967741935,33.3504735392
0.0967741935484,-0.774193548387,33.0795640663
0.0967741935484,-0.677419354839,32.8805647687
0.0967741935484,-0.58064516129,32.7401343518
0.0967741935484,-0.483870967742,32.6455975418
0.0967741935484,-0.387096774194,32.5853653916
0.0967741935484,-0.290322580645,32.5493463344
0.0967741935484,-0.193548387097,32.5293250284
0.0967741935484,-0.0967741935484,32.5192865312
0.0967741935484,0.0,32.5156640338
0.0967741935484,0.0967741935484,32.5174928759
0.0967741935484,0.193548387097,32.5264632525
0.0967741935484,0.290322580645,32.5468619
0.0967741935484,0.387096774194,32.5854111317
0.0967741935484,0.483870967742,32.6510163509
0.0967741935484,0.58064516129,32.7544332712
0.0967741935484,0.677419354839,32.9078823537
0.0967741935484,0.774193548387,33.1246287526
0.0967741935484,0.870967741935,33.4185528033
0.0967741935484,0.967741935484,33.8037296549
0.0967741935484,1.06451612903,34.2940386655
0.0967741935484,1.16129032258,34.9028145495
0.0967741935484,1.25806451613,35.6425488188
0.0967741935484,1.35483870968,36.5246513915
0.0967741935484,1.45161290323,37.5592680285
0.193548387097,-1.45161290323,37.3421003285
0.193548387097,-1.35483870968,36.3592184935
0.193548387097,-1.25806451613,35.5217708826
0.193548387097,-1.16129032258,34.8197685908
0.193548387097,-1.06451612903,34.2420714883
0.193548387097,-0.967741935484,33.7765620064
0.193548387097,-0.870967741935,33.410378077
0.193548387097,-0.774193548387,33.1301989337
0.193548387097,-0.677419354839,32.9225815126
0.193548387097,-0.58064516129,32.774337367
0.193548387097,-0.483870967742,32.6729376892
0.193548387097,-0.387096774194,32.6069287882
0.193548387097,-0.290322580645,32.5663378394
0.193548387097,-0.193548387097,32.5430477987
0.193548387097,-0.0967741935484,32.5311162226
0.193548387097,0.0,32.5270201872
0.193548387097,0.0967741935484,32.5298088164
0.193548387097,0.193548387097,32.5411535066
0.193548387097,0.290322580645,32.5652918061
0.193548387097,0.387096774194,32.6088678468
0.193548387097,0.483870967742,32.6806827872
0.193548387097,0.58064516129,32.7913665843
0.193548387097,0.677419354839,32.9529971125
0.193548387097,0.774193548387,33.1786856497
0.193548387097,0.870967741935,33.4821520271
0.193548387097,0.967741935484,33.8773102041
0.193548387097,1.06451612903,34.3778815071
0.193548387097,1.16129032258,34.9970500529
0.193548387097,1.25806451613,35.7471671388
0.193548387097,1.35483870968,36.6395164864
0.193548387097,1.45161290323,37.6841310687
0.290322580645,-1.45161290323,37.5372198018
0.290322580645,-1.35483870968,36.5385157379
0.290322580645,-1.25806451613,35.6849378995
0.290322580645,-1.16129032258,34.966669828
0.290322580645,-1.06451612903,34.3727656055
0.290322580645,-0.967741935484,33.8913227136
0.290322580645,-0.870967741935,33.5097109337
0.290322580645,-0.774193548387,33.2148537942
0.290322580645,-0.677419354839,32.9935587402
0.290322580645,-0.58064516129,32.8328872176
0.290322580645,-0.483870967742,32.7205510463
0.290322580645,-0.387096774194,32.6453201621
0.290322580645,-0.290322580645,32.5974195167
0.290322580645,-0.193548387097,32.5688949404
0.290322580645,-0.0967741935484,32.5539256271
0.290322580645,0.0,32.549062129
0.290322580645,0.0967741935484,32.553377039
0.290322580645,0.193548387097,32.5685123288
0.290322580645,0.290322580645,32.5986248767
0.290322580645,0.387096774194,32.6502308073
0.290322580645,0.483870967742,32.7319604089
0.290322580645,0.58064516129,32.8542382703
0.290322580645,0.677419354839,33.028910109
0.290322580645,0.774193548387,33.2688370816
0.290322580645,0.870967741935,33.5874799227
0.290322580645,0.967741935484,33.9984927643
0.290322580645,1.06451612903,34.5153437859
0.290322580645,1.16129032258,35.1509770814
0.290322580645,1.25806451613,35.9175225695
0.290322580645,1.35483870968,36.8260625766
0.290322580645,1.45161290323,37.8864551015
0.387096774194,-1.45161290323,37.8097932269
0.387096774194,-1.35483870968,36.7899230237
0.387096774194,-1.25806451613,35.9147368114
0.387096774194,-1.16129032258,35.1746499431
0.387096774194,-1.06451612903,34.5589794472
0.387096774194,-0.967741935484,34.0561132822
0.387096774194,-0.870967741935,33.6537370871
0.387096774194,-0.774193548387,33.339105664
0.387096774194,-0.677419354839,33.0993683301
0.387096774194,-0.58064516129,32.9219269865
0.387096774194,-0.483870967742,32.7948231943
0.387096774194,-0.387096774194,32.7071326533
0.387096774194,-0.290322580645,32.6493508719
0.387096774194,-0.193548387097,32.61374732
0.387096774194,-0.0967741935484,32.5946678512
0.387096774194,0.0,32.5887653027
0.387096774194,0.0967741935484,32.5951438225
0.387096774194,0.193548387097,32.6154058449
0.387096774194,0.290322580645,32.6535986999
0.387096774194,0.387096774194,32.7160631218
0.387096774194,0.483870967742,32.8111972948
0.387096774194,0.58064516129,32.9491456612
0.387096774194,0.677419354839,33.1414380454
0.387096774194,0.774193548387,33.4005956134
0.387096774194,0.870967741935,33.7397276103
0.387096774194,0.967741935484,34.1721356213
0.387096774194,1.06451612903,34.710945787
0.387096774194,1.16129032258,35.3687775719
0.387096774194,1.25806451613,36.1574610859
0.387096774194,1.35483870968,37.0878099464
0.387096774194,1.45161290323,38.1694442808
0.483870967742,-1.45161290323,38.1641988391
0.483870967742,-1.35483870968,37.118231953
0.483870967742,-1.25806451613,36.2163864153
0.483870967742,-1.16129032258,35.4493646355
0.483870967742,-1.06451612903,34.8068105815
0.483870967742,-0.967741935484,34.2774737685
0.483870967742,-0.870967741935,33.8494300199
0.483870967742,-0.774193548387,33.5103478809
0.483870967742,-0.677419354839,33.2478001087
0.483870967742,-0.58064516129,33.0496126608
0.483870967742,-0.483870967742,32.9042363264
0.483870967742,-0.387096774194,32.8011273547
0.483870967742,-0.290322580645,32.7311176466
0.483870967742,-0.193548387097,32.6867547903
0.483870967742,-0.0967741935484,32.662591926
0.483870967742,0.0,32.6554088244
0.483870967742,0.0967741935484,32.6643494043
0.483870967742,0.193548387097,32.6909671961
0.483870967742,0.290322580645,32.7391730441
0.483870967742,0.387096774194,32.8150914303
0.483870967742,0.483870967742,32.9268313984
0.483870967742,0.58064516129,33.084190541
0.483870967742,0.677419354839,33.2983068947
0.483870967742,0.774193548387,33.5812801312
0.483870967742,0.870967741935,33.9457835151
0.483870967742,0.967741935484,34.404682561
0.483870967742,1.06451612903,34.970678967
0.483870967742,1.16129032258,35.6559896769
0.483870967742,1.25806451613,36.4720746629
0.483870967742,1.35483870968,37.4294127085
0.483870967742,1.45161290323,38.5373309136
0.58064516129,-1.45161290323,38.6057303454
0.58064516129,-1.35483870968,37.5292390152
0.58064516129,-1.25806451613,36.59620258
0.58064516129,-1.16129032258,35.7976626133
0.58064516129,-1.06451612903,35.1236458456
0.58064516129,-0.967741935484,34.5633275108
0.58064516129,-0.870967741935,34.1052419366
0.58064516129,-0.774193548387,33.7375417723
0.58064516129,-0.677419354839,33.448297454
0.58064516129,-0.58064516129,33.2258314085
0.58064516129,-0.483870967742,33.0590740675
0.58064516129,-0.387096774194,32.9379266562
0.58064516129,-0.290322580645,32.853614617
0.58064516129,-0.193548387097,32.7990109368
0.58064516129,-0.0967741935484,32.7689109928
0.58064516129,0.0,32.7602426929
0.58064516129,0.0967741935484,32.7721969763
0.58064516129,0.193548387097,32.8062695861
0.58064516129,0.290322580645,32.8662127505
0.58064516129,0.387096774194,32.9578970203
0.58064516129,0.483870967742,33.0890948521
0.58064516129,0.58064516129,33.2691980058
0.58064516129,0.677419354839,33.5088859214
0.58064516129,0.774193548387,33.8197663865
0.58064516129,0.870967741935,34.2140022849
0.58064516129,0.967741935484,34.7039480538
0.58064516129,1.06451612903,35.3018084671
0.58064516129,1.16129032258,36.0193294086
0.58064516129,1.25806451613,36.8675357827
0.58064516129,1.35483870968,37.8565139468
0.58064516129,1.45161290323,38.9952468168
0.677419354839,-1.45161290323,39.1404381345
0.677419354839,-1.35483870968,38.0295701134
0.677419354839,-1.25806451613,37.0614062856
0.677419354839,-1.16129032258,36.2273719337
0.677419354839,-1.06451612903,35.5179274964
0.677419354839,-0.967741935484,34.9227286016
0.677419354839,-0.870967741935,34.4308274126
0.677419354839,-0.774193548387,34.0309219664
0.677419354839,-0.677419354839,33.7116424296
0.677419354839,-0.58064516129,33.4618692931
0.677419354839,-0.483870967742,33.2710713774
0.677419354839,-0.387096774194,33.129649002
0.677419354839,-0.290322580645,33.0292688156
0.677419354839,-0.193548387097,32.9631676735
0.677419354839,-0.0967741935484,32.926412335
0.677419354839,0.0,32.9160962454
0.677419354839,0.0967741935484,32.9314623221
0.677419354839,0.193548387097,32.9739421459
0.677419354839,0.290322580645,33.0471097783
0.677419354839,0.387096774194,33.1565518471
0.677419354839,0.483870967742,33.3096634036
0.677419354839,0.58064516129,33.5153820334
0.677419354839,0.677419354839,33.7838734789
0.677419354839,0.774193548387,34.1261920712
0.677419354839,0.870967741935,34.553928729
0.677419354839,0.967741935484,35.0788635109
0.677419354839,1.06451612903,35.7126409055
0.677419354839,1.16129032258,36.4664774283
0.677419354839,1.25806451613,37.3509063018
0.677419354839,1.35483870968,38.3755701925
0.677419354839,1.45161290323,39.5490623642
0.774193548387,-1.45161290323,39.7749547279
0.774193548387,-1.35483870968,38.6264867397
0.774193548387,-1.25806451613,37.6199071737
0.774193548387,-1.16129032258,36.7470639591
0.774193548387,-1.06451612903,35.9988950893
0.774193548387,-0.967741935484,35.3655811728
0.774193548387,-0.870967741935,34.8367420745
0.774193548387,-0.774193548387,34.4016712879
0.774193548387,-0.677419354839,34.0496095011
0.774193548387,-0.58064516129,33.7700448726
0.774193548387,-0.483870967742,33.5530307452
0.774193548387,-0.387096774194,33.3895099607
0.774193548387,-0.290322580645,33.2716273673
0.774193548387,-0.193548387097,33.193014007
0.774193548387,-0.0967741935484,33.1490299974
0.774193548387,0.0,33.1369476889
0.774193548387,0.0967741935484,33.1560662104
0.774193548387,0.193548387097,33.2077470574
0.774193548387,0.290322580645,33.2953712869
0.774193548387,0.387096774194,33.424217926
0.774193548387,0.483870967742,33.6012729007
0.774193548387,0.58064516129,33.8349802205
0.774193548387,0.677419354839,34.1349485853
0.774193548387,0.774193548387,34.511631617
0.774193548387,0.870967741935,34.9759957501
0.774193548387,0.967741935484,35.5391962138
0.774193548387,1.06451612903,36.2122667581
0.774193548387,1.16129032258,37.0058430612
0.774193548387,1.25806451613,37.9299210568
0.774193548387,1.35483870968,38.9936568515
0.774193548387,1.45161290323,40.2052143462
0.870967741935,-1.45161290323,40.5163059618
0.870967741935,-1.35483870968,39.3276770804
0.870967741935,-1.25806451613,38.2800756585
0.870967741935,-1.16129032258,37.3658044751
0.870967741935,-1.06451612903,36.5763125758
0.870967741935,-0.967741935484,35.9023440651
0.870967741935,-0.870967741935,35.334124295
0.870967741935,-0.774193548387,34.8615816449
0.870967741935,-0.677419354839,34.4746053801
0.870967741935,-0.58064516129,34.1633283124
0.870967741935,-0.483870967742,33.9184240751
0.870967741935,-0.387096774194,33.731408698
0.870967741935,-0.290322580645,33.5949318186
0.870967741935,-0.193548387097,33.5030402318
0.870967741935,-0.0967741935484,33.4514034025
0.870967741935,0.0,33.4374819595
0.870967741935,0.0967741935484,33.4606332199
0.870967741935,0.193548387097,33.5221447555
0.870967741935,0.290322580645,33.6251936861
0.870967741935,0.387096774194,33.7747342005
0.870967741935,0.483870967742,33.9773199149
0.870967741935,0.58064516129,34.2408734753
0.870967741935,0.677419354839,34.5744133711
0.870967741935,0.774193548387,34.9877561291
0.870967741935,0.870967741935,35.4912072954
0.870967741935,0.967741935484,36.0952561628
0.870967741935,1.06451612903,36.8102866495
0.870967741935,1.16129032258,37.6463147967
0.870967741935,1.25806451613,38.6127616023
0.870967741935,1.35483870968,39.7182618554
0.870967741935,1.45161290323,40.9705178296
0.967741935484,-1.45161290323,41.3717216808
0.967741935484,-1.35483870968,40.1410479464
0.967741935484,-1.25806451613,39.0505142684
0.967741935484,-1.16129032258,38.0929014257
0.967741935484,-1.06451612903,37.2601976048
0.967741935484,-0.967741935484,36.5437381095
0.967741935484,-0.870967741935,35.934380674
0.967741935484,-0.774193548387,35.4227170889
0.967741935484,-0.677419354839,34.9993116612
0.967741935484,-0.58064516129,34.6549672898
0.967741935484,-0.483870967742,34.3810005864
0.967741935484,-0.387096774194,34.1695208573
0.967741935484,-0.290322580645,34.0136988776
0.967741935484,-0.193548387097,33.9080113267
0.967741935484,-0.0967741935484,33.848445641
0.967741935484,0.0,33.8326559026
0.967741935484,0.0967741935484,33.8600596365
0.967741935484,0.193548387097,33.9318671829
0.967741935484,0.290322580645,34.0510447981
0.967741935484,0.387096774194,34.2222102257
0.967741935484,0.483870967742,34.4514711474
0.967741935484,0.58064516129,34.7462099491
0.967741935484,0.677419354839,35.1148339072
0.967741935484,0.774193548387,35.5664987912
0.967741935484,0.870967741935,36.1108221827
0.967741935484,0.967741935484,36.7576015682
0.967741935484,1.06451612903,37.5165417988
0.967741935484,1.16129032258,38.3970112483
0.967741935484,1.25806451613,39.4078277532
0.967741935484,1.35483870968,40.5570779444
0.967741935484,1.45161290323,41.8519784759
1.06451612903,-1.45161290323,42.3484498088
1.06451612903,-1.35483870968,41.0745206362
1.06451612903,-1.25806451613,39.9398324078
1.06451612903,-1.16129032258,38.9376631867
1.06451612903,-1.06451612903,38.0605584418
1.06451612903,-0.967741935484,37.3004618871
1.06451612903,-0.870967741935,36.6488826773
1.06451612903,-0.774193548387,36.097092035
1.06451612903,-0.677419354839,35.6363457922
1.06451612903,-0.58064516129,35.2581305713
1.06451612903,-0.483870967742,34.954415905
1.06451612903,-0.387096774194,34.7179150625
1.06451612903,-0.290322580645,34.5423277845
1.06451612903,-0.193548387097,34.4225652588
1.06451612903,-0.0967741935484,34.3549367565
1.06451612903,0.0,34.3372918594
1.06451612903,0.0967741935484,34.3691077111
1.06451612903,0.193548387097,34.4515161631
1.06451612903,0.290322580645,34.5872690317
1.06451612903,0.387096774194,34.780643293
1.06451612903,0.483870967742,35.0372926194
1.06451612903,0.58064516129,35.3640508883
1.06451612903,0.677419354839,35.7687039978
1.06451612903,0.774193548387,36.2597334419
1.06451612903,0.870967741935,36.8460557436
1.06451612903,0.967741935484,37.536758784
1.06451612903,1.06451612903,38.3408523294
1.06451612903,1.16129032258,39.2670391167
1.06451612903,1.25806451613,40.3235148231
1.06451612903,1.35483870968,41.5178006239
1.06451612903,1.45161290323,42.8566082969
1.16129032258,-1.45161290323,43.453580633
1.16129032258,-1.35483870968,42.1358387636
1.16129032258,-1.25806451613,40.9564402257
1.16129032258,-1.16129032258,39.9091728603
1.16129032258,-1.06451612903,38.9871496963
1.16129032258,-0.967741935484,38.1829326057
1.16129032258,-0.870967741935,37.4886905724
1.16129032258,-0.774193548387,36.896380249
1.16129032258,-0.677419354839,36.3979540984
1.16129032258,-0.58064516129,35.985583826
1.16129032258,-0.483870967742,35.65189687
1.16129032258,-0.387096774194,35.3902077377
1.16129032258,-0.290322580645,35.1947451052
1.16129032258,-0.193548387097,35.0608525854
1.16129032258,-0.0967741935484,34.9851603877
1.16129032258,0.0,34.9657113875
1.16129032258,0.0967741935484,35.0020416961
1.16129032258,0.193548387097,35.0952033824
1.16129032258,0.290322580645,35.2477347316
1.16129032258,0.387096774194,35.4635720107
1.16129032258,0.483870967742,35.7479146175
1.16129032258,0.58064516129,36.1070485789
1.16129032258,0.677419354839,36.5481356171
1.16129032258,0.774193548387,37.0789829908
1.16129032258,0.870967741935,37.707800348
1.16129032258,0.967741935484,38.44296248
1.16129032258,1.06451612903,39.2927753796
1.16129032258,1.16129032258,40.265269503
1.16129032258,1.25806451613,41.3680086018
1.16129032258,1.35483870968,42.6079372676
1.16129032258,1.45161290323,43.9912525131
1.25806451613,-1.45161290323,44.693887251
1.25806451613,-1.35483870968,43.3323931148
1.25806451613,-1.25806451613,42.108358743
1.25806451613,-1.16129032258,41.0160855533
1.25806451613,-1.06451612903,40.0492564674
1.25806451613,-0.967741935484,39.2010546819
1.25806451613,-0.870967741935,38.4643070357
1.25806451613,-0.774193548387,37.831653859
1.25806451613,-0.677419354839,37.2957381489
1.25806451613,-0.58064516129,36.8494117447
1.25806451613,-0.483870967742,36.4859502493
1.25806451613,-0.387096774194,36.1992632636
1.25806451613,-0.290322580645,35.9840988243
1.25806451613,-0.193548387097,35.8362268922
1.25806451613,-0.0967741935484,35.7525902305
1.25806451613,0.0,35.7314216774
1.25806451613,0.0967741935484,35.7723139581
1.25806451613,0.193548387097,35.8762412777
1.25806451613,0.290322580645,36.0455292431
1.25806451613,0.387096774194,36.2837788433
1.25806451613,0.483870967742,36.5957429491
1.25806451613,0.58064516129,36.9871654053
1.25806451613,0.677419354839,37.4645923652
1.25806451613,0.774193548387,38.0351620503
1.25806451613,0.870967741935,38.7063848816
1.25806451613,0.967741935484,39.4859257191
1.25806451613,1.06451612903,40.3813912196
1.25806451613,1.16129032258,41.4001381254
1.25806451613,1.25806451613,42.5490983755
1.25806451613,1.35483870968,43.834636842
1.25806451613,1.45161290323,45.2624317983
1.35483870968,-1.45161290323,46.0756844048
1.35483870968,-1.35483870968,44.671071589
1.35483870968,-1.25806451613,43.4030566881
1.35483870968,-1.16129032258,42.2664526586
1.35483870968,-1.06451612903,41.2555092069
1.35483870968,-0.967741935484,40.3640230417
1.35483870968,-0.870967741935,39.5854719701
1.35483870968,-0.774193548387,38.913167121
1.35483870968,-0.677419354839,38.3404307774
1.35483870968,-0.58064516129,37.8607802852
1.35483870968,-0.483870967742,37.4681230707
1.35483870968,-0.387096774194,37.1569486011
1.35483870968,-0.290322580645,36.9225093952
1.35483870968,-0.193548387097,36.7609880473
1.35483870968,-0.0967741935484,36.6696322411
1.35483870968,0.0,36.6468572355
1.35483870968,0.0967741935484,36.6923096941
1.35483870968,0.193548387097,36.8068865379
1.35483870968,0.290322580645,36.9927070224
1.35483870968,0.387096774194,37.2530453194
1.35483870968,0.483870967742,37.5922183531
1.35483870968,0.58064516129,38.0154422801
1.35483870968,0.677419354839,38.5286620532
1.35483870968,0.774193548387,39.1383624818
1.35483870968,0.870967741935,39.8513681623
1.35483870968,0.967741935484,40.6746468576
1.35483870968,1.06451612903,41.6151177486
1.35483870968,1.16129032258,42.6794716384
1.35483870968,1.25806451613,43.8740164859
1.35483870968,1.35483870968,45.2045410972
1.35483870968,1.45161290323,46.676205214
1.45161290323,-1.45161290323,47.6047106353
1.45161290323,-1.35483870968,46.1581325216
1.45161290323,-1.25806451613,44.8473163298
1.45161290323,-1.16129032258,43.6675792312
1.45161290323,-1.06451612903,42.613728721
1.45161290323,-0.967741935484,41.6801627206
1.45161290323,-0.870967741935,40.8609928997
1.45161290323,-0.774193548387,40.1501849563
1.45161290323,-0.677419354839,39.5417182613
1.45161290323,-0.58064516129,39.0297550504
1.45161290323,-0.483870967742,38.6088124561
1.45161290323,-0.387096774194,38.2739382433
1.45161290323,-0.290322580645,38.0208709685
1.45161290323,-0.193548387097,37.8461884091
1.45161290323,-0.0967741935484,37.7474294073
1.45161290323,0.0,37.7231839114
1.45161290323,0.0967741935484,37.7731489988
1.45161290323,0.193548387097,37.8981462374
1.45161290323,0.290322580645,38.1000966382
1.45161290323,0.387096774194,38.3819584807
1.45161290323,0.483870967742,38.7476288341
1.45161290323,0.58064516129,39.2018154341
1.45161290323,0.677419354839,39.7498821461
1.45161290323,0.774193548387,40.3976815827
1.45161290323,0.870967741935,41.1513747836
1.45161290323,0.967741935484,42.017252241
1.45161290323,1.06451612903,43.0015619439
1.45161290323,1.16129032258,44.1103478407
1.45161290323,1.25806451613,45.3493054236
1.45161290323,1.35483870968,46.7236565992
1.45161290323,1.45161290323,48.2380534584
