-0.290322580645,-0.290322580645,102.509387531
-0.290322580645,-0.270967741935,97.651128307
-0.290322580645,-0.251612903226,93.3277067368
-0.290322580645,-0.232258064516,89.5023201408
-0.290322580645,-0.212903225806,86.1389069313
-0.290322580645,-0.193548387097,83.2025157392
-0.290322580645,-0.174193548387,80.6596794971
-0.290322580645,-0.154838709677,78.4787857234
-0.290322580645,-0.135483870968,76.6304402381
-0.290322580645,-0.116129032258,75.0878139953
-0.290322580645,-0.0967741935484,73.8269692578
-0.290322580645,-0.0774193548387,72.8271570315
-0.290322580645,-0.058064516129,72.0710798454
-0.290322580645,-0.0387096774194,71.545115063
-0.290322580645,-0.0193548387097,71.2394917971
-0.290322580645,2.77555756156e-17,71.1484184691
-0.290322580645,0.0193548387097,71.2701606185
-0.290322580645,0.0387096774194,71.6070607835
-0.290322580645,0.058064516129,72.1655086534
-0.290322580645,0.0774193548387,72.9558518494
-0.290322580645,0.0967741935484,73.9922597528
-0.290322580645,0.116129032258,75.2925368258
-0.290322580645,0.135483870968,76.8778922822
-0.290322580645,0.154838709677,78.7726698956
-0.290322580645,0.174193548387,81.0040462713
-0.290322580645,0.193548387097,83.6016998088
-0.290322580645,0.212903225806,86.5974620517
-0.290322580645,0.232258064516,90.024952898
-0.290322580645,0.251612903226,93.9192101405
-0.290322580645,0.270967741935,98.3163180536
-0.290322580645,0.290322580645,103.253039603
-0.270967741935,-0.290322580645,97.229591911
-0.270967741935,-0.270967741935,92.6055448574
-0.270967741935,-0.251612903226,88.5082657764
-0.270967741935,-0.232258064516,84.8994917891
-0.270967741935,-0.212903225806,81.7417104027
-0.270967741935,-0.193548387097,78.9985471647
-0.270967741935,-0.174193548387,76.6351552016
-0.270967741935,-0.154838709677,74.618605061
-0.270967741935,-0.135483870968,72.9182661628
-0.270967741935,-0.116129032258,71.5061699302
-0.270967741935,-0.0967741935484,70.3573550136
-0.270967741935,-0.0774193548387,69.4501785663
-0.270967741935,-0.058064516129,68.766595082
-0.270967741935,-0.0387096774194,68.2923900161
-0.270967741935,-0.0193548387097,68.017367008
-0.270967741935,2.77555756156e-17,67.9354843898
-0.270967741935,0.0193548387097,68.0449341947
-0.270967741935,0.0387096774194,68.3481658514
-0.270967741935,0.058064516129,68.8518516783
-0.270967741935,0.0774193548387,69.5667958651
-0.270967741935,0.0967741935484,70.5077885583
-0.270967741935,0.116129032258,71.6934099839
-0.270967741935,0.135483870968,73.1457865169
-0.270967741935,0.154838709677,74.8903065308
-0.270967741935,0.174193548387,76.9553027489
-0.270967741935,0.193548387097,79.3717038072
-0.270967741935,0.212903225806,82.1726679265
-0.270967741935,0.232258064516,85.3932000315
-0.270967741935,0.251612903226,89.0697640401
-0.270967741935,0.270967741935,93.2398935732
-0.270967741935,0.290322580645,97.9418082216
-0.251612903226,-0.290322580645,92.5155006544
-0.251612903226,-0.270967741935,88.1195200502
-0.251612903226,-0.251612903226,84.2425312823
-0.251612903226,-0.232258064516,80.8448381109
-0.251612903226,-0.212903225806,77.8875043103
-0.251612903226,-0.193548387097,75.3327561927
-0.251612903226,-0.174193548387,73.1443901469
-0.251612903226,-0.154838709677,71.2881803169
-0.251612903226,-0.135483870968,69.7322763557
-0.251612903226,-0.116129032258,68.44758768
-0.251612903226,-0.0967741935484,67.408141681
-0.251612903226,-0.0774193548387,66.5914139286
-0.251612903226,-0.058064516129,65.9786192616
-0.251612903226,-0.0387096774194,65.5549583288
-0.251612903226,-0.0193548387097,65.3098155672
-0.251612903226,2.77555756156e-17,65.2369006546
-0.251612903226,0.0193548387097,65.3343336176
-0.251612903226,0.0387096774194,65.6046689312
-0.251612903226,0.058064516129,66.0548596446
-0.251612903226,0.0774193548387,66.6961605435
-0.251612903226,0.0967741935484,67.5439756569
-0.251612903226,0.116129032258,68.6176509515
-0.251612903226,0.135483870968,69.940218486
-0.251612903226,0.154838709677,71.5380977083
-0.251612903226,0.174193548387,73.4407610641
-0.251612903226,0.193548387097,75.6803689236
-0.251612903226,0.212903225806,78.2913855263
-0.251612903226,0.232258064516,81.3101784004
-0.251612903226,0.251612903226,84.7746125571
-0.251612903226,0.270967741935,88.72364393
-0.251612903226,0.290322580645,93.1969203323
-0.232258064516,-0.290322580645,88.3299360741
-0.232258064516,-0.270967741935,84.1544858448
-0.232258064516,-0.251612903226,80.4905871869
-0.232258064516,-0.232258064516,77.2971487176
-0.232258064516,-0.212903225806,74.5338460841
-0.232258064516,-0.193548387097,72.1615399855
-0.232258064516,-0.174193548387,70.1427011725
-0.232258064516,-0.154838709677,68.4418355728
-0.232258064516,-0.135483870968,67.0259009618
-0.232258064516,-0.116129032258,65.864706315
-0.232258064516,-0.0967741935484,64.9312893706
-0.232258064516,-0.0774193548387,64.2022607878
-0.232258064516,-0.058064516129,63.6581102121
-0.232258064516,-0.0387096774194,63.2834648819
-0.232258064516,-0.0193548387097,63.0672969566
-0.232258064516,2.77555756156e-17,63.0030727543
-0.232258064516,0.0193548387097,63.0888416217
-0.232258064516,0.0387096774194,63.3272613468
-0.232258064516,0.058064516129,63.725560036
-0.232258064516,0.0774193548387,64.2954352598
-0.232258064516,0.0967741935484,65.0528932484
-0.232258064516,0.116129032258,66.0180311709
-0.232258064516,0.135483870968,67.2147689272
-0.232258064516,0.154838709677,68.6705359901
-0.232258064516,0.174193548387,70.4159206496
-0.232258064516,0.193548387097,72.4842885617
-0.232258064516,0.212903225806,74.9113808917
-0.232258064516,0.232258064516,77.7348959573
-0.232258064516,0.251612903226,80.9940655084
-0.232258064516,0.270967741935,84.729232657
-0.232258064516,0.290322580645,88.9814354185
-0.212903225806,-0.290322580645,84.6358877892
-0.212903225806,-0.270967741935,80.6720236494
-0.212903225806,-0.251612903226,77.2126506628
-0.212903225806,-0.232258064516,74.2153289221
-0.212903225806,-0.212903225806,71.6383908371
-0.212903225806,-0.193548387097,69.4413739496
-0.212903225806,-0.174193548387,67.5854646629
-0.212903225806,-0.154838709677,66.0339388777
-0.212903225806,-0.135483870968,64.7525959109
-0.212903225806,-0.116129032258,63.7101764746
-0.212903225806,-0.0967741935484,62.8787557268
-0.212903225806,-0.0774193548387,62.2341034087
-0.212903225806,-0.058064516129,61.7560032094
-0.212903225806,-0.0387096774194,61.4285244311
-0.212903225806,-0.0193548387097,61.2402378466
-0.212903225806,2.77555756156e-17,61.1843726042
-0.212903225806,0.0193548387097,61.2589093127
-0.212903225806,0.0387096774194,61.4666063172
-0.212903225806,0.058064516129,61.8149599848
-0.212903225806,0.0774193548387,62.3160990189
-0.212903225806,0.0967741935484,62.9866155186
-0.212903225806,0.116129032258,63.8473377659
-0.212903225806,0.135483870968,64.9230493244
-0.212903225806,0.154838709677,66.2421613521
-0.212903225806,0.174193548387,67.8363463918
-0.212903225806,0.193548387097,69.740140322
-0.212903225806,0.212903225806,71.9905227543
-0.212903225806,0.232258064516,74.6264811108
-0.212903225806,0.251612903226,77.6885720803
-0.212903225806,0.270967741935,81.2184791895
-0.212903225806,0.290322580645,85.2585850307
-0.193548387097,-0.290322580645,81.3968848679
-0.193548387097,-0.270967741935,77.6342535276
-0.193548387097,-0.251612903226,74.3694742654
-0.193548387097,-0.232258064516,71.5588149122
-0.193548387097,-0.212903225806,69.159318488
-0.193548387097,-0.193548387097,67.1292533852
-0.193548387097,-0.174193548387,65.4285708593
-0.193548387097,-0.154838709677,64.0193636159
-0.193548387097,-0.135483870968,62.8663164257
-0.193548387097,-0.116129032258,61.9371411019
-0.193548387097,-0.0967741935484,61.2029850406
-0.193548387097,-0.0774193548387,60.638807114
-0.193548387097,-0.058064516129,60.2237105577
-0.193548387097,-0.0387096774194,59.9412257936
-0.193548387097,-0.0193548387097,59.7795365907
-0.193548387097,2.77555756156e-17,59.7316432888
-0.193548387097,0.0193548387097,59.7954599458
-0.193548387097,0.0387096774194,59.973842084
-0.193548387097,0.058064516129,60.2745450526
-0.193548387097,0.0774193548387,60.710113379
-0.193548387097,0.0967741935484,61.2977047851
-0.193548387097,0.116129032258,62.0588527174
-0.193548387097,0.135483870968,63.0191731548
-0.193548387097,0.154838709677,64.2080232954
-0.193548387097,0.174193548387,65.6581196951
-0.193548387097,0.193548387097,67.4051244608
-0.193548387097,0.212903225806,69.4872076796
-0.193548387097,0.232258064516,71.9445967781
-0.193548387097,0.251612903226,74.8191183811
-0.193548387097,0.270967741935,78.1537435008
-0.193548387097,0.290322580645,81.9921416602
-0.174193548387,-0.290322580645,78.5773838646
-0.174193548387,-0.270967741935,75.0042373095
-0.174193548387,-0.251612903226,71.9227647021
-0.174193548387,-0.232258064516,69.2880070923
-0.174193548387,-0.212903225806,67.055783644
-0.174193548387,-0.193548387097,65.1831548813
-0.174193548387,-0.174193548387,63.6288968073
-0.174193548387,-0.154838709677,62.3539754457
-0.174193548387,-0.135483870968,61.3220135946
-0.174193548387,-0.116129032258,60.499741617
-0.174193548387,-0.0967741935484,59.8574218763
-0.174193548387,-0.0774193548387,59.3692394298
-0.174193548387,-0.058064516129,59.0136473242
-0.174193548387,-0.0387096774194,58.773661584
-0.174193548387,-0.0193548387097,58.6370959783
-0.174193548387,2.77555756156e-17,58.5967323096
-0.174193548387,0.0193548387097,58.6504210909
-0.174193548387,0.0387096774194,58.8011107118
-0.174193548387,0.058064516129,59.0568038916
-0.174193548387,0.0774193548387,59.430442663
-0.174193548387,0.0967741935484,59.939724951
-0.174193548387,0.116129032258,60.6068570366
-0.174193548387,0.135483870968,61.45824994
-0.174193548387,0.154838709677,62.5241633035
-0.174193548387,0.174193548387,63.8383090118
-0.174193548387,0.193548387097,65.437422031
-0.174193548387,0.212903225806,67.3608065802
-0.174193548387,0.232258064516,69.6498691459
-0.174193548387,0.251612903226,72.3476446962
-0.174193548387,0.270967741935,75.498325987
-0.174193548387,0.290322580645,79.1468044676
-0.154838709677,-0.290322580645,76.1431642534
-0.154838709677,-0.270967741935,72.7463903267
-0.154838709677,-0.251612903226,69.8356111358
-0.154838709677,-0.232258064516,67.3647163792
-0.154838709677,-0.212903225806,65.2883744774
-0.154838709677,-0.193548387097,63.562510685
-0.154838709677,-0.174193548387,62.1447954478
-0.154838709677,-0.154838709677,60.995133704
-0.154838709677,-0.135483870968,60.076147296
-0.154838709677,-0.116129032258,59.3536414165
-0.154838709677,-0.0967741935484,58.7970439352
-0.154838709677,-0.0774193548387,58.3798091609
-0.154838709677,-0.058064516129,58.0797769039
-0.154838709677,-0.0387096774194,57.8794772207
-0.154838709677,-0.0193548387097,57.7663745063
-0.154838709677,2.77555756156e-17,57.7330438916
-0.154838709677,0.0193548387097,57.7772759925
-0.154838709677,0.0387096774194,57.9021069016
-0.154838709677,0.058064516129,58.1157729798
-0.154838709677,0.0774193548387,58.4315916014
-0.154838709677,0.0967741935484,58.8677706124
-0.154838709677,0.116129032258,59.4471521254
-0.154838709677,0.135483870968,60.1968964545
-0.154838709677,0.154838709677,61.1481144063
-0.154838709677,0.174193548387,62.3354561411
-0.154838709677,0.193548387097,63.7966676558
-0.154838709677,0.212903225806,65.572120901
-0.154838709677,0.232258064516,67.7043312226
-0.154838709677,0.251612903226,70.2374696076
-0.154838709677,0.270967741935,73.2168767339
-0.154838709677,0.290322580645,76.6885902766
-0.135483870968,-0.290322580645,74.0617268054
-0.135483870968,-0.270967741935,70.8268987049
-0.135483870968,-0.251612903226,68.0729198416
-0.135483870968,-0.232258064516,65.7526128386
-0.135483870968,-0.212903225806,63.8195793732
-0.135483870968,-0.193548387097,62.2286914729
-0.135483870968,-0.174193548387,60.9365919702
-0.135483870968,-0.154838709677,59.9022002046
-0.135483870968,-0.135483870968,59.0872074886
-0.135483870968,-0.116129032258,58.4565582078
-0.135483870968,-0.0967741935484,57.9789032779
-0.135483870968,-0.0774193548387,57.6270169187
-0.135483870968,-0.058064516129,57.3781673703
-0.135483870968,-0.0387096774194,57.2144320162
-0.135483870968,-0.0193548387097,57.1229496627
-0.135483870968,2.77555756156e-17,57.096102873
-0.135483870968,0.0193548387097,57.1316263062
-0.135483870968,0.0387096774194,57.2326377384
-0.135483870968,0.058064516129,57.4075913383
-0.135483870968,0.0774193548387,57.6701540675
-0.135483870968,0.0967741935484,58.0390089389
-0.135483870968,0.116129032258,58.5375897398
-0.135483870968,0.135483870968,59.193754887
-0.135483870968,0.154838709677,60.039407058
-0.135483870968,0.174193548387,61.1100697147
-0.135483870968,0.193548387097,62.444427907
-0.135483870968,0.212903225806,64.0838453822
-0.135483870968,0.232258064516,66.0718681804
-0.135483870968,0.251612903226,68.4537205928
-0.135483870968,0.270967741935,71.2758079752
-0.135483870968,0.290322580645,74.58522968
-0.116129032258,-0.290322580645,72.3026892586
-0.116129032258,-0.270967741935,69.2141311468
-0.116129032258,-0.251612903226,66.6018427276
-0.116129032258,-0.232258064516,64.4176736366
-0.116129032258,-0.212903225806,62.614251164
-0.116129032258,-0.193548387097,61.1454844385
-0.116129032258,-0.174193548387,59.9670779386
-0.116129032258,-0.154838709677,59.0370485217
-0.116129032258,-0.135483870968,58.3162359956
-0.116129032258,-0.116129032258,57.7687964674
-0.116129032258,-0.0967741935484,57.3626689385
-0.116129032258,-0.0774193548387,57.0700043879
-0.116129032258,-0.058064516129,56.8675470489
-0.116129032258,-0.0387096774194,56.7369592559
-0.116129032258,-0.0193548387097,56.6650810916
-0.116129032258,2.77555756156e-17,56.6441184796
-0.116129032258,0.0193548387097,56.6717546514
-0.116129032258,0.0387096774194,56.7511823339
-0.116129032258,0.058064516129,56.8910552462
-0.116129032258,0.0774193548387,57.105360948
-0.116129032258,0.0967741935484,57.4132179613
-0.116129032258,0.116129032258,57.8386025567
-0.116129032258,0.135483870968,58.410012478
-0.116129032258,0.154838709677,59.1600760526
-0.116129032258,0.174193548387,60.1251156614
-0.116129032258,0.193548387097,61.3446763654
-0.116129032258,0.212903225806,62.8610293597
-0.116129032258,0.232258064516,64.7186618187
-0.116129032258,0.251612903226,66.9637605972
-0.116129032258,0.270967741935,69.6437030041
-0.116129032258,0.290322580645,72.8065571737
-0.0967741935484,-0.290322580645,70.8381686194
-0.0967741935484,-0.270967741935,67.8790398631
-0.0967741935484,-0.251612903226,65.3921973068
-0.0967741935484,-0.232258064516,63.3286185287
-0.0967741935484,-0.212903225806,61.6400585935
-0.0967741935484,-0.193548387097,60.2795633763
-0.0967741935484,-0.174193548387,59.2019949841
-0.0967741935484,-0.154838709677,58.3645608966
-0.0967741935484,-0.135483870968,57.7273359805
-0.0967741935484,-0.116129032258,57.2537684367
-0.0967741935484,-0.0967741935484,56.911157544
-0.0967741935484,-0.0774193548387,56.671093946
-0.0967741935484,-0.058064516129,56.5098507856
-0.0967741935484,-0.0387096774194,56.4087169961
-0.0967741935484,-0.0193548387097,56.3542639563
-0.0967741935484,2.77555756156e-17,56.3385385622
-0.0967741935484,0.0193548387097,56.3591777712
-0.0967741935484,0.0387096774194,56.4194415152
-0.0967741935484,0.058064516129,56.5281630014
-0.0967741935484,0.0774193548387,56.6996180077
-0.0967741935484,0.0967741935484,56.953316557
-0.0967741935484,0.116129032258,57.3137224525
-0.0967741935484,0.135483870968,57.8099080985
-0.0967741935484,0.154838709677,58.475153523
-0.0967741935484,0.174193548387,59.3464987204
-0.0967741935484,0.193548387097,60.4642605144
-0.0967741935484,0.212903225806,61.8715243142
-0.0967741935484,0.232258064516,63.6136216077
-0.0967741935484,0.251612903226,65.7376022904
-0.0967741935484,0.270967741935,68.2917134069
-0.0967741935484,0.290322580645,71.3248908086
-0.0774193548387,-0.290322580645,69.6431458743
-0.0774193548387,-0.270967741935,66.7955433772
-0.0774193548387,-0.251612903226,64.416864994
-0.0774193548387,-0.232258064516,62.4573266206
-0.0774193548387,-0.212903225806,60.867919899
-0.0774193548387,-0.193548387097,59.6009352793
-0.0774193548387,-0.174193548387,58.6104974531
-0.0774193548387,-0.154838709677,57.8531042842
-0.0774193548387,-0.135483870968,57.2881608743
-0.0774193548387,-0.116129032258,56.8784944074
-0.0774193548387,-0.0967741935484,56.5908432968
-0.0774193548387,-0.0774193548387,56.3963065743
-0.0774193548387,-0.058064516129,56.2707441942
-0.0774193548387,-0.0387096774194,56.1951168234
-0.0774193548387,-0.0193548387097,56.1557602391
-0.0774193548387,2.77555756156e-17,56.144581655
-0.0774193548387,0.0193548387097,56.1591772767
-0.0774193548387,0.0387096774194,56.2028658828
-0.0774193548387,0.058064516129,56.2846381195
-0.0774193548387,0.0774193548387,56.4190221601
-0.0774193548387,0.0967741935484,56.6258719429
-0.0774193548387,0.116129032258,56.9300786284
-0.0774193548387,0.135483870968,57.3612185692
-0.0774193548387,0.154838709677,57.9531429359
-0.0774193548387,0.174193548387,58.7435207161
-0.0774193548387,0.193548387097,59.7733450315
-0.0774193548387,0.212903225806,61.0864142912
-0.0774193548387,0.232258064516,62.7287988028
-0.0774193548387,0.251612903226,64.7483038357
-0.0774193548387,0.270967741935,67.193937478
-0.0774193548387,0.290322580645,70.115393521
-0.058064516129,-0.290322580645,68.6958051858
-0.058064516129,-0.270967741935,65.940880809
-0.058064516129,-0.251612903226,63.6521633401
-0.058064516129,-0.232258064516,61.7792232021
-0.058064516129,-0.212903225806,60.2724050181
-0.058064516129,-0.193548387097,59.0833587792
-0.058064516129,-0.174193548387,58.1655835061
-0.058064516129,-0.154838709677,57.474975751
-0.058064516129,-0.135483870968,56.9703712441
-0.058064516129,-0.116129032258,56.6140706271
-0.058064516129,-0.0967741935484,56.3723349907
-0.058064516129,-0.0774193548387,56.2158463667
-0.058064516129,-0.058064516129,56.1201131898
-0.058064516129,-0.0387096774194,56.0658180322
-0.058064516129,-0.0193548387097,56.0390957505
-0.058064516129,2.77555756156e-17,56.0317346988
-0.058064516129,0.0193548387097,56.0412962668
-0.058064516129,0.0387096774194,56.0711491273
-0.058064516129,0.058064516129,56.1304174241
-0.058064516129,0.0774193548387,56.2338443309
-0.058064516129,0.0967741935484,56.4015748042
-0.058064516129,0.116129032258,56.6588628201
-0.058064516129,0.135483870968,57.0357129563
-0.058064516129,0.154838709677,57.5664612288
-0.058064516129,0.174193548387,58.2893102921
-0.058064516129,0.193548387097,59.2458269675
-0.058064516129,0.212903225806,60.4804143547
-0.058064516129,0.232258064516,62.0397696178
-0.058064516129,0.251612903226,63.9723377395
-0.058064516129,0.270967741935,66.3277718392
-0.058064516129,0.290322580645,69.1564079226
-0.0387096774194,-0.290322580645,67.97783892
-0.0387096774194,-0.270967741935,65.2959333808
-0.0387096774194,-0.251612903226,63.0781814312
-0.0387096774194,-0.232258064516,61.2736302172
-0.0387096774194,-0.212903225806,59.8321002678
-0.0387096774194,-0.193548387097,58.704722248
-0.0387096774194,-0.174193548387,57.8444878578
-0.0387096774194,-0.154838709677,57.2068055085
-0.0387096774194,-0.135483870968,56.7500495051
-0.0387096774194,-0.116129032258,56.4360917193
-0.0387096774194,-0.0967741935484,56.2308078434
-0.0387096774194,-0.0774193548387,56.1045401542
-0.0387096774194,-0.058064516129,56.0325117015
-0.0387096774194,-0.0387096774194,55.9951788076
-0.0387096774194,-0.0193548387097,55.9785132661
-0.0387096774194,2.77555756156e-17,55.9742067447
-0.0387096774194,0.0193548387097,55.9797921812
-0.0387096774194,0.0387096774194,55.9986784648
-0.0387096774194,0.058064516129,56.0400979577
-0.0387096774194,0.0774193548387,56.1189678152
-0.0387096774194,0.0967741935484,56.2556693974
-0.0387096774194,0.116129032258,56.4757515149
-0.0387096774194,0.135483870968,56.8095653179
-0.0387096774194,0.154838709677,57.2918396692
-0.0387096774194,0.174193548387,57.9612109204
-0.0387096774194,0.193548387097,58.8597109023
-0.0387096774194,0.212903225806,60.0322329044
-0.0387096774194,0.232258064516,61.5259822865
-0.0387096774194,0.251612903226,63.3899225656
-0.0387096774194,0.270967741935,65.6742294788
-0.0387096774194,0.290322580645,68.4297590242
-0.0193548387097,-0.290322580645,67.4747138888
-0.0193548387097,-0.270967741935,64.8455032681
-0.0193548387097,-0.251612903226,62.6790719442
-0.0193548387097,-0.232258064516,60.9240716699
-0.0193548387097,-0.212903225806,59.5299264007
-0.0193548387097,-0.193548387097,58.4473738126
-0.0193548387097,-0.174193548387,57.6290218112
-0.0193548387097,-0.154838709677,57.0299094257
-0.0193548387097,-0.135483870968,56.6080606211
-0.0193548387097,-0.116129032258,56.3250246041
-0.0193548387097,-0.0967741935484,56.1463834774
-0.0193548387097,-0.0774193548387,56.0422227374
-0.0193548387097,-0.058064516129,55.9875492619
-0.0193548387097,-0.0387096774194,55.9626478582
-0.0193548387097,-0.0193548387097,55.9533666227
-0.0193548387097,2.77555756156e-17,55.9513237887
-0.0193548387097,0.0193548387097,55.9540304116
-0.0193548387097,0.0387096774194,55.9649256266
-0.0193548387097,0.058064516129,55.9933233568
-0.0193548387097,0.0774193548387,56.0542721701
-0.0193548387097,0.0967741935484,56.1683320835
-0.0193548387097,0.116129032258,56.3612744574
-0.0193548387097,0.135483870968,56.6637127055
-0.0193548387097,0.154838709677,57.1106739515
-0.0193548387097,0.174193548387,57.7411203375
-0.0193548387097,0.193548387097,58.5974366511
-0.0193548387097,0.212903225806,59.7248868677
-0.0193548387097,0.232258064516,61.1710603272
-0.0193548387097,0.251612903226,62.9853130631
-0.0193548387097,0.270967741935,65.2182155413
-0.0193548387097,0.290322580645,67.9210170161
2.77555756156e-17,-0.290322580645,67.1758908317
2.77555756156e-17,-0.270967741935,64.5785443605
2.77555756156e-17,-0.251612903226,62.443293591
2.77555756156e-17,-0.232258064516,60.7185266419
2.77555756156e-17,-0.212903225806,59.3534020317
2.77555756156e-17,-0.193548387097,58.2983951173
2.77555756156e-17,-0.174193548387,57.5058571105
2.77555756156e-17,-0.154838709677,56.9305800121
2.77555756156e-17,-0.135483870968,56.5303546786
2.77555756156e-17,-0.116129032258,56.2665133573
2.77555756156e-17,-0.0967741935484,56.104442473
2.77555756156e-17,-0.0774193548387,56.014055764
2.77555756156e-17,-0.058064516129,55.9702155389
2.77555756156e-17,-0.0387096774194,55.9530917776
2.77555756156e-17,-0.0193548387097,55.9484504674
2.77555756156e-17,2.77555756156e-17,55.9478580915
2.77555756156e-17,0.0193548387097,55.9488144175
2.77555756156e-17,0.0387096774194,55.9547736834
2.77555756156e-17,0.058064516129,55.9751076648
2.77555756156e-17,0.0774193548387,56.024950981
2.77555756156e-17,0.0967741935484,56.1249825112
2.77555756156e-17,0.116129032258,56.3011217228
2.77555756156e-17,0.135483870968,56.5841568882
2.77555756156e-17,0.154838709677,57.0093131546
2.77555756156e-17,0.174193548387,57.6157714568
2.77555756156e-17,0.193548387097,58.446150751
2.77555756156e-17,0.212903225806,59.5459626288
2.77555756156e-17,0.232258064516,60.9630528716
2.77555756156e-17,0.251612903226,62.747039348
2.77555756156e-17,0.270967741935,64.9487564393
2.77555756156e-17,0.290322580645,67.6197155751
0.0193548387097,-0.290322580645,67.0749936093
0.0193548387097,-0.270967741935,64.4883398801
0.0193548387097,-0.251612903226,62.3637973183
0.0193548387097,-0.232258064516,60.6496234982
0.0193548387097,-0.212903225806,59.2948463386
0.0193548387097,-0.193548387097,58.2498119851
0.0193548387097,-0.174193548387,57.4667440188
0.0193548387097,-0.154838709677,56.9003135154
0.0193548387097,-0.135483870968,56.5081962082
0.0193548387097,-0.116129032258,56.2516174029
0.0193548387097,-0.0967741935484,56.0958669978
0.0193548387097,-0.0774193548387,56.0107740894
0.0193548387097,-0.058064516129,55.9711295469
0.0193548387097,-0.0387096774194,55.9570465993
0.0193548387097,-0.0193548387097,55.9542492824
0.0193548387097,2.77555756156e-17,55.954281672
0.0193548387097,0.0193548387097,55.9546319825
0.0193548387097,0.0387096774194,55.9587698132
0.0193548387097,0.058064516129,55.9760839788
0.0193548387097,0.0774193548387,56.0217574863
0.0193548387097,0.0967741935484,56.1165252893
0.0193548387097,0.116129032258,56.2863789126
0.0193548387097,0.135483870968,56.5621917828
0.0193548387097,0.154838709677,56.9792859681
0.0193548387097,0.174193548387,57.5769494094
0.0193548387097,0.193548387097,58.3979155044
0.0193548387097,0.212903225806,59.4878177395
0.0193548387097,0.232258064516,60.894627813
0.0193548387097,0.251612903226,62.6680922707
0.0193548387097,0.270967741935,64.8591753926
0.0193548387097,0.290322580645,67.5195180964
0.0387096774194,-0.290322580645,67.1699230039
0.0387096774194,-0.270967741935,64.5726226
0.0387096774194,-0.251612903226,62.4381513691
0.0387096774194,-0.232258064516,60.7147714521
0.0387096774194,-0.212903225806,59.3515157689
0.0387096774194,-0.193548387097,58.2987348923
0.0387096774194,-0.174193548387,57.5086578306
0.0387096774194,-0.154838709677,56.9359598177
0.0387096774194,-0.135483870968,56.538321095
0.0387096774194,-0.116129032258,56.2769712853
0.0387096774194,-0.0967741935484,56.1172040883
0.0387096774194,-0.0774193548387,56.0288517814
0.0387096774194,-0.058064516129,55.9867079625
0.0387096774194,-0.0387096774194,55.9708877069
0.0387096774194,-0.0193548387097,55.9671160401
0.0387096774194,2.77555756156e-17,55.9669372561
0.0387096774194,0.0193548387097,55.9678387343
0.0387096774194,0.0387096774194,55.9732866594
0.0387096774194,0.058064516129,55.9926722727
0.0387096774194,0.0774193548387,56.0411701284
0.0387096774194,0.0967741935484,56.1395126511
0.0387096774194,0.116129032258,56.3136865248
0.0387096774194,0.135483870968,56.5945599799
0.0387096774194,0.154838709677,57.017449283
0.0387096774194,0.174193548387,57.6216367259
0.0387096774194,0.193548387097,58.4498502073
0.0387096774194,0.212903225806,59.5477161163
0.0387096774194,0.232258064516,60.963201561
0.0387096774194,0.251612903226,62.7460471458
0.0387096774194,0.270967741935,64.9472117618
0.0387096774194,0.290322580645,67.6183313655
0.058064516129,-0.290322580645,67.4629124819
0.058064516129,-0.270967741935,64.8336333285
0.058064516129,-0.251612903226,62.6686036047
0.058064516129,-0.232258064516,60.9162253419
0.058064516129,-0.212903225806,59.525671646
0.058064516129,-0.193548387097,58.4474322918
0.058064516129,-0.174193548387,57.6338723036
0.058064516129,-0.154838709677,57.0397979224
0.058064516129,-0.135483870968,56.6230134673
0.058064516129,-0.116129032258,56.3448635141
0.058064516129,-0.0967741935484,56.1707459474
0.058064516129,-0.0774193548387,56.07058395
0.058064516129,-0.058064516129,56.0192479126
0.058064516129,-0.0387096774194,55.9969133129
0.058064516129,-0.0193548387097,55.9893484185
0.058064516129,2.77555756156e-17,55.9881225142
0.058064516129,0.0193548387097,55.9907292948
0.058064516129,0.0387096774194,56.0006224839
0.058064516129,0.058064516129,56.0271622441
0.058064516129,0.0774193548387,56.0854740913
0.058064516129,0.0967741935484,56.1962245204
0.058064516129,0.116129032258,56.3853186348
0.058064516129,0.135483870968,56.6835289642
0.058064516129,0.154838709677,57.1260638055
0.058064516129,0.174193548387,57.7520869856
0.058064516129,0.193548387097,58.6041997446
0.058064516129,0.212903225806,59.7278956596
0.058064516129,0.232258064516,61.1710039693
0.058064516129,0.251612903226,62.9831257036
0.058064516129,0.270967741935,65.2150792128
0.058064516129,0.290322580645,67.9183609499
0.0774193548387,-0.290322580645,67.9605263812
0.0774193548387,-0.270967741935,65.2781183181
0.0774193548387,-0.251612903226,63.0620781998
0.0774193548387,-0.232258064516,61.2610818132
0.0774193548387,-0.212903225806,59.8245765394
0.0774193548387,-0.193548387097,58.7033238074
0.0774193548387,-0.174193548387,57.8499550852
0.0774193548387,-0.154838709677,57.2195320244
0.0774193548387,-0.135483870968,56.7701012755
0.0774193548387,-0.116129032258,56.463231995
0.0774193548387,-0.0967741935484,56.2645250484
0.0774193548387,-0.0774193548387,56.1440818232
0.0774193548387,-0.058064516129,56.0769220615
0.0774193548387,-0.0387096774194,56.0433396656
0.0774193548387,-0.0193548387097,56.0291877071
0.0774193548387,2.77555756156e-17,56.0260850445
0.0774193548387,0.0193548387097,56.0315387923
0.0774193548387,0.0387096774194,56.0489802594
0.0774193548387,0.058064516129,56.0877082629
0.0774193548387,0.0774193548387,56.1627566568
0.0774193548387,0.0967741935484,56.2946641593
0.0774193548387,0.116129032258,56.5091785248
0.0774193548387,0.135483870968,56.836887257
0.0774193548387,0.154838709677,57.3127896581
0.0774193548387,0.174193548387,57.9758200101
0.0774193548387,0.193548387097,58.8683332319
0.0774193548387,0.212903225806,60.0355644294
0.0774193548387,0.232258064516,61.5250749323
0.0774193548387,0.251612903226,63.3861932468
0.0774193548387,0.270967741935,65.6694634485
0.0774193548387,0.290322580645,68.4261091911
0.0967741935484,-0.290322580645,68.6735970756
0.0967741935484,-0.270967741935,65.9172641223
0.0967741935484,-0.251612903226,63.6301078076
0.0967741935484,-0.232258064516,61.7612085308
0.0967741935484,-0.212903225806,60.2604200877
0.0967741935484,-0.193548387097,59.0789045425
0.0967741935484,-0.174193548387,58.1696874042
0.0967741935484,-0.154838709677,57.4882080878
0.0967741935484,-0.135483870968,56.9928708144
0.0967741935484,-0.116129032258,56.645576482
0.0967741935484,-0.0967741935484,56.4122253226
0.0967741935484,-0.0774193548387,56.2631818013
0.0967741935484,-0.058064516129,56.1736863102
0.0967741935484,-0.0387096774194,56.1242076354
0.0967741935484,-0.0193548387097,56.1007243756
0.0967741935484,2.77555756156e-17,56.0949284827
0.0967741935484,0.0193548387097,56.1043479376
0.0967741935484,0.0387096774194,56.1323793854
0.0967741935484,0.058064516129,56.1882376825
0.0967741935484,0.0774193548387,56.2868165279
0.0967741935484,0.0967741935484,56.4484690954
0.0967741935484,0.116129032258,56.6987116676
0.0967741935484,0.135483870968,57.0678597194
0.0967741935484,0.154838709677,57.590604692
0.0967741935484,0.174193548387,58.3055427335
0.0967741935484,0.193548387097,59.254665904
0.0967741935484,0.212903225806,60.4828277606
0.0967741935484,0.232258064516,62.0371943911
0.0967741935484,0.251612903226,63.9666914831
0.0967741935484,0.270967741935,66.3214578128
0.0967741935484,0.290322580645,69.1523140586
0.116129032258,-0.290322580645,69.617106528
0.116129032258,-0.270967741935,66.7665721878
0.116129032258,-0.251612903226,64.38870127
0.116129032258,-0.232258064516,62.4331063312
0.116129032258,-0.212903225806,60.8501741539
0.116129032258,-0.193548387097,59.591595011
0.116129032258,-0.174193548387,58.6109100146
0.116129032258,-0.154838709677,57.8640547545
0.116129032258,-0.135483870968,57.3099029401
0.116129032258,-0.116129032258,56.9107899872
0.116129032258,-0.0967741935484,56.6330096656
0.116129032258,-0.0774193548387,56.447270501
0.116129032258,-0.058064516129,56.3291025862
0.116129032258,-0.0387096774194,56.2592038932
0.116129032258,-0.0193548387097,56.2237174582
0.116129032258,2.77555756156e-17,56.214432397
0.116129032258,0.0193548387097,56.2289029337
0.116129032258,0.0387096774194,56.2704828654
0.116129032258,0.058064516129,56.3482739228
0.116129032258,0.0774193548387,56.4769899314
0.116129032258,0.0967741935484,56.6767403127
0.116129032258,0.116129032258,56.9727388206
0.116129032258,0.135483870968,57.3949444249
0.116129032258,0.154838709677,57.9776459868
0.116129032258,0.174193548387,58.7589963406
0.116129032258,0.193548387097,59.78051209
0.116129032258,0.212903225806,61.0865460115
0.116129032258,0.232258064516,62.7237459055
0.116129032258,0.251612903226,64.7405085747
0.116129032258,0.270967741935,67.1864403069
0.116129032258,0.290322580645,70.1118317694
0.135483870968,-0.290322580645,70.8100114639
0.135483870968,-0.270967741935,67.8456759979
0.135483870968,-0.251612903226,65.3581529113
0.135483870968,-0.232258064516,63.2977089772
0.135483870968,-0.212903225806,61.6153863357
0.135483870968,-0.193548387097,60.2635249789
0.135483870968,-0.174193548387,59.1962982777
0.135483870968,-0.154838709677,58.370251494
0.135483870968,-0.135483870968,57.7448342301
0.135483870968,-0.116129032258,57.2829153743
0.135483870968,-0.0967741935484,56.9512707439
0.135483870968,-0.0774193548387,56.7210311525
0.135483870968,-0.058064516129,56.5680816896
0.135483870968,-0.0387096774194,56.473401454
0.135483870968,-0.0193548387097,56.4233352158
0.135483870968,2.77555756156e-17,56.4097908211
0.135483870968,0.0193548387097,56.430355785
0.135483870968,0.0387096774194,56.4883309933
0.135483870968,0.058064516129,56.5926803901
0.135483870968,0.0774193548387,56.7578976779
0.135483870968,0.0967741935484,57.0037940385
0.135483870968,0.116129032258,57.355212742
0.135483870968,0.135483870968,57.8416764567
0.135483870968,0.154838709677,58.4969802244
0.135483870968,0.174193548387,59.3587337985
0.135483870968,0.193548387097,60.4678704014
0.135483870968,0.212903225806,61.8681285183
0.135483870968,0.232258064516,63.6055192108
0.135483870968,0.251612903226,65.7277897432
0.135483870968,0.270967741935,68.2838920616
0.135483870968,0.290322580645,71.3234643802
0.154838709677,-0.290322580645,72.2750202734
0.154838709677,-0.270967741935,69.1781058537
0.154838709677,-0.251612903226,66.5627951791
0.154838709677,-0.232258064516,64.3801256027
0.154838709677,-0.212903225806,62.5819109177
0.154838709677,-0.193548387097,61.1212543671
0.154838709677,-0.174193548387,59.9530738336
0.154838709677,-0.154838709677,59.0346307514
0.154838709677,-0.135483870968,58.3260513008
0.154838709677,-0.116129032258,57.7908307183
0.154838709677,-0.0967741935484,57.3963106957
0.154838709677,-0.0774193548387,57.1141176741
0.154838709677,-0.058064516129,56.9205532934
0.154838709677,-0.0387096774194,56.7969263844
0.154838709677,-0.0193548387097,56.7298185861
0.154838709677,2.77555756156e-17,56.711277077
0.154838709677,0.0193548387097,56.7389286258
0.154838709677,0.0387096774194,56.8160124496
0.154838709677,0.058064516129,56.9513312271
0.154838709677,0.0774193548387,57.1591208039
0.154838709677,0.0967741935484,57.4588430381
0.154838709677,0.116129032258,57.8749066925
0.154838709677,0.135483870968,58.4363231577
0.154838709677,0.154838709677,59.1763078317
0.154838709677,0.174193548387,60.1318333254
0.154838709677,0.193548387097,61.3431476189
0.154838709677,0.212903225806,62.8532670132
0.154838709677,0.232258064516,64.7074547356
0.154838709677,0.251612903226,66.9526937877
0.154838709677,0.270967741935,69.637165433
0.154838709677,0.290322580645,72.8097405172
0.174193548387,-0.290322580645,74.0383210293
0.174193548387,-0.270967741935,70.7910051209
0.174193548387,-0.251612903226,68.0307022205
0.174193548387,-0.232258064516,65.7093308042
0.174193548387,-0.212903225806,63.7795850258
0.174193548387,-0.193548387097,62.1954387031
0.174193548387,-0.174193548387,60.912658304
0.174193548387,-0.154838709677,59.8893212496
0.174193548387,-0.135483870968,59.0863239022
0.174193548387,-0.116129032258,58.4678743956
0.174193548387,-0.0967741935484,58.0019581286
0.174193548387,-0.0774193548387,57.6607654099
0.174193548387,-0.058064516129,57.4210714255
0.174193548387,-0.0387096774194,57.2645598911
0.174193548387,-0.0193548387097,57.1780817949
0.174193548387,2.77555756156e-17,57.1538428302
0.174193548387,0.0193548387097,57.1895144882
0.174193548387,0.0387096774194,57.2882663757
0.174193548387,0.058064516129,57.4587180324
0.174193548387,0.0774193548387,57.7148126286
0.174193548387,0.0967741935484,58.0756152506
0.174193548387,0.116129032258,58.5650410296
0.174193548387,0.135483870968,59.2115202263
0.174193548387,0.154838709677,60.0476091123
0.174193548387,0.174193548387,61.10955502
0.174193548387,0.193548387097,62.4368262413
0.174193548387,0.212903225806,64.0716170701
0.174193548387,0.232258064516,66.0583374441
0.174193548387,0.251612903226,68.4430989385
0.174193548387,0.270967741935,71.2732038114
0.174193548387,0.290322580645,74.5966456578
0.193548387097,-0.290322580645,76.1292758798
0.193548387097,-0.270967741935,72.7148061639
0.193548387097,-0.251612903226,69.7933509507
0.193548387097,-0.232258064516,67.3178111193
0.193548387097,-0.212903225806,65.2418622837
0.193548387097,-0.193548387097,63.5204475101
0.193548387097,-0.174193548387,62.1102791344
0.193548387097,-0.154838709677,60.9703413875
0.193548387097,-0.135483870968,60.0623872451
0.193548387097,-0.116129032258,59.3514172489
0.193548387097,-0.0967741935484,58.8061320145
0.193548387097,-0.0774193548387,58.3993478542
0.193548387097,-0.058064516129,58.108365621
0.193548387097,-0.0387096774194,57.9152854253
0.193548387097,-0.0193548387097,57.8072570351
0.193548387097,2.77555756156e-17,57.7766622992
0.193548387097,0.0193548387097,57.8212226075
0.193548387097,0.0387096774194,57.9440303043
0.193548387097,0.058064516129,58.1535021825
0.193548387097,0.0774193548387,58.4632570485
0.193548387097,0.0967741935484,58.8919198889
0.193548387097,0.116129032258,59.4628579871
0.193548387097,0.135483870968,60.2038565474
0.193548387097,0.154838709677,61.1467400943
0.193548387097,0.174193548387,62.3269502356
0.193548387097,0.193548387097,63.7830880264
0.193548387097,0.212903225806,65.5564330083
0.193548387097,0.232258064516,67.6904461963
0.193548387097,0.251612903226,70.2302679496
0.193548387097,0.270967741935,73.2222202244
0.193548387097,0.290322580645,76.7133184649
0.212903225806,-0.290322580645,78.5800751087
0.212903225806,-0.270967741935,74.9828721491
0.212903225806,-0.251612903226,71.8852464951
0.212903225806,-0.232258064516,69.2411746071
0.212903225806,-0.212903225806,67.0054064293
0.212903225806,-0.193548387097,65.1339449615
0.212903225806,-0.174193548387,63.5845351616
0.212903225806,-0.154838709677,62.3171521213
0.212903225806,-0.135483870968,61.2944833258
0.212903225806,-0.116129032258,60.4823936001
0.212903225806,-0.0967741935484,59.8503631117
0.212903225806,-0.0774193548387,59.3718902154
0.212903225806,-0.058064516129,59.0248488255
0.212903225806,-0.0387096774194,58.7917920759
0.212903225806,-0.0193548387097,58.6601954753
0.212903225806,2.77555756156e-17,58.6226326415
0.212903225806,0.0193548387097,58.6768794091
0.212903225806,0.0387096774194,58.8259444199
0.212903225806,0.058064516129,59.0780240688
0.212903225806,0.0774193548387,59.4463840487
0.212903225806,0.0967741935484,59.9491704218
0.212903225806,0.116129032258,60.609154307
0.212903225806,0.135483870968,61.4534181341
0.212903225806,0.154838709677,62.5129888781
0.212903225806,0.174193548387,63.8224294096
0.212903225806,0.193548387097,65.4193949431
0.212903225806,0.212903225806,67.3441664
0.212903225806,0.232258064516,69.6391674642
0.212903225806,0.251612903226,72.3484767797
0.212903225806,0.270967741935,75.5173432958
0.212903225806,0.290322580645,79.1917118097
0.232258064516,-0.290322580645,81.4253719444
0.232258064516,-0.270967741935,77.6311118238
0.232258064516,-0.251612903226,74.3435203553
0.232258064516,-0.232258064516,71.5177329937
0.232258064516,-0.212903225806,69.1096574549
0.232258064516,-0.193548387097,67.0764388081
0.232258064516,-0.174193548387,65.3769327466
0.232258064516,-0.154838709677,63.9721794338
0.232258064516,-0.135483870968,62.8258709994
0.232258064516,-0.116129032258,61.9047999926
0.232258064516,-0.0967741935484,61.1792834254
0.232258064516,-0.0774193548387,60.6235516502
0.232258064516,-0.058064516129,60.2160925985
0.232258064516,-0.0387096774194,59.939945798
0.232258064516,-0.0193548387097,59.7829355822
0.232258064516,2.77555756156e-17,59.737841392
0.232258064516,0.0193548387097,59.8024977139
0.232258064516,0.0387096774194,59.979823634
0.232258064516,0.058064516129,60.2777795089
0.232258064516,0.0774193548387,60.7092530089
0.232258064516,0.0967741935484,61.2918769517
0.232258064516,0.116129032258,62.0477834173
0.232258064516,0.135483870968,63.0033008083
0.232258064516,0.154838709677,64.1886007581
0.232258064516,0.174193548387,65.6373022429
0.232258064516,0.193548387097,67.3860448198
0.232258064516,0.212903225806,69.4740351626
0.232258064516,0.232258064516,71.9425807169
0.232258064516,0.251612903226,74.834617425
0.232258064516,0.270967741935,78.1942372881
0.232258064516,0.290322580645,82.066229789
0.251612903226,-0.290322580645,84.7018953755
0.251612903226,-0.270967741935,80.6975771846
0.251612903226,-0.251612903226,77.2075099133
0.251612903226,-0.232258064516,74.1880634904
0.251612903226,-0.212903225806,71.5963780818
0.251612903226,-0.193548387097,69.3908119901
0.251612903226,-0.174193548387,67.5314010443
0.251612903226,-0.154838709677,65.9803167741
0.251612903226,-0.135483870968,64.7023155965
0.251612903226,-0.116129032258,63.6651740506
0.251612903226,-0.0967741935484,62.8400956233
0.251612903226,-0.0774193548387,62.2020854847
0.251612903226,-0.058064516129,61.7302821621
0.251612903226,-0.0387096774194,61.4082392433
0.251612903226,-0.0193548387097,61.2241507299
0.251612903226,2.77555756156e-17,61.1710136129
0.251612903226,0.0193548387097,61.2467246284
0.251612903226,0.0387096774194,61.4541084475
0.251612903226,0.058064516129,61.8008760241
0.251612903226,0.0774193548387,62.2995155308
0.251612903226,0.0967741935484,62.9671167016
0.251612903226,0.116129032258,63.8251357312
0.251612903226,0.135483870968,64.8991029359
0.251612903226,0.154838709677,66.2182835557
0.251612903226,0.174193548387,67.8152966953
0.251612903226,0.193548387097,69.7257041752
0.251612903226,0.212903225806,71.9875728624
0.251612903226,0.232258064516,74.6410250554
0.251612903226,0.251612903226,77.7277802166
0.251612903226,0.270967741935,81.2907009823
0.251612903226,0.290322580645,85.3733446229
0.270967741935,-0.290322580645,88.4480535038
0.270967741935,-0.270967741935,84.2220472645
0.270967741935,-0.251612903226,80.5183253022
0.270967741935,-0.232258064516,77.294560399
0.270967741935,-0.212903225806,74.5091875431
0.270967741935,-0.193548387097,72.1218418312
0.270967741935,-0.174193548387,70.0937986382
0.270967741935,-0.154838709677,68.388416066
0.270967741935,-0.135483870968,66.9715685336
0.270967741935,-0.116129032258,65.8120628581
0.270967741935,-0.0967741935484,64.8820315049
0.270967741935,-0.0774193548387,64.1572911853
0.270967741935,-0.058064516129,63.6176608914
0.270967741935,-0.0387096774194,63.2472326331
0.270967741935,-0.0193548387097,63.0345870004
0.270967741935,2.77555756156e-17,62.9729487516
0.270967741935,0.0193548387097,63.0602799627
0.270967741935,0.0387096774194,63.299306589
0.270967741935,0.058064516129,63.6974792097
0.270967741935,0.0774193548387,64.2668680803
0.270967741935,0.0967741935484,65.0239956107
0.270967741935,0.116129032258,65.989610172
0.270967741935,0.135483870968,67.1884071952
0.270967741935,0.154838709677,68.6487019593
0.270967741935,0.174193548387,70.4020666561
0.270967741935,0.193548387097,72.4829317296
0.270967741935,0.212903225806,74.9281682764
0.270967741935,0.232258064516,77.7766528181
0.270967741935,0.251612903226,81.0688263349
0.270967741935,0.270967741935,84.846256587
0.270967741935,0.290322580645,89.1512034219
0.290322580645,-0.290322580645,92.7035302703
0.290322580645,-0.270967741935,88.2456089683
0.290322580645,-0.251612903226,84.3184160932
0.290322580645,-0.232258064516,80.8809824845
0.290322580645,-0.212903225806,77.8930951797
0.290322580645,-0.193548387097,75.3157172149
0.290322580645,-0.174193548387,73.1114145814
0.290322580645,-0.154838709677,71.2447789371
0.290322580645,-0.135483870968,69.6828453461
0.290322580645,-0.116129032258,68.3954910292
0.290322580645,-0.0967741935484,67.3558115963
0.290322580645,-0.0774193548387,66.5404652044
0.290322580645,-0.058064516129,65.9299766478
0.290322580645,-0.0387096774194,65.5089954893
0.290322580645,-0.0193548387097,65.2665027524
0.290322580645,2.77555756156e-17,65.1959594369
0.290322580645,0.0193548387097,65.2953954797
0.290322580645,0.0387096774194,65.5674349111
0.290322580645,0.058064516129,66.0192589239
0.290322580645,0.0774193548387,66.6625051704
0.290322580645,0.0967741935484,67.5131084456
0.290322580645,0.116129032258,68.591084236
0.290322580645,0.135483870968,69.9202612886
0.290322580645,0.154838709677,71.5279714797
0.290322580645,0.174193548387,73.4446984916
0.290322580645,0.193548387097,75.7036989488
0.290322580645,0.212903225806,78.3405998718
0.290322580645,0.232258064516,81.3929815137
0.290322580645,0.251612903226,84.8999544881
0.290322580645,0.270967741935,88.9017352516
0.290322580645,0.290322580645,93.4392295591
