-1.93548387097,-1.93548387097,149.300222522
-1.93548387097,-1.8064516129,141.452081391
-1.93548387097,-1.67741935484,133.796766411
-1.93548387097,-1.54838709677,126.343394675
-1.93548387097,-1.41935483871,119.100908238
-1.93548387097,-1.29032258065,112.078018533
-1.93548387097,-1.16129032258,105.28314722
-1.93548387097,-1.03225806452,98.7243639969
-1.93548387097,-0.903225806452,92.4093218459
-1.93548387097,-0.774193548387,86.3451850751
-1.93548387097,-0.645161290323,80.5385561474
-1.93548387097,-0.516129032258,74.9954018878
-1.93548387097,-0.387096774194,69.7209722523
-1.93548387097,-0.258064516129,64.7197202235
-1.93548387097,-0.129032258065,59.9952205744
-1.93548387097,0.0,55.5500842317
-1.93548387097,0.129032258065,51.3858754458
-1.93548387097,0.258064516129,47.5030326505
-1.93548387097,0.387096774194,43.9007866825
-1.93548387097,0.516129032258,40.5770881604
-1.93548387097,0.645161290323,37.5285407949
-1.93548387097,0.774193548387,34.7503431617
-1.93548387097,0.903225806452,32.2362425815
-1.93548387097,1.03225806452,29.9785078404
-1.93548387097,1.16129032258,27.9679188109
-1.93548387097,1.29032258065,26.193783356
-1.93548387097,1.41935483871,24.6439823069
-1.93548387097,1.54838709677,23.3050490878
-1.93548387097,1.67741935484,22.1622902303
-1.93548387097,1.8064516129,21.1999503931
-1.93548387097,1.93548387097,20.4014245976
-1.8064516129,-1.93548387097,135.097603987
-1.8064516129,-1.8064516129,127.606083783
-1.8064516129,-1.67741935484,120.323178719
-1.8064516129,-1.54838709677,113.257682623
-1.8064516129,-1.41935483871,106.418119511
-1.8064516129,-1.29032258065,99.8126781587
-1.8064516129,-1.16129032258,93.4491501074
-1.8064516129,-1.03225806452,87.3348585663
-1.8064516129,-0.903225806452,81.4765857877
-1.8064516129,-0.774193548387,75.8804996169
-1.8064516129,-0.645161290323,70.5520722542
-1.8064516129,-0.516129032258,65.4959989547
-1.8064516129,-0.387096774194,60.7161180114
-1.8064516129,-0.258064516129,56.2153231274
-1.8064516129,-0.129032258065,51.9954818358
-1.8064516129,0.0,48.0573518733
-1.8064516129,0.129032258065,44.4004985577
-1.8064516129,0.258064516129,41.0232188609
-1.8064516129,0.387096774194,37.9224711021
-1.8064516129,0.516129032258,35.0938116577
-1.8064516129,0.645161290323,32.5313447841
-1.8064516129,0.774193548387,30.2276875948
-1.8064516129,0.903225806452,28.1739523635
-1.8064516129,1.03225806452,26.3597530555
-1.8064516129,1.16129032258,24.7732414847
-1.8064516129,1.29032258065,23.4011770837
-1.8064516129,1.41935483871,22.2290321522
-1.8064516129,1.54838709677,21.2411480117
-1.8064516129,1.67741935484,20.4209338376
-1.8064516129,1.8064516129,19.7511195999
-1.8064516129,1.93548387097,19.2140607764
-1.67741935484,-1.93548387097,121.570296581
-1.67741935484,-1.8064516129,114.46326924
-1.67741935484,-1.67741935484,107.580020753
-1.67741935484,-1.54838709677,100.928849971
-1.67741935484,-1.41935483871,94.5176786382
-1.67741935484,-1.29032258065,88.3539801869
-1.67741935484,-1.16129032258,82.4447075846
-1.67741935484,-1.03225806452,76.79621954
-1.67741935484,-0.903225806452,71.4142015168
-1.67741935484,-0.774193548387,66.3035847138
-1.67741935484,-0.645161290323,61.4684613233
-1.67741935484,-0.516129032258,56.9120034914
-1.67741935484,-0.387096774194,52.6363740629
-1.67741935484,-0.258064516129,48.6426451112
-1.67741935484,-0.129032258065,44.9307137635
-1.67741935484,0.0,41.4992221788
-1.67741935484,0.129032258065,38.345483873
-1.67741935484,0.258064516129,35.4654175203
-1.67741935484,0.387096774194,32.8534903426
-1.67741935484,0.516129032258,30.5026768666
-1.67741935484,0.645161290323,28.4044351842
-1.67741935484,0.774193548387,26.5487039222
-1.67741935484,0.903225806452,24.923928104
-1.67741935484,1.03225806452,23.5171180634
-1.67741935484,1.16129032258,22.3139455972
-1.67741935484,1.29032258065,21.2988821764
-1.67741935484,1.41935483871,20.4553905384
-1.67741935484,1.54838709677,19.7661632551
-1.67741935484,1.67741935484,19.2134170086
-1.67741935484,1.8064516129,18.7792395156
-1.67741935484,1.93548387097,18.4459821648
-1.54838709677,-1.93548387097,108.768492739
-1.54838709677,-1.8064516129,102.072552667
-1.54838709677,-1.67741935484,95.6146151237
-1.54838709677,-1.54838709677,89.4022946016
-1.54838709677,-1.41935483871,83.4427053015
-1.54838709677,-1.29032258065,77.7423897944
-1.54838709677,-1.16129032258,72.3072354704
-1.54838709677,-1.03225806452,67.1423998865
-1.54838709677,-0.903225806452,62.2522243146
-1.54838709677,-0.774193548387,57.6401480499
-1.54838709677,-0.645161290323,53.308624677
-1.54838709677,-0.516129032258,49.2590361986
-1.54838709677,-0.387096774194,45.4916050575
-1.54838709677,-0.258064516129,42.0053169693
-1.54838709677,-0.129032258065,38.7978409923
-1.54838709677,0.0,35.8654589435
-1.54838709677,0.129032258065,33.203006245
-1.54838709677,0.258064516129,30.803824287
-1.54838709677,0.387096774194,28.6597276927
-1.54838709677,0.516129032258,26.7609953117
-1.54838709677,0.645161290323,25.096386149
-1.54838709677,0.774193548387,23.6531876953
-1.54838709677,0.903225806452,22.4172976227
-1.54838709677,1.03225806452,21.3733550733
-1.54838709677,1.16129032258,20.5049135273
-1.54838709677,1.29032258065,19.7946695861
-1.54838709677,1.41935483871,19.2247462339
-1.54838709677,1.54838709677,18.7770295657
-1.54838709677,1.67741935484,18.4335550501
-1.54838709677,1.8064516129,18.1769380851
-1.54838709677,1.93548387097,17.9908288668
-1.41935483871,-1.93548387097,96.739655917
-1.41935483871,-1.8064516129,90.4795349476
-1.41935483871,-1.67741935484,84.4703533253
-1.41935483871,-1.54838709677,78.7188248451
-1.41935483871,-1.41935483871,73.2310344526
-1.41935483871,-1.29032258065,68.0123551305
-1.41935483871,-1.16129032258,63.0673665302
-1.41935483871,-1.03225806452,58.3997693594
-1.41935483871,-0.903225806452,54.0123005583
-1.41935483871,-0.774193548387,49.9066426749
-1.41935483871,-0.645161290323,46.0833424854
-1.41935483871,-0.516129032258,42.5417236502
-1.41935483871,-0.387096774194,39.2798088541
-1.41935483871,-0.258064516129,36.2942446186
-1.41935483871,-0.129032258065,33.5802387398
-1.41935483871,0.0,31.1315040405
-1.41935483871,0.129032258065,28.9402226715
-1.41935483871,0.258064516129,26.9970280544
-1.41935483871,0.387096774194,25.2910119336
-1.41935483871,0.516129032258,23.8097600623
-1.41935483871,0.645161290323,22.5394271394
-1.41935483871,0.774193548387,21.4648503967
-1.41935483871,0.903225806452,20.5697121775
-1.41935483871,1.03225806452,19.8367552696
-1.41935483871,1.16129032258,19.2480527727
-1.41935483871,1.29032258065,18.7853353818
-1.41935483871,1.41935483871,18.4303696571
-1.41935483871,1.54838709677,18.1653847877
-1.41935483871,1.67741935484,17.9735314329
-1.41935483871,1.8064516129,17.8393566786
-1.41935483871,1.93548387097,17.7492715966
-1.29032258065,-1.93548387097,85.5274098015
-1.29032258065,-1.8064516129,79.7253286723
-1.29032258065,-1.67741935484,74.1854469043
-1.29032258065,-1.54838709677,68.9133466301
-1.29032258065,-1.41935483871,63.9138359589
-1.29032258065,-1.29032258065,59.1908686401
-1.29032258065,-1.16129032258,54.7474557735
-1.29032258065,-1.03225806452,50.5855756595
-1.29032258065,-0.903225806452,46.7060907521
-1.29032258065,-0.774193548387,43.1086602502
-1.29032258065,-0.645161290323,39.7916573097
-1.29032258065,-0.516129032258,36.7520927039
-1.29032258065,-0.387096774194,33.9855470717
-1.29032258065,-0.258064516129,31.4861107454
-1.29032258065,-0.129032258065,29.246341859
-1.29032258065,0.0,27.2572405761
-1.29032258065,0.129032258065,25.5082470605
-1.29032258065,0.258064516129,23.987268104
-1.29032258065,0.387096774194,22.6807397858
-1.29032258065,0.516129032258,21.5737297727
-1.29032258065,0.645161290323,20.6500856674
-1.29032258065,0.774193548387,19.8926364009
-1.29032258065,0.903225806452,19.2834501865
-1.29032258065,1.03225806452,18.804148947
-1.29032258065,1.16129032258,18.4362778767
-1.29032258065,1.29032258065,18.1617272436
-1.29032258065,1.41935483871,17.9631901145
-1.29032258065,1.54838709677,17.8246437476
-1.29032258065,1.67741935484,17.7318312892
-1.29032258065,1.8064516129,17.6727181036
-1.29032258065,1.93548387097,17.6378951439
-1.16129032258,-1.93548387097,75.1703079402
-1.16129032258,-1.8064516129,69.8452574136
-1.16129032258,-1.67741935484,64.7915676234
-1.16129032258,-1.54838709677,60.0134341646
-1.16129032258,-1.41935483871,55.5141344217
-1.16129032258,-1.29032258065,51.2959358143
-1.16129032258,-1.16129032258,47.360009258
-1.16129032258,-1.03225806452,43.7063425239
-1.16129032258,-0.903225806452,40.3336572247
-1.16129032258,-0.774193548387,37.2393251806
-1.16129032258,-0.645161290323,34.4193011613
-1.16129032258,-0.516129032258,31.8680571014
-1.16129032258,-0.387096774194,29.578532802
-1.16129032258,-0.258064516129,27.5421049626
-1.16129032258,-0.129032258065,25.7485773029
-1.16129032258,0.0,24.1861972231
-1.16129032258,0.129032258065,22.841706335
-1.16129032258,0.258064516129,21.7004314553
-1.16129032258,0.387096774194,20.746420153
-1.16129032258,0.516129032258,19.9626278164
-1.16129032258,0.645161290323,19.3311609963
-1.16129032258,0.774193548387,18.8335797714
-1.16129032258,0.903225806452,18.4512575886
-1.16129032258,1.03225806452,18.1657937334
-1.16129032258,1.16129032258,17.9594699023
-1.16129032258,1.29032258065,17.8157352204
-1.16129032258,1.41935483871,17.7196973851
-1.16129032258,1.54838709677,17.6585971472
-1.16129032258,1.67741935484,17.6222359485
-1.16129032258,1.8064516129,17.6033292713
-1.16129032258,1.93548387097,17.5977602274
-1.03225806452,-1.93548387097,65.7004809545
-1.03225806452,-1.8064516129,60.8674409549
-1.03225806452,-1.67741935484,56.3123688858
-1.03225806452,-1.54838709677,52.0378132015
-1.03225806452,-1.41935483871,48.0452469216
-1.03225806452,-1.29032258065,44.3349799755
-1.03225806452,-1.16129032258,40.9060758167
-1.03225806452,-1.03225806452,37.7562670267
-1.03225806452,-0.903225806452,34.8818803294
-1.03225806452,-0.774193548387,32.2777699945
-1.03225806452,-0.645161290323,29.9372636359
-1.03225806452,-0.516129032258,27.8521229993
-1.03225806452,-0.387096774194,26.0125275714
-1.03225806452,-0.258064516129,24.4070822024
-1.03225806452,-0.129032258065,23.0228567395
-1.03225806452,0.0,21.8454645258
-1.03225806452,0.129032258065,20.8591855925
-1.03225806452,0.258064516129,20.047139613
-1.03225806452,0.387096774194,19.3915148742
-1.03225806452,0.516129032258,18.8738565787
-1.03225806452,0.645161290323,18.4754147576
-1.03225806452,0.774193548387,18.1775486168
-1.03225806452,0.903225806452,17.9621775087
-1.03225806452,1.03225806452,17.8122665654
-1.03225806452,1.16129032258,17.7123265857
-1.03225806452,1.29032258065,17.648902585
-1.03225806452,1.41935483871,17.6110238826
-1.03225806452,1.54838709677,17.5905859064
-1.03225806452,1.67741935484,17.5826369734
-1.03225806452,1.8064516129,17.5855475466
-1.03225806452,1.93548387097,17.6010485779
-0.903225806452,-1.93548387097,57.1421766205
-0.903225806452,-1.8064516129,52.811285863
-0.903225806452,-1.67741935484,48.7619424859
-0.903225806452,-1.54838709677,44.9947731691
-0.903225806452,-1.41935483871,41.5091778812
-0.903225806452,-1.29032258065,38.3032428247
-0.903225806452,-1.16129032258,35.3736664084
-0.903225806452,-1.03225806452,32.715686344
-0.903225806452,-0.903225806452,30.3230198925
-0.903225806452,-0.774193548387,28.1878211604
-0.903225806452,-0.645161290323,26.3006563557
-0.903225806452,-0.516129032258,24.6505021969
-0.903225806452,-0.387096774194,23.2247763505
-0.903225806452,-0.258064516129,22.0094046526
-0.903225806452,-0.129032258065,20.9889305631
-0.903225806452,0.0,20.1466739529
-0.903225806452,0.129032258065,19.4649459331
-0.903225806452,0.258064516129,18.9253231891
-0.903225806452,0.387096774194,18.5089823993
-0.903225806452,0.516129032258,18.1970932869
-0.903225806452,0.645161290323,17.9712634369
-0.903225806452,0.774193548387,17.8140225321
-0.903225806452,0.903225806452,17.7093267218
-0.903225806452,1.03225806452,17.6430591619
-0.903225806452,1.16129032258,17.6035005552
-0.903225806452,1.29032258065,17.5817370598
-0.903225806452,1.41935483871,17.5719791673
-0.903225806452,1.54838709677,17.5717658862
-0.903225806452,1.67741935484,17.5820390518
-0.903225806452,1.8064516129,17.6070798147
-0.903225806452,1.93548387097,17.6543130907
-0.774193548387,-1.93548387097,49.5102228522
-0.774193548387,-1.8064516129,45.6859141434
-0.774193548387,-1.67741935484,42.1432177849
-0.774193548387,-1.54838709677,38.8805726233
-0.774193548387,-1.41935483871,35.8950433859
-0.774193548387,-1.29032258065,33.1822492243
-0.774193548387,-1.16129032258,30.7363000491
-0.774193548387,-1.03225806452,28.5497472621
-0.774193548387,-0.903225806452,26.6135515487
-0.774193548387,-0.774193548387,24.9170747448
-0.774193548387,-0.645161290323,23.4481004898
-0.774193548387,-0.516129032258,22.1928899892
-0.774193548387,-0.387096774194,21.1362781748
-0.774193548387,-0.258064516129,20.261819564
-0.774193548387,-0.129032258065,19.5519883714
-0.774193548387,0.0,18.9884376035
-0.774193548387,0.129032258065,18.5523192131
-0.774193548387,0.258064516129,18.2246651664
-0.774193548387,0.387096774194,17.9868238945
-0.774193548387,0.516129032258,17.8209402316
-0.774193548387,0.645161290323,17.710461534
-0.774193548387,0.774193548387,17.6406485095
-0.774193548387,0.903225806452,17.5990620218
-0.774193548387,1.03225806452,17.5759958836
-0.774193548387,1.16129032258,17.5648258906
-0.774193548387,1.29032258065,17.5622489358
-0.774193548387,1.41935483871,17.5683931434
-0.774193548387,1.54838709677,17.586789263
-0.774193548387,1.67741935484,17.6242054246
-0.774193548387,1.8064516129,17.6903571311
-0.774193548387,1.93548387097,17.7975149489
-0.645161290323,-1.93548387097,42.8084425966
-0.645161290323,-1.8064516129,39.4885701516
-0.645161290323,-1.67741935484,36.4463910635
-0.645161290323,-1.54838709677,33.6779043319
-0.645161290323,-1.41935483871,31.1776114877
-0.645161290323,-1.29032258065,28.9384639502
-0.645161290323,-1.16129032258,26.9518244792
-0.645161290323,-1.03225806452,25.2074510663
-0.645161290323,-0.903225806452,23.6935084393
-0.645161290323,-0.774193548387,22.3966132408
-0.645161290323,-0.645161290323,21.3019187045
-0.645161290323,-0.516129032258,20.3932465789
-0.645161290323,-0.387096774194,19.653271426
-0.645161290323,-0.258064516129,19.0637658483
-0.645161290323,-0.129032258065,18.6059052816
-0.645161290323,0.0,18.2606359815
-0.645161290323,0.129032258065,18.0091002146
-0.645161290323,0.258064516129,17.8331103257
-0.645161290323,0.387096774194,17.7156548124
-0.645161290323,0.516129032258,17.6414151305
-0.645161290323,0.645161290323,17.5972667129
-0.645161290323,0.774193548387,17.5727338633
-0.645161290323,0.903225806452,17.5603674149
-0.645161290323,1.03225806452,17.5560174552
-0.645161290323,1.16129032258,17.5589796139
-0.645161290323,1.29032258065,17.5720024293
-0.645161290323,1.41935483871,17.6011544578
-0.645161290323,1.54838709677,17.6555610964
-0.645161290323,1.67741935484,17.7470310766
-0.645161290323,1.8064516129,17.8896001222
-0.645161290323,1.93548387097,18.0990227927
-0.516129032258,-1.93548387097,37.0280850442
-0.516129032258,-1.8064516129,34.2030956447
-0.516129032258,-1.67741935484,31.6474650013
-0.516129032258,-1.54838709677,29.3545454093
-0.516129032258,-1.41935483871,27.3161058041
-0.516129032258,-1.29032258065,25.522309917
-0.516129032258,-1.16129032258,23.9617166907
-0.516129032258,-1.03225806452,22.6213166951
-0.516129032258,-0.903225806452,21.4866050442
-0.516129032258,-0.774193548387,20.541699908
-0.516129032258,-0.645161290323,19.7695128181
-0.516129032258,-0.516129032258,19.1519770692
-0.516129032258,-0.387096774194,18.6703383924
-0.516129032258,-0.258064516129,18.3055080645
-0.516129032258,-0.129032258065,18.0384762521
-0.516129032258,0.0,17.850776939
-0.516129032258,0.129032258065,17.7249916959
-0.516129032258,0.258064516129,17.6452699958
-0.516129032258,0.387096774194,17.5978413327
-0.516129032258,0.516129032258,17.5714892211
-0.516129032258,0.645161290323,17.5579553679
-0.516129032258,0.774193548387,17.5522449221
-0.516129032258,0.903225806452,17.5528083053
-0.516129032258,1.03225806452,17.561585293
-0.516129032258,1.16129032258,17.5839063272
-0.516129032258,1.29032258065,17.6282586192
-0.516129032258,1.41935483871,17.7059347506
-0.516129032258,1.54838709677,17.8305899254
-0.516129032258,1.67741935484,18.0177389458
-0.516129032258,1.8064516129,18.2842249157
-0.516129032258,1.93548387097,18.647689834
-0.387096774194,-1.93548387097,32.1463715482
-0.387096774194,-1.8064516129,29.7985707895
-0.387096774194,-1.67741935484,27.7070392748
-0.387096774194,-1.54838709677,25.8623517328
-0.387096774194,-1.41935483871,24.2534731943
-0.387096774194,-1.29032258065,22.8677844817
-0.387096774194,-1.16129032258,21.691143503
-0.387096774194,-1.03225806452,20.7079925875
-0.387096774194,-0.903225806452,19.9015116669
-0.387096774194,-0.774193548387,19.253836254
-0.387096774194,-0.645161290323,18.7463266245
-0.387096774194,-0.516129032258,18.3599090029
-0.387096774194,-0.387096774194,18.0754747275
-0.387096774194,-0.258064516129,17.8743348512
-0.387096774194,-0.129032258065,17.7387180667
-0.387096774194,0.0,17.6522922343
-0.387096774194,0.129032258065,17.6006848213
-0.387096774194,0.258064516129,17.5719728452
-0.387096774194,0.387096774194,17.5571111289
-0.387096774194,0.516129032258,17.5502679745
-0.387096774194,0.645161290323,17.5490423008
-0.387096774194,0.774193548387,17.5545443604
-0.387096774194,0.903225806452,17.5713327105
-0.387096774194,1.03225806452,17.6072119642
-0.387096774194,1.16129032258,17.672906155
-0.387096774194,1.29032258065,17.7816331722
-0.387096774194,1.41935483871,17.9486099491
-0.387096774194,1.54838709677,18.1905212457
-0.387096774194,1.67741935484,18.5249829979
-0.387096774194,1.8064516129,18.9700280458
-0.387096774194,1.93548387097,19.5436349951
-0.258064516129,-1.93548387097,28.1252751663
-0.258064516129,-1.8064516129,26.2282921552
-0.258064516129,-1.67741935484,24.5695510873
-0.258064516129,-1.54838709677,23.136835844
-0.258064516129,-1.41935483871,21.9163870338
-0.258064516129,-1.29032258065,20.8929947834
-0.258064516129,-1.16129032258,20.0501409605
-0.258064516129,-1.03225806452,19.3701966013
-0.258064516129,-0.903225806452,18.8346812558
-0.258064516129,-0.774193548387,18.4245846352
-0.258064516129,-0.645161290323,18.1207516779
-0.258064516129,-0.516129032258,17.9043255526
-0.258064516129,-0.387096774194,17.7572379569
-0.258064516129,-0.258064516129,17.6627284827
-0.258064516129,-0.129032258065,17.6058701257
-0.258064516129,0.0,17.5740726576
-0.258064516129,0.129032258065,17.5575321741
-0.258064516129,0.258064516129,17.549594968
-0.258064516129,0.387096774194,17.547008508
-0.258064516129,0.516129032258,17.5500388722
-0.258064516129,0.645161290323,17.5624444618
-0.258064516129,0.774193548387,17.5913068498
-0.258064516129,0.903225806452,17.6467322225
-0.258064516129,1.03225806452,17.741445756
-0.258064516129,1.16129032258,17.8903083914
-0.258064516129,1.29032258065,18.1097885458
-0.258064516129,1.41935483871,18.417421409
-0.258064516129,1.54838709677,18.8312837958
-0.258064516129,1.67741935484,19.3695076203
-0.258064516129,1.8064516129,20.049848875
-0.258064516129,1.93548387097,20.8893216607
-0.129032258065,-1.93548387097,24.9107402966
-0.129032258065,-1.8064516129,23.4293177279
-0.129032258065,-1.67741935484,22.1632281424
-0.129032258065,-1.54838709677,21.097631597
-0.129032258065,-1.41935483871,20.216337925
-0.129032258065,-1.29032258065,19.5019910674
-0.129032258065,-1.16129032258,18.936309079
-0.129032258065,-1.03225806452,18.5003915593
-0.129032258065,-0.903225806452,18.1750887346
-0.129032258065,-0.774193548387,17.9414310357
-0.129032258065,-0.645161290323,17.7811094741
-0.129032258065,-0.516129032258,17.6769903124
-0.129032258065,-0.387096774194,17.6136433493
-0.129032258065,-0.258064516129,17.5778550639
-0.129032258065,-0.129032258065,17.5590963164
-0.129032258065,0.0,17.5499124065
-0.129032258065,0.129032258065,17.5462061435
-0.129032258065,0.258064516129,17.5473913201
-0.129032258065,0.387096774194,17.5564034043
-0.129032258065,0.516129032258,17.5795656032
-0.129032258065,0.645161290323,17.626320423
-0.129032258065,0.774193548387,17.7088470611
-0.129032258065,0.903225806452,17.8415929853
-0.129032258065,1.03225806452,18.0407522494
-0.129032258065,1.16129032258,18.3237227602
-0.129032258065,1.29032258065,18.7085724837
-0.129032258065,1.41935483871,19.2135403027
-0.129032258065,1.54838709677,19.8565875816
-0.129032258065,1.67741935484,20.6550141233
-0.129032258065,1.8064516129,21.6251430909
-0.129032258065,1.93548387097,22.7820747752
0.0,-1.93548387097,22.432589412
0.0,-1.8064516129,21.3228677047
0.0,-1.67741935484,20.4010967025
0.0,-1.54838709677,19.6502228385
0.0,-1.41935483871,19.0522017201
0.0,-1.29032258065,18.5882873515
0.0,-1.16129032258,18.2393849963
0.0,-1.03225806452,17.9864662558
0.0,-0.903225806452,17.8110378755
0.0,-0.774193548387,17.6956495351
0.0,-0.645161290323,17.6244214359
0.0,-0.516129032258,17.5835645224
0.0,-0.387096774194,17.5618633249
0.0,-0.258064516129,17.5510891362
0.0,-0.129032258065,17.5463133312
0.0,0.0,17.5460958102
0.0,0.129032258065,17.5525327715
0.0,0.258064516129,17.5711589556
0.0,0.387096774194,17.6107114552
0.0,0.516129032258,17.6827731955
0.0,0.645161290323,17.801322526
0.0,0.774193548387,17.9822207536
0.0,0.903225806452,18.24267098
0.0,1.03225806452,18.6006783699
0.0,1.16129032258,19.0745390821
0.0,1.29032258065,19.6823765223
0.0,1.41935483871,20.4417404622
0.0,1.54838709677,21.3692724886
0.0,1.67741935484,22.4804422102
0.0,1.8064516129,23.789351195
0.0,1.93548387097,25.3085960969
0.129032258065,-1.93548387097,20.6054567351
0.129032258065,-1.8064516129,19.8159552158
0.129032258065,-1.67741935484,19.1834267142
0.129032258065,-1.54838709677,18.6893212264
0.129032258065,-1.41935483871,18.3146470525
0.129032258065,-1.29032258065,18.0403697694
0.129032258065,-1.16129032258,17.8478676626
0.129032258065,-1.03225806452,17.719431297
0.129032258065,-0.903225806452,17.638786814
0.129032258065,-0.774193548387,17.5916206607
0.129032258065,-0.645161290323,17.5660744117
0.129032258065,-0.516129032258,17.5531780727
0.129032258065,-0.387096774194,17.5471911518
0.129032258065,-0.258064516129,17.545824665
0.129032258065,-0.129032258065,17.5503255773
0.129032258065,0.0,17.5654159272
0.129032258065,0.129032258065,17.5990906488
0.129032258065,0.258064516129,17.6622895581
0.129032258065,0.387096774194,17.7684681644
0.129032258065,0.516129032258,17.933097852
0.129032258065,0.645161290323,18.1731290978
0.129032258065,0.774193548387,18.5064484005
0.129032258065,0.903225806452,18.9513576087
0.129032258065,1.03225806452,19.5260967118
0.129032258065,1.16129032258,20.2484256301
0.129032258065,1.29032258065,21.1352723892
0.129032258065,1.41935483871,22.202450981
0.129032258065,1.54838709677,23.4644479303
0.129032258065,1.67741935484,24.9342722219
0.129032258065,1.8064516129,26.6233585482
0.129032258065,1.93548387097,28.5415228109
0.258064516129,-1.93548387097,19.3311156012
0.258064516129,-1.8064516129,18.804622405
0.258064516129,-1.67741935484,18.4019782847
0.258064516129,-1.54838709677,18.1041934069
0.258064516129,-1.41935483871,17.8925731206
0.258064516129,-1.29032258065,17.7492056953
0.258064516129,-1.16129032258,17.6574804827
0.258064516129,-1.03225806452,17.6026130674
0.258064516129,-0.903225806452,17.5721492729
0.258064516129,-0.774193548387,17.5564156311
0.258064516129,-0.645161290323,17.5488854398
0.258064516129,-0.516129032258,17.5464324246
0.258064516129,-0.387096774194,17.5494509357
0.258064516129,-0.258064516129,17.5618322049
0.258064516129,-0.129032258065,17.5907975869
0.258064516129,0.0,17.6466013203
0.258064516129,0.129032258065,17.7421252809
0.258064516129,0.258064516129,17.8923952416
0.258064516129,0.387096774194,18.114051169
0.258064516129,0.516129032258,18.4248044367
0.258064516129,0.645161290323,18.8429093199
0.258064516129,0.774193548387,19.3866743342
0.258064516129,0.903225806452,20.0740274383
0.258064516129,1.03225806452,20.9221473746
0.258064516129,1.16129032258,21.9471641345
0.258064516129,1.29032258065,23.1639285915
0.258064516129,1.41935483871,24.5858448072
0.258064516129,1.54838709677,26.2247631673
0.258064516129,1.67741935484,28.0909196242
0.258064516129,1.8064516129,30.1929215713
0.258064516129,1.93548387097,32.5377641374
0.387096774194,-1.93548387097,18.5025667984
0.387096774194,-1.8064516129,18.1790907036
0.387096774194,-1.67741935484,17.9462467709
0.387096774194,-1.54838709677,17.7859776568
0.387096774194,-1.41935483871,17.6813932055
0.387096774194,-1.29032258065,17.617294014
0.387096774194,-1.16129032258,17.5806807987
0.387096774194,-1.03225806452,17.561218683
0.387096774194,-0.903225806452,17.5516262271
0.387096774194,-0.774193548387,17.5479576977
0.387096774194,-0.645161290323,17.5497580758
0.387096774194,-0.516129032258,17.5600761933
0.387096774194,-0.387096774194,17.5853341973
0.387096774194,-0.258064516129,17.6350629923
0.387096774194,-0.129032258065,17.7215235688
0.387096774194,0.0,17.8592426551
0.387096774194,0.129032258065,18.0644931915
0.387096774194,0.258064516129,18.3547541831
0.387096774194,0.387096774194,18.7481781563
0.387096774194,0.516129032258,19.2630913635
0.387096774194,0.645161290323,19.9175454261
0.387096774194,0.774193548387,20.7289320153
0.387096774194,0.903225806452,21.7136657578
0.387096774194,1.03225806452,22.8869363198
0.387096774194,1.16129032258,24.262525779
0.387096774194,1.29032258065,25.8526859905
0.387096774194,1.41935483871,27.6680668528
0.387096774194,1.54838709677,29.7176901562
0.387096774194,1.67741935484,32.0089593568
0.387096774194,1.8064516129,34.5476961903
0.387096774194,1.93548387097,37.3382022263
0.516129032258,-1.93548387097,18.0100875701
0.516129032258,-1.8064516129,17.8308749142
0.516129032258,-1.67741935484,17.7115548266
0.516129032258,-1.54838709677,17.6365694634
0.516129032258,-1.41935483871,17.5924274408
0.516129032258,-1.29032258065,17.5681792461
0.516129032258,-1.16129032258,17.5558246129
0.516129032258,-1.03225806452,17.5506224113
0.516129032258,-0.903225806452,17.5512781158
0.516129032258,-0.774193548387,17.5599930241
0.516129032258,-0.645161290323,17.5823705504
0.516129032258,-0.516129032258,17.6271858595
0.516129032258,-0.387096774194,17.7060363297
0.516129032258,-0.258064516129,17.8328986292
0.516129032258,-0.129032258065,18.0236237146
0.516129032258,0.0,18.2954018558
0.516129032258,0.129032258065,18.666228126
0.516129032258,0.258064516129,19.1543949891
0.516129032258,0.387096774194,19.7780310226
0.516129032258,0.516129032258,20.5546999135
0.516129032258,0.645161290323,21.5010667829
0.516129032258,0.774193548387,22.6326328835
0.516129032258,0.903225806452,23.9635368251
0.516129032258,1.03225806452,25.5064163307
0.516129032258,1.16129032258,27.2723257649
0.516129032258,1.29032258065,29.2706962787
0.516129032258,1.41935483871,31.5093369687
0.516129032258,1.54838709677,33.9944663185
0.516129032258,1.67741935484,36.7307646112
0.516129032258,1.8064516129,39.7214467097
0.516129032258,1.93548387097,42.9683486511
0.645161290323,-1.93548387097,17.7491222095
0.645161290323,-1.8064516129,17.6614878528
0.645161290323,-1.67741935484,17.6083043566
0.645161290323,-1.54838709677,17.5780567992
0.645161290323,-1.41935483871,17.5620673382
0.645161290323,-1.29032258065,17.5548289067
0.645161290323,-1.16129032258,17.5542234009
0.645161290323,-1.03225806452,17.5616061465
0.645161290323,-0.903225806452,17.5817487538
0.645161290323,-0.774193548387,17.6226439213
0.645161290323,-0.645161290323,17.6951870675
0.645161290323,-0.516129032258,17.8127580685
0.645161290323,-0.387096774194,17.9907328821
0.645161290323,-0.258064516129,18.2459573386
0.645161290323,-0.129032258065,18.5962138544
0.645161290323,0.0,19.0597078828
0.645161290323,0.129032258065,19.6545964305
0.645161290323,0.258064516129,20.3985722616
0.645161290323,0.387096774194,21.3085140481
0.645161290323,0.516129032258,22.4002043368
0.645161290323,0.645161290323,23.688114493
0.645161290323,0.774193548387,25.185251096
0.645161290323,0.903225806452,26.9030593666
0.645161290323,1.03225806452,28.8513725195
0.645161290323,1.16129032258,31.0384028567
0.645161290323,1.29032258065,33.4707637792
0.645161290323,1.41935483871,36.153519142
0.645161290323,1.54838709677,39.090248513
0.645161290323,1.67741935484,42.2831305599
0.645161290323,1.8064516129,45.7330318529
0.645161290323,1.93548387097,49.4396040073
0.774193548387,-1.93548387097,17.6293714972
0.774193548387,-1.8064516129,17.5917689322
0.774193548387,-1.67741935484,17.5711093334
0.774193548387,-1.54838709677,17.5611543638
0.774193548387,-1.41935483871,17.5589844031
0.774193548387,-1.29032258065,17.5651167378
0.774193548387,-1.16129032258,17.5834844574
0.774193548387,-1.03225806452,17.6212772506
0.774193548387,-0.903225806452,17.6886555701
0.774193548387,-0.774193548387,17.7983595382
0.774193548387,-0.645161290323,17.9652401931
0.774193548387,-0.516129032258,18.2057451104
0.774193548387,-0.387096774194,18.5373889747
0.774193548387,-0.258064516129,18.9782367401
0.774193548387,-0.129032258065,19.5464234067
0.774193548387,0.0,20.2597259858
0.774193548387,0.129032258065,21.1351976136
0.774193548387,0.258064516129,22.1888696071
0.774193548387,0.387096774194,23.4355190766
0.774193548387,0.516129032258,24.8885012303
0.774193548387,0.645161290323,26.5596372404
0.774193548387,0.774193548387,28.4591530189
0.774193548387,0.903225806452,30.5956579137
0.774193548387,1.03225806452,32.9761602755
0.774193548387,1.16129032258,35.6061074572
0.774193548387,1.29032258065,38.4894480022
0.774193548387,1.41935483871,41.6287088983
0.774193548387,1.54838709677,45.0250845552
0.774193548387,1.67741935484,48.6785288849
0.774193548387,1.8064516129,52.5878567799
0.774193548387,1.93548387097,56.7508418163
0.903225806452,-1.93548387097,17.5838639304
0.903225806452,-1.8064516129,17.5703434026
0.903225806452,-1.67741935484,17.5661245456
0.903225806452,-1.54838709677,17.5709007381
0.903225806452,-1.41935483871,17.5877663257
0.903225806452,-1.29032258065,17.6230936152
0.903225806452,-1.16129032258,17.6862808694
0.903225806452,-1.03225806452,17.789390151
0.903225806452,-0.903225806452,17.9467011038
0.903225806452,-0.774193548387,18.1742115914
0.903225806452,-0.645161290323,18.4891141358
0.903225806452,-0.516129032258,18.9092799114
0.903225806452,-0.387096774194,19.4527712008
0.903225806452,-0.258064516129,20.137402126
0.903225806452,-0.129032258065,20.9803594773
0.903225806452,0.0,21.9978869438
0.903225806452,0.129032258065,23.2050394788
0.903225806452,0.258064516129,24.6154972368
0.903225806452,0.387096774194,26.24144136
0.903225806452,0.516129032258,28.0934771194
0.903225806452,0.645161290323,30.1806045967
0.903225806452,0.774193548387,32.5102227299
0.903225806452,0.903225806452,35.0881628737
0.903225806452,1.03225806452,37.9187444893
0.903225806452,1.16129032258,41.0048495011
0.903225806452,1.29032258065,44.348004796
0.903225806452,1.41935483871,47.9484753921
0.903225806452,1.54838709677,51.8053626708
0.903225806452,1.67741935484,55.9167005686
0.903225806452,1.8064516129,60.2795572622
0.903225806452,1.93548387097,64.8901319394
1.03225806452,-1.93548387097,17.5763726374
1.03225806452,-1.8064516129,17.5795035873
1.03225806452,-1.67741935484,17.5949530696
1.03225806452,-1.54838709677,17.6282679863
1.03225806452,-1.41935483871,17.6880629245
1.03225806452,-1.29032258065,17.7856887229
1.03225806452,-1.16129032258,17.9348116707
1.03225806452,-1.03225806452,18.1509304672
1.03225806452,-0.903225806452,18.4508638092
1.03225806452,-0.774193548387,18.8522358369
1.03225806452,-0.645161290323,19.3729846253
1.03225806452,-0.516129032258,20.0309133017
1.03225806452,-0.387096774194,20.8432987414
1.03225806452,-0.258064516129,21.8265608536
1.03225806452,-0.129032258065,22.9959998428
1.03225806452,0.0,24.3655964004
1.03225806452,0.129032258065,25.9478707103
1.03225806452,0.258064516129,27.7537947405
1.03225806452,0.387096774194,29.7927488563
1.03225806452,0.516129032258,32.0725172593
1.03225806452,0.645161290323,34.5993137449
1.03225806452,0.774193548387,37.3778308532
1.03225806452,0.903225806452,40.4113074877
1.03225806452,1.03225806452,43.7016099165
1.03225806452,1.16129032258,47.2493212045
1.03225806452,1.29032258065,51.0538354957
1.03225806452,1.41935483871,55.1134590319
1.03225806452,1.54838709677,59.4255048587
1.03225806452,1.67741935484,63.9863920898
1.03225806452,1.8064516129,68.7917424638
1.03225806452,1.93548387097,73.8364688149
1.16129032258,-1.93548387097,17.6055685182
1.16129032258,-1.8064516129,17.6371395994
1.16129032258,-1.67741935484,17.6941618465
1.16129032258,-1.54838709677,17.7872475533
1.16129032258,-1.41935483871,17.9294113117
1.16129032258,-1.29032258065,18.1356078352
1.16129032258,-1.16129032258,18.4222319148
1.16129032258,-1.03225806452,18.806608264
1.16129032258,-0.903225806452,19.3064995194
1.16129032258,-0.774193548387,19.9396497824
1.16129032258,-0.645161290323,20.7233804649
1.16129032258,-0.516129032258,21.6742487651
1.16129032258,-0.387096774194,22.8077666298
1.16129032258,-0.258064516129,24.1381869179
1.16129032258,-0.129032258065,25.6783479356
1.16129032258,0.0,27.4395704041
1.16129032258,0.129032258065,29.4316044927
1.16129032258,0.258064516129,31.6626128275
1.16129032258,0.387096774194,34.1391875716
1.16129032258,0.516129032258,36.866393836
1.16129032258,0.645161290323,39.8478304051
1.16129032258,0.774193548387,43.0857070414
1.16129032258,0.903225806452,46.5809306523
1.16129032258,1.03225806452,50.3331986684
1.16129032258,1.16129032258,54.3410934592
1.16129032258,1.29032258065,58.6021847803
1.16129032258,1.41935483871,63.1131215229
1.16129032258,1.54838709677,67.8697310399
1.16129032258,1.67741935484,72.8671090305
1.16129032258,1.8064516129,78.0997086583
1.16129032258,1.93548387097,83.5614254164
1.29032258065,-1.93548387097,17.7048956042
1.29032258065,-1.8064516129,17.7942112131
1.29032258065,-1.67741935484,17.9304844349
1.29032258065,-1.54838709677,18.1280846288
1.29032258065,-1.41935483871,18.4029352185
1.29032258065,-1.29032258065,18.7720117
1.29032258065,-1.16129032258,19.2528500794
1.29032258065,-1.03225806452,19.8630859973
1.29032258065,-0.903225806452,20.6200409993
1.29032258065,-0.774193548387,21.5403672009
1.29032258065,-0.645161290323,22.6397533332
1.29032258065,-0.516129032258,23.9326943833
1.29032258065,-0.387096774194,25.432322514
1.29032258065,-0.258064516129,27.1502891198
1.29032258065,-0.129032258065,29.0966992388
1.29032258065,0.0,31.2800851049
1.29032258065,0.129032258065,33.7074129656
1.29032258065,0.258064516129,36.3841174495
1.29032258065,0.387096774194,39.3141595427
1.29032258065,0.516129032258,42.5000951999
1.29032258065,0.645161290323,45.9431604237
1.29032258065,0.774193548387,49.6433615183
1.29032258065,0.903225806452,53.5995677591
1.29032258065,1.03225806452,57.8096112165
1.29032258065,1.16129032258,62.2703810148
1.29032258065,1.29032258065,66.9779191398
1.29032258065,1.41935483871,71.9275147305
1.29032258065,1.54838709677,77.1137893764
1.29032258065,1.67741935484,82.5307851204
1.29032258065,1.8064516129,88.1720445025
1.29032258065,1.93548387097,94.0306845457
1.41935483871,-1.93548387097,17.9381600852
1.41935483871,-1.8064516129,18.1283380191
1.41935483871,-1.67741935484,18.3928167957
1.41935483871,-1.54838709677,18.7481747034
1.41935483871,-1.41935483871,19.2116718347
1.41935483871,-1.29032258065,19.8007863243
1.41935483871,-1.16129032258,20.5327931242
1.41935483871,-1.03225806452,21.4243972665
1.41935483871,-0.903225806452,22.4914267442
1.41935483871,-0.774193548387,23.7485872434
1.41935483871,-0.645161290323,25.2092774279
1.41935483871,-0.516129032258,26.8854588574
1.41935483871,-0.387096774194,28.7875766664
1.41935483871,-0.258064516129,30.9245207245
1.41935483871,-0.129032258065,33.3036235496
1.41935483871,0.0,35.9306872845
1.41935483871,0.129032258065,38.8100333508
1.41935483871,0.258064516129,41.9445669697
1.41935483871,0.387096774194,45.3358577418
1.41935483871,0.516129032258,48.9842258501
1.41935483871,0.645161290323,52.888834097
1.41935483871,0.774193548387,57.0477865427
1.41935483871,0.903225806452,61.4582199792
1.41935483871,1.03225806452,66.116400699
1.41935483871,1.16129032258,71.0178193293
1.41935483871,1.29032258065,76.1572766991
1.41935483871,1.41935483871,81.5289714843
1.41935483871,1.54838709677,87.1265809234
1.41935483871,1.67741935484,92.9433373427
1.41935483871,1.8064516129,98.9721002163
1.41935483871,1.93548387097,105.205421588
1.54838709677,-1.93548387097,18.3918467983
1.54838709677,-1.8064516129,18.7349431431
1.54838709677,-1.67741935484,19.182706107
1.54838709677,-1.54838709677,19.7524078666
1.54838709677,-1.41935483871,20.4612304977
1.54838709677,-1.29032258065,21.3258890696
1.54838709677,-1.16129032258,22.3623114755
1.54838709677,-1.03225806452,23.5853803899
1.54838709677,-0.903225806452,25.0087332561
1.54838709677,-0.774193548387,26.6446180189
1.54838709677,-0.645161290323,28.5038021326
1.54838709677,-0.516129032258,30.5955195493
1.54838709677,-0.387096774194,32.927461088
1.54838709677,-0.258064516129,35.5057913815
1.54838709677,-0.129032258065,38.3351897428
1.54838709677,0.0,41.4189118484
1.54838709677,0.129032258065,44.7588634425
1.54838709677,0.258064516129,48.3556837339
1.54838709677,0.387096774194,52.2088361985
1.54838709677,0.516129032258,56.3167025454
1.54838709677,0.645161290323,60.6766759953
1.54838709677,0.774193548387,65.2852573807
1.54838709677,0.903225806452,70.1381463297
1.54838709677,1.03225806452,75.2303323644
1.54838709677,1.16129032258,80.5561802628
1.54838709677,1.29032258065,86.1095103893
1.54838709677,1.41935483871,91.8836806688
1.54838709677,1.54838709677,97.8716539786
1.54838709677,1.67741935484,104.066069228
1.54838709677,1.8064516129,110.459304918
1.54838709677,1.93548387097,117.043535225
1.67741935484,-1.93548387097,19.1658016747
1.67741935484,-1.8064516129,19.7177047893
1.67741935484,-1.67741935484,20.4050327608
1.67741935484,-1.54838709677,21.2444666264
1.67741935484,-1.41935483871,22.2519948003
1.67741935484,-1.29032258065,23.4426413772
1.67741935484,-1.16129032258,24.8302516972
1.67741935484,-1.03225806452,26.4273368625
1.67741935484,-0.903225806452,28.2449646525
1.67741935484,-0.774193548387,30.2926996841
1.67741935484,-0.645161290323,32.5785799459
1.67741935484,-0.516129032258,35.1091244575
1.67741935484,-0.387096774194,37.8893685517
1.67741935484,-0.258064516129,40.9229171933
1.67741935484,-0.129032258065,44.2120133514
1.67741935484,0.0,47.7576208355
1.67741935484,0.129032258065,51.5595079974
1.67741935484,0.258064516129,55.6163411247
1.67741935484,0.387096774194,59.9257781436
1.67741935484,0.516129032258,64.4845603853
1.67741935484,0.645161290323,69.288608237
1.67741935484,0.774193548387,74.3331067748
1.67741935484,0.903225806452,79.612595593
1.67741935484,1.03225806452,85.1210502413
1.67741935484,1.16129032258,90.8519588657
1.67741935484,1.29032258065,96.7983999838
1.67741935484,1.41935483871,102.95310613
1.67741935484,1.54838709677,109.308533027
1.67741935484,1.67741935484,115.856916025
1.67741935484,1.8064516129,122.590325678
1.67741935484,1.93548387097,129.500718453
1.8064516129,-1.93548387097,20.3639670159
1.8064516129,-1.8064516129,21.1798311197
1.8064516129,-1.67741935484,22.1601299859
1.8064516129,-1.54838709677,23.3199926867
1.8064516129,-1.41935483871,24.6734414607
1.8064516129,-1.29032258065,26.2332220737
1.8064516129,-1.16129032258,28.010682796
1.8064516129,-1.03225806452,30.0157002452
1.8064516129,-0.903225806452,32.2566477686
1.8064516129,-0.774193548387,34.7403905874
1.8064516129,-0.645161290323,37.4723137888
1.8064516129,-0.516129032258,40.4563700584
1.8064516129,-0.387096774194,43.695141751
1.8064516129,-0.258064516129,47.1899178044
1.8064516129,-0.129032258065,50.9407768508
1.8064516129,0.0,54.9466757065
1.8064516129,0.129032258065,59.2055439174
1.8064516129,0.258064516129,63.7143718435
1.8064516129,0.387096774194,68.4693064765
1.8064516129,0.516129032258,73.4657396823
1.8064516129,0.645161290323,78.6983940375
1.8064516129,0.774193548387,84.1614067145
1.8064516129,0.903225806452,89.8484089145
1.8064516129,1.03225806452,95.7526000379
1.8064516129,1.16129032258,101.866816776
1.8064516129,1.29032258065,108.183599074
1.8064516129,1.41935483871,114.69525216
1.8064516129,1.54838709677,121.393898543
1.8064516129,1.67741935484,128.271533698
1.8064516129,1.8064516129,135.32007047
1.8064516129,1.93548387097,142.531382278
1.93548387097,-1.93548387097,22.0864394677
1.93548387097,-1.8064516129,23.2171166265
1.93548387097,-1.67741935484,24.5379600753
1.93548387097,-1.54838709677,26.0619217264
1.93548387097,-1.41935483871,27.8006063758
1.93548387097,-1.29032258065,29.7641852573
1.93548387097,-1.16129032258,31.9613506655
1.93548387097,-1.03225806452,34.3993048115
1.93548387097,-0.903225806452,37.0837761408
1.93548387097,-0.774193548387,40.0190616
1.93548387097,-0.645161290323,43.2080813067
1.93548387097,-0.516129032258,46.6524515315
1.93548387097,-0.387096774194,50.3525645391
1.93548387097,-0.258064516129,54.3076731584
1.93548387097,-0.129032258065,58.5159836369
1.93548387097,0.0,62.9747431993
1.93548387097,0.129032258065,67.6803339664
1.93548387097,0.258064516129,72.628361909
1.93548387097,0.387096774194,77.813740903
1.93548387097,0.516129032258,83.2307793886
1.93548387097,0.645161290323,88.8732595214
1.93548387097,0.774193548387,94.7345099695
1.93548387097,0.903225806452,100.807480059
1.93548387097,1.03225806452,107.084802333
1.93548387097,1.16129032258,113.558858838
1.93548387097,1.29032258065,120.221833054
1.93548387097,1.41935483871,127.065766442
1.93548387097,1.54838709677,134.082603392
1.93548387097,1.67741935484,141.264236188
1.93548387097,1.8064516129,148.602547002
1.93548387097,1.93548387097,156.08943828
