-1.93548387097,-1.93548387097,999
-1.93548387097,-1.8064516129,999
-1.93548387097,-1.67741935484,999
-1.93548387097,-1.54838709677,999
-1.93548387097,-1.41935483871,999
-1.93548387097,-1.29032258065,999
-1.93548387097,-1.16129032258,999
-1.93548387097,-1.03225806452,999
-1.93548387097,-0.903225806452,999
-1.93548387097,-0.774193548387,999
-1.93548387097,-0.645161290323,999
-1.93548387097,-0.516129032258,999
-1.93548387097,-0.387096774194,999
-1.93548387097,-0.258064516129,999
-1.93548387097,-0.129032258065,999
-1.93548387097,0.0,999
-1.93548387097,0.129032258065,563.049839757
-1.93548387097,0.258064516129,507.481912921
-1.93548387097,0.387096774194,456.552285094
-1.93548387097,0.516129032258,410.360787188
-1.93548387097,0.645161290323,368.991042198
-1.93548387097,0.774193548387,332.506769792
-1.93548387097,0.903225806452,300.884425816
-1.93548387097,1.03225806452,273.88112409
-1.93548387097,1.16129032258,251.520133602
-1.93548387097,1.29032258065,233.826126804
-1.93548387097,1.41935483871,220.784427592
-1.93548387097,1.54838709677,212.339253862
-1.93548387097,1.67741935484,208.393293592
-1.93548387097,1.8064516129,208.808692051
-1.93548387097,1.93548387097,213.409509956
-1.8064516129,-1.93548387097,999
-1.8064516129,-1.8064516129,999
-1.8064516129,-1.67741935484,999
-1.8064516129,-1.54838709677,999
-1.8064516129,-1.41935483871,999
-1.8064516129,-1.29032258065,999
-1.8064516129,-1.16129032258,999
-1.8064516129,-1.03225806452,999
-1.8064516129,-0.903225806452,999
-1.8064516129,-0.774193548387,999
-1.8064516129,-0.645161290323,999
-1.8064516129,-0.516129032258,999
-1.8064516129,-0.387096774194,999
-1.8064516129,-0.258064516129,696.404633967
-1.8064516129,-0.129032258065,569.884156613
-1.8064516129,0.0,512.721209189
-1.8064516129,0.129032258065,459.979744148
-1.8064516129,0.258064516129,411.744619764
-1.8064516129,0.387096774194,368.088599762
-1.8064516129,0.516129032258,329.069240478
-1.8064516129,0.645161290323,294.656168522
-1.8064516129,0.774193548387,264.588256028
-1.8064516129,0.903225806452,238.89619633
-1.8064516129,1.03225806452,217.619924358
-1.8064516129,1.16129032258,200.765018244
-1.8064516129,1.29032258065,188.300002034
-1.8064516129,1.41935483871,180.154808141
-1.8064516129,1.54838709677,176.220595321
-1.8064516129,1.67741935484,176.351045832
-1.8064516129,1.8064516129,180.365198889
-1.8064516129,1.93548387097,188.051775759
-1.67741935484,-1.93548387097,999
-1.67741935484,-1.8064516129,999
-1.67741935484,-1.67741935484,999
-1.67741935484,-1.54838709677,999
-1.67741935484,-1.41935483871,999
-1.67741935484,-1.29032258065,999
-1.67741935484,-1.16129032258,999
-1.67741935484,-1.03225806452,999
-1.67741935484,-0.903225806452,999
-1.67741935484,-0.774193548387,999
-1.67741935484,-0.645161290323,999
-1.67741935484,-0.516129032258,704.449841589
-1.67741935484,-0.387096774194,578.355689637
-1.67741935484,-0.258064516129,682.645273023
-1.67741935484,-0.129032258065,465.944149301
-1.67741935484,0.0,416.189972055
-1.67741935484,0.129032258065,370.812261709
-1.67741935484,0.258064516129,329.853494802
-1.67741935484,0.387096774194,293.277189939
-1.67741935484,0.516129032258,260.792866704
-1.67741935484,0.645161290323,232.419814891
-1.67741935484,0.774193548387,208.202456169
-1.67741935484,0.903225806452,188.156594584
-1.67741935484,1.03225806452,172.266216707
-1.67741935484,1.16129032258,160.481149425
-1.67741935484,1.29032258065,152.715864827
-1.67741935484,1.41935483871,148.849640966
-1.67741935484,1.54838709677,148.72823382
-1.67741935484,1.67741935484,152.167113056
-1.67741935484,1.8064516129,158.956222988
-1.67741935484,1.93548387097,168.866138502
-1.54838709677,-1.93548387097,999
-1.54838709677,-1.8064516129,999
-1.54838709677,-1.67741935484,999
-1.54838709677,-1.54838709677,999
-1.54838709677,-1.41935483871,999
-1.54838709677,-1.29032258065,999
-1.54838709677,-1.16129032258,999
-1.54838709677,-1.03225806452,999
-1.54838709677,-0.903225806452,999
-1.54838709677,-0.774193548387,999
-1.54838709677,-0.645161290323,587.707956779
-1.54838709677,-0.516129032258,694.120292571
-1.54838709677,-0.387096774194,473.415104584
-1.54838709677,-0.258064516129,422.548411755
-1.54838709677,-0.129032258065,375.912210169
-1.54838709677,0.0,333.527324226
-1.54838709677,0.129032258065,295.351152603
-1.54838709677,0.258064516129,261.057407394
-1.54838709677,0.387096774194,230.634459054
-1.54838709677,0.516129032258,204.120183239
-1.54838709677,0.645161290323,181.529450956
-1.54838709677,0.774193548387,162.8509482
-1.54838709677,0.903225806452,148.044520608
-1.54838709677,1.03225806452,137.039354824
-1.54838709677,1.16129032258,129.733259865
-1.54838709677,1.29032258065,125.993298382
-1.54838709677,1.41935483871,125.657907297
-1.54838709677,1.54838709677,128.5405714
-1.54838709677,1.67741935484,134.435005862
-1.54838709677,1.8064516129,143.121650769
-1.54838709677,1.93548387097,154.375238701
-1.41935483871,-1.93548387097,999
-1.41935483871,-1.8064516129,999
-1.41935483871,-1.67741935484,999
-1.41935483871,-1.54838709677,999
-1.41935483871,-1.41935483871,999
-1.41935483871,-1.29032258065,999
-1.41935483871,-1.16129032258,999
-1.41935483871,-1.03225806452,999
-1.41935483871,-0.903225806452,719.136218915
-1.41935483871,-0.774193548387,697.235789609
-1.41935483871,-0.645161290323,481.670758493
-1.41935483871,-0.516129032258,429.9460689
-1.41935483871,-0.387096774194,382.373260393
-1.41935483871,-0.258064516129,338.948626732
-1.41935483871,-0.129032258065,299.623149726
-1.41935483871,0.0,264.036623645
-1.41935483871,0.129032258065,232.126041181
-1.41935483871,0.258064516129,203.912942312
-1.41935483871,0.387096774194,179.400530447
-1.41935483871,0.516129032258,158.570967201
-1.41935483871,0.645161290323,141.38291808
-1.41935483871,0.774193548387,127.769611779
-1.41935483871,0.903225806452,117.637699719
-1.41935483871,1.03225806452,110.86718297
-1.41935483871,1.16129032258,107.312638414
-1.41935483871,1.29032258065,106.805874676
-1.41935483871,1.41935483871,109.160089587
-1.41935483871,1.54838709677,114.175421906
-1.41935483871,1.67741935484,121.645708521
-1.41935483871,1.8064516129,131.366104828
-1.41935483871,1.93548387097,143.14113249
-1.29032258065,-1.93548387097,999
-1.29032258065,-1.8064516129,999
-1.29032258065,-1.67741935484,999
-1.29032258065,-1.54838709677,999
-1.29032258065,-1.41935483871,999
-1.29032258065,-1.29032258065,999
-1.29032258065,-1.16129032258,691.330204751
-1.29032258065,-1.03225806452,712.232986036
-1.29032258065,-0.903225806452,490.372862244
-1.29032258065,-0.774193548387,437.874675393
-1.29032258065,-0.645161290323,389.518737889
-1.29032258065,-0.516129032258,345.27866903
-1.29032258065,-0.387096774194,305.099053635
-1.29032258065,-0.258064516129,268.599835058
-1.29032258065,-0.129032258065,235.645165331
-1.29032258065,0.0,206.23317762
-1.29032258065,0.129032258065,180.346655534
-1.29032258065,0.258064516129,157.951183261
-1.29032258065,0.387096774194,138.993327394
-1.29032258065,0.516129032258,123.399074047
-1.29032258065,0.645161290323,111.072765369
-1.29032258065,0.774193548387,101.896813457
-1.29032258065,0.903225806452,95.7324247648
-1.29032258065,1.03225806452,92.4215532508
-1.29032258065,1.16129032258,91.7901914773
-1.29032258065,1.29032258065,93.6530200351
-1.29032258065,1.41935483871,97.8192988284
-1.29032258065,1.54838709677,104.099745914
-1.29032258065,1.67741935484,112.314018384
-1.29032258065,1.8064516129,122.298327629
-1.29032258065,1.93548387097,133.912620558
-1.16129032258,-1.93548387097,999
-1.16129032258,-1.8064516129,999
-1.16129032258,-1.67741935484,999
-1.16129032258,-1.54838709677,999
-1.16129032258,-1.41935483871,999
-1.16129032258,-1.29032258065,557.168894112
-1.16129032258,-1.16129032258,499.597574136
-1.16129032258,-1.03225806452,446.244810139
-1.16129032258,-0.903225806452,397.084831482
-1.16129032258,-0.774193548387,352.074966456
-1.16129032258,-0.645161290323,311.153218716
-1.16129032258,-0.516129032258,273.949650848
-1.16129032258,-0.387096774194,240.23325593
-1.16129032258,-0.258064516129,209.9759359
-1.16129032258,-0.129032258065,183.134937968
-1.16129032258,0.0,159.652093645
-1.16129032258,0.129032258065,139.452986451
-1.16129032258,0.258064516129,122.446191832
-1.16129032258,0.387096774194,108.52278454
-1.16129032258,0.516129032258,97.5563364801
-1.16129032258,0.645161290323,89.4036508866
-1.16129032258,0.774193548387,83.9064415656
-1.16129032258,0.903225806452,80.8941360506
-1.16129032258,1.03225806452,80.1878684638
-1.16129032258,1.16129032258,81.6056409236
-1.16129032258,1.29032258065,84.9684750632
-1.16129032258,1.41935483871,90.1072631456
-1.16129032258,1.54838709677,96.8698861735
-1.16129032258,1.67741935484,105.128092687
-1.16129032258,1.8064516129,114.783601911
-1.16129032258,1.93548387097,125.772910179
-1.03225806452,-1.93548387097,999
-1.03225806452,-1.8064516129,999
-1.03225806452,-1.67741935484,703.545383357
-1.03225806452,-1.54838709677,568.55556017
-1.03225806452,-1.41935483871,509.812499442
-1.03225806452,-1.29032258065,455.384808235
-1.03225806452,-1.16129032258,405.243626
-1.03225806452,-1.03225806452,359.339108096
-1.03225806452,-0.903225806452,317.600887186
-1.03225806452,-0.774193548387,279.714046901
-1.03225806452,-0.645161290323,245.331851697
-1.03225806452,-0.516129032258,214.401425396
-1.03225806452,-0.387096774194,186.854466687
-1.03225806452,-0.258064516129,162.606509417
-1.03225806452,-0.129032258065,141.55719279
-1.03225806452,0.0,123.590578489
-1.03225806452,0.129032258065,108.575618621
-1.03225806452,0.258064516129,96.3669184498
-1.03225806452,0.387096774194,86.8059873368
-1.03225806452,0.516129032258,79.7231660967
-1.03225806452,0.645161290323,74.9404103786
-1.03225806452,0.774193548387,72.2750427248
-1.03225806452,0.903225806452,71.5445028251
-1.03225806452,1.03225806452,72.5719906558
-1.03225806452,1.16129032258,75.1927901113
-1.03225806452,1.29032258065,79.2609078288
-1.03225806452,1.41935483871,84.6555827246
-1.03225806452,1.54838709677,91.2871437241
-1.03225806452,1.67741935484,99.1017168964
-1.03225806452,1.8064516129,108.08432897
-1.03225806452,1.93548387097,118.26009672
-0.903225806452,-1.93548387097,694.364787935
-0.903225806452,-1.8064516129,582.058214978
-0.903225806452,-1.67741935484,694.250739156
-0.903225806452,-1.54838709677,465.987347774
-0.903225806452,-1.41935483871,414.568125033
-0.903225806452,-1.29032258065,367.504405482
-0.903225806452,-1.16129032258,324.724204111
-0.903225806452,-1.03225806452,285.986228997
-0.903225806452,-0.903225806452,250.848173846
-0.903225806452,-0.774193548387,219.224005354
-0.903225806452,-0.645161290323,191.025222876
-0.903225806452,-0.516129032258,166.144135413
-0.903225806452,-0.387096774194,144.454957028
-0.903225806452,-0.258064516129,125.815117825
-0.903225806452,-0.129032258065,110.06680922
-0.903225806452,0.0,97.0388066773
-0.903225806452,0.129032258065,86.5486609681
-0.903225806452,0.258064516129,78.4053766687
-0.903225806452,0.387096774194,72.4127060855
-0.903225806452,0.516129032258,68.3731696726
-0.903225806452,0.645161290323,66.0928448567
-0.903225806452,0.774193548387,65.3868822621
-0.903225806452,0.903225806452,66.0855830511
-0.903225806452,1.03225806452,68.0407553157
-0.903225806452,1.16129032258,71.1319468039
-0.903225806452,1.29032258065,75.2720912043
-0.903225806452,1.41935483871,80.4120748496
-0.903225806452,1.54838709677,86.5437792481
-0.903225806452,1.67741935484,93.7012588244
-0.903225806452,1.8064516129,101.95988567
-0.903225806452,1.93548387097,111.433448174
-0.774193548387,-1.93548387097,697.066230728
-0.774193548387,-1.8064516129,479.022739634
-0.774193548387,-1.67741935484,425.953286074
-0.774193548387,-1.54838709677,377.369759282
-0.774193548387,-1.41935483871,333.207597125
-0.774193548387,-1.29032258065,293.29989626
-0.774193548387,-1.16129032258,257.156732343
-0.774193548387,-1.03225806452,224.641850862
-0.774193548387,-0.903225806452,195.655691391
-0.774193548387,-0.774193548387,170.075216207
-0.774193548387,-0.645161290323,147.755267787
-0.774193548387,-0.516129032258,128.530408592
-0.774193548387,-0.387096774194,112.217230868
-0.774193548387,-0.258064516129,98.6171275748
-0.774193548387,-0.129032258065,87.5195320686
-0.774193548387,0.0,78.7056424936
-0.774193548387,0.129032258065,71.9526644107
-0.774193548387,0.258064516129,67.0386112404
-0.774193548387,0.387096774194,63.7476663446
-0.774193548387,0.516129032258,61.8760662696
-0.774193548387,0.645161290323,61.2383685234
-0.774193548387,0.774193548387,61.6738722905
-0.774193548387,0.903225806452,63.0528462907
-0.774193548387,1.03225806452,65.282143886
-0.774193548387,1.16129032258,68.3097479886
-0.774193548387,1.29032258065,72.1278056699
-0.774193548387,1.41935483871,76.7738092404
-0.774193548387,1.54838709677,82.3297253935
-0.774193548387,1.67741935484,88.9190355569
-0.774193548387,1.8064516129,96.7018691617
-0.774193548387,1.93548387097,105.868551113
-0.645161290323,-1.93548387097,440.516488805
-0.645161290323,-1.8064516129,390.002249564
-0.645161290323,-1.67741935484,344.047886541
-0.645161290323,-1.54838709677,302.550540934
-0.645161290323,-1.41935483871,265.038372208
-0.645161290323,-1.29032258065,231.298723369
-0.645161290323,-1.16129032258,201.23137819
-0.645161290323,-1.03225806452,174.708284332
-0.645161290323,-0.903225806452,151.574648518
-0.645161290323,-0.774193548387,131.650711917
-0.645161290323,-0.645161290323,114.734245486
-0.645161290323,-0.516129032258,100.603767736
-0.645161290323,-0.387096774194,89.0224853173
-0.645161290323,-0.258064516129,79.7429180641
-0.645161290323,-0.129032258065,72.5121704348
-0.645161290323,0.0,67.0777909609
-0.645161290323,0.129032258065,63.1941367571
-0.645161290323,0.258064516129,60.6291325679
-0.645161290323,0.387096774194,59.171253065
-0.645161290323,0.516129032258,58.6364952033
-0.645161290323,0.645161290323,58.8750210334
-0.645161290323,0.774193548387,59.7770864013
-0.645161290323,0.903225806452,61.2778298405
-0.645161290323,1.03225806452,63.3605061777
-0.645161290323,1.16129032258,66.0578154427
-0.645161290323,1.29032258065,69.4511168663
-0.645161290323,1.41935483871,73.6674715933
-0.645161290323,1.54838709677,78.8746669038
-0.645161290323,1.67741935484,85.2745239168
-0.645161290323,1.8064516129,93.0949612658
-0.645161290323,1.93548387097,102.581320965
-0.516129032258,-1.93548387097,358.448738954
-0.516129032258,-1.8064516129,314.887467449
-0.516129032258,-1.67741935484,275.578330205
-0.516129032258,-1.54838709677,240.193139667
-0.516129032258,-1.41935483871,208.64059777
-0.516129032258,-1.29032258065,180.797980526
-0.516129032258,-1.16129032258,156.511648808
-0.516129032258,-1.03225806452,135.598332132
-0.516129032258,-0.903225806452,117.847277373
-0.516129032258,-0.774193548387,103.023327674
-0.516129032258,-0.645161290323,90.8709617363
-0.516129032258,-0.516129032258,81.1192987618
-0.516129032258,-0.387096774194,73.4880125172
-0.516129032258,-0.258064516129,67.6940672232
-0.516129032258,-0.129032258065,63.4591237367
-0.516129032258,0.0,60.5174185533
-0.516129032258,0.129032258065,58.6238644039
-0.516129032258,0.258064516129,57.5620649909
-0.516129032258,0.387096774194,57.1518862697
-0.516129032258,0.516129032258,57.2561818933
-0.516129032258,0.645161290323,57.7862522757
-0.516129032258,0.774193548387,58.7056302861
-0.516129032258,0.903225806452,60.0318550856
-0.516129032258,1.03225806452,61.8360060374
-0.516129032258,1.16129032258,64.2399401766
-0.516129032258,1.29032258065,67.4113476151
-0.516129032258,1.41935483871,71.5569303992
-0.516129032258,1.54838709677,76.9141496345
-0.516129032258,1.67741935484,83.7420906218
-0.516129032258,1.8064516129,92.3120126812
-0.516129032258,1.93548387097,102.898126787
-0.387096774194,-1.93548387097,290.048634665
-0.387096774194,-1.8064516129,252.561384038
-0.387096774194,-1.67741935484,219.062223726
-0.387096774194,-1.54838709677,189.442532399
-0.387096774194,-1.41935483871,163.559642011
-0.387096774194,-1.29032258065,141.237419589
-0.387096774194,-1.16129032258,122.26775451
-0.387096774194,-1.03225806452,106.413069278
-0.387096774194,-0.903225806452,93.4099444808
-0.387096774194,-0.774193548387,82.9739074374
-0.387096774194,-0.645161290323,74.8053937448
-0.387096774194,-0.516129032258,68.596812957
-0.387096774194,-0.387096774194,64.040580877
-0.387096774194,-0.258064516129,60.8378939942
-0.387096774194,-0.129032258065,58.7079369003
-0.387096774194,0.0,57.3971387892
-0.387096774194,0.129032258065,56.6880368585
-0.387096774194,0.258064516129,56.4072651228
-0.387096774194,0.387096774194,56.43218957
-0.387096774194,0.516129032258,56.6957371153
-0.387096774194,0.645161290323,57.1890583588
-0.387096774194,0.774193548387,57.9617768664
-0.387096774194,0.903225806452,59.1197499344
-0.387096774194,1.03225806452,60.8204396396
-0.387096774194,1.16129032258,63.2661883501
-0.387096774194,1.29032258065,66.6958361572
-0.387096774194,1.41935483871,71.3752381989
-0.387096774194,1.54838709677,77.5872790646
-0.387096774194,1.67741935484,85.6219652489
-0.387096774194,1.8064516129,95.7671106047
-0.387096774194,1.93548387097,108.300010672
-0.258064516129,-1.93548387097,233.840746159
-0.258064516129,-1.8064516129,201.958386916
-0.258064516129,-1.67741935484,173.984981053
-0.258064516129,-1.54838709677,149.760497555
-0.258064516129,-1.41935483871,129.089539603
-0.258064516129,-1.29032258065,111.743069237
-0.258064516129,-1.16129032258,97.4612933704
-0.258064516129,-1.03225806452,85.9578243889
-0.258064516129,-0.903225806452,76.925166557
-0.258064516129,-0.774193548387,70.0415359574
-0.258064516129,-0.645161290323,64.9789179517
-0.258064516129,-0.516129032258,61.4121835785
-0.258064516129,-0.387096774194,59.0289635708
-0.258064516129,-0.258064516129,57.5398805055
-0.258064516129,-0.129032258065,56.6886425701
-0.258064516129,0.0,56.2614440911
-0.258064516129,0.129032258065,56.0950936999
-0.258064516129,0.258064516129,56.083331617
-0.258064516129,0.387096774194,56.1808817878
-0.258064516129,0.516129032258,56.4049264499
-0.258064516129,0.645161290323,56.8338722986
-0.258064516129,0.774193548387,57.6034744487
-0.258064516129,0.903225806452,58.9005843038
-0.258064516129,1.03225806452,60.9549589547
-0.258064516129,1.16129032258,64.0296890973
-0.258064516129,1.29032258065,68.4108711561
-0.258064516129,1.41935483871,74.3971434945
-0.258064516129,1.54838709677,82.289645642
-0.258064516129,1.67741935484,92.3828666663
-0.258064516129,1.8064516129,104.956701275
-0.258064516129,1.93548387097,120.269927807
-0.129032258065,-1.93548387097,189.195523431
-0.129032258065,-1.8064516129,162.555593008
-0.129032258065,-1.67741935484,139.658463851
-0.129032258065,-1.54838709677,120.292807366
-0.129032258065,-1.41935483871,104.212791014
-0.129032258065,-1.29032258065,91.1413750452
-0.129032258065,-1.16129032258,80.7750011623
-0.129032258065,-1.03225806452,72.7897380796
-0.129032258065,-0.903225806452,66.8488580169
-0.129032258065,-0.774193548387,62.6117206676
-0.129032258065,-0.645161290323,59.7437268361
-0.129032258065,-0.516129032258,57.9269717813
-0.129032258065,-0.387096774194,56.8711184019
-0.129032258065,-0.258064516129,56.323907912
-0.129032258065,-0.129032258065,56.0806787399
-0.129032258065,0.0,55.9922667254
-0.129032258065,0.129032258065,55.9707251826
-0.129032258065,0.258064516129,55.9924419373
-0.129032258065,0.387096774194,56.098412986
-0.129032258065,0.516129032258,56.3916513932
-0.129032258065,0.645161290323,57.0319311529
-0.129032258065,0.774193548387,58.2282642093
-0.129032258065,0.903225806452,60.2296605108
-0.129032258065,1.03225806452,63.3148037647
-0.129032258065,1.16129032258,67.7813029436
-0.129032258065,1.29032258065,73.9351228405
-0.129032258065,1.41935483871,82.0807197873
-0.129032258065,1.54838709677,92.5122711382
-0.129032258065,1.67741935484,105.506264126
-0.129032258065,1.8064516129,121.315562781
-0.129032258065,1.93548387097,140.164988247
0.0,-1.93548387097,155.435445854
0.0,-1.8064516129,133.511951617
0.0,-1.67741935484,115.08026039
0.0,-1.54838709677,99.8820591416
0.0,-1.41935483871,87.6283146092
0.0,-1.29032258065,78.0044974523
0.0,-1.16129032258,70.6773290726
0.0,-1.03225806452,65.3030044573
0.0,-0.903225806452,61.5367130917
0.0,-0.774193548387,59.0431577663
0.0,-0.645161290323,57.5076334456
0.0,-0.516129032258,56.6471118187
0.0,-0.387096774194,56.2207023251
0.0,-0.258064516129,56.0388175828
0.0,-0.129032258065,55.9704247935
0.0,0.0,55.9478580915
0.0,0.129032258065,55.9688378479
0.0,0.258064516129,56.0955558261
0.0,0.387096774194,56.4509122036
0.0,0.516129032258,57.2122121477
0.0,0.645161290323,58.6028070505
0.0,0.774193548387,60.8822904485
0.0,0.903225806452,64.3359073191
0.0,1.03225806452,69.2638225835
0.0,1.16129032258,75.970818832
0.0,1.29032258065,84.7568856809
0.0,1.41935483871,95.9090234813
0.0,1.54838709677,109.694462704
0.0,1.67741935484,126.355365063
0.0,1.8064516129,146.104985298
0.0,1.93548387097,169.125193467
0.129032258065,-1.93548387097,131.56668619
0.129032258065,-1.8064516129,113.680371175
0.129032258065,-1.67741935484,98.9603979077
0.129032258065,-1.54838709677,87.1112067822
0.129032258065,-1.41935483871,77.8137795476
0.129032258065,-1.29032258065,70.7329236651
0.129032258065,-1.16129032258,65.5259953031
0.129032258065,-1.03225806452,61.852836565
0.129032258065,-0.903225806452,59.3865545263
0.129032258065,-0.774193548387,57.8246414497
0.129032258065,-0.645161290323,56.8998307084
0.129032258065,-0.516129032258,56.3900274624
0.129032258065,-0.387096774194,56.1266583696
0.129032258065,-0.258064516129,56.0008655513
0.129032258065,-0.129032258065,55.9671128974
0.129032258065,0.0,56.0439635595
0.129032258065,0.129032258065,56.3120079379
0.129032258065,0.258064516129,56.9091380001
0.129032258065,0.387096774194,58.0235532786
0.129032258065,0.516129032258,59.8850274735
0.129032258065,0.645161290323,62.7550466727
0.129032258065,0.774193548387,66.9164462291
0.129032258065,0.903225806452,72.6631365935
0.129032258065,1.03225806452,80.2904221359
0.129032258065,1.16129032258,90.0862989555
0.129032258065,1.29032258065,102.32399656
0.129032258065,1.41935483871,117.255904227
0.129032258065,1.54838709677,135.10891403
0.129032258065,1.67741935484,156.081128518
0.129032258065,1.8064516129,180.339825691
0.129032258065,1.93548387097,208.02052326
0.258064516129,-1.93548387097,116.305124257
0.258064516129,-1.8064516129,101.649987145
0.258064516129,-1.67741935484,89.7818718683
0.258064516129,-1.54838709677,80.3839085391
0.258064516129,-1.41935483871,73.1265769328
0.258064516129,-1.29032258065,67.6767651472
0.258064516129,-1.16129032258,63.7078594282
0.258064516129,-1.03225806452,60.9104422623
0.258064516129,-0.903225806452,59.0030494598
0.258064516129,-0.774193548387,57.742349453
0.258064516129,-0.645161290323,56.9320934242
0.258064516129,-0.516129032258,56.4302304304
0.258064516129,-0.387096774194,56.153703794
0.258064516129,-0.258064516129,56.080620253
0.258064516129,-0.129032258065,56.2496968132
0.258064516129,0.0,56.7570940969
0.258064516129,0.129032258065,57.7509400261
0.258064516129,0.258064516129,59.4239846395
0.258064516129,0.387096774194,62.0049166337
0.258064516129,0.516129032258,65.7489114408
0.258064516129,0.645161290323,70.9279503669
0.258064516129,0.774193548387,77.8214123039
0.258064516129,0.903225806452,86.7073387985
0.258064516129,1.03225806452,97.8546781251
0.258064516129,1.16129032258,111.516708282
0.258064516129,1.29032258065,127.925736838
0.258064516129,1.41935483871,147.289085548
0.258064516129,1.54838709677,169.786302223
0.258064516129,1.67741935484,195.567494153
0.258064516129,1.8064516129,224.752641458
0.258064516129,1.93548387097,257.597205461
0.387096774194,-1.93548387097,108.135433193
0.387096774194,-1.8064516129,95.8245454865
0.387096774194,-1.67741935484,85.8992580342
0.387096774194,-1.54838709677,78.0432614274
0.387096774194,-1.41935483871,71.9412009952
0.387096774194,-1.29032258065,67.2886402042
0.387096774194,-1.16129032258,63.8023121203
0.387096774194,-1.03225806452,61.2300935295
0.387096774194,-0.903225806452,59.3600782175
0.387096774194,-0.774193548387,58.0281347467
0.387096774194,-0.645161290323,57.1234456446
0.387096774194,-0.516129032258,56.5916577337
0.387096774194,-0.387096774194,56.4354880212
0.387096774194,-0.258064516129,56.7128335127
0.387096774194,-0.129032258065,57.5326268353
0.387096774194,0.0,59.0488260653
0.387096774194,0.129032258065,61.4530161757
0.387096774194,0.258064516129,64.9661287756
0.387096774194,0.387096774194,69.829769899
0.387096774194,0.516129032258,76.2975939526
0.387096774194,0.645161290323,84.6270923247
0.387096774194,0.774193548387,95.0720815054
0.387096774194,0.903225806452,107.876103698
0.387096774194,1.03225806452,123.266864934
0.387096774194,1.16129032258,141.451776506
0.387096774194,1.29032258065,162.614592048
0.387096774194,1.41935483871,186.913094505
0.387096774194,1.54838709677,214.477736075
0.387096774194,1.67741935484,245.484936522
0.387096774194,1.8064516129,280.359617239
0.387096774194,1.93548387097,319.222848798
0.516129032258,-1.93548387097,105.407454015
0.516129032258,-1.8064516129,94.5386217502
0.516129032258,-1.67741935484,85.6735368626
0.516129032258,-1.54838709677,78.5224051373
0.516129032258,-1.41935483871,72.8109988236
0.516129032258,-1.29032258065,68.2901041657
0.516129032258,-1.16129032258,64.7443133993
0.516129032258,-1.03225806452,61.9995935906
0.516129032258,-0.903225806452,59.9291126851
0.516129032258,-0.774193548387,58.4569397278
0.516129032258,-0.645161290323,57.5594065875
0.516129032258,-0.516129032258,57.2641269821
0.516129032258,-0.387096774194,57.6468577479
0.516129032258,-0.258064516129,58.826550681
0.516129032258,-0.129032258065,60.9590394059
0.516129032258,0.0,64.2298472624
0.516129032258,0.129032258065,68.8465760575
0.516129032258,0.258064516129,75.0312776616
0.516129032258,0.387096774194,83.0131268759
0.516129032258,0.516129032258,93.021632936
0.516129032258,0.645161290323,105.280548313
0.516129032258,0.774193548387,120.002584737
0.516129032258,0.903225806452,137.384987467
0.516129032258,1.03225806452,157.605992139
0.516129032258,1.16129032258,180.822146929
0.516129032258,1.29032258065,207.166469871
0.516129032258,1.41935483871,236.768340756
0.516129032258,1.54838709677,270.043368294
0.516129032258,1.67741935484,307.192263508
0.516129032258,1.8064516129,348.280997137
0.516129032258,1.93548387097,393.347488533
0.645161290323,-1.93548387097,106.468307975
0.645161290323,-1.8064516129,96.2056765882
0.645161290323,-1.67741935484,87.6318180779
0.645161290323,-1.54838709677,80.5098229256
0.645161290323,-1.41935483871,74.6313108071
0.645161290323,-1.29032258065,69.8236938718
0.645161290323,-1.16129032258,65.9559193079
0.645161290323,-1.03225806452,62.9423057195
0.645161290323,-0.903225806452,60.7442450711
0.645161290323,-0.774193548387,59.3697282946
0.645161290323,-0.645161290323,58.8708427207
0.645161290323,-0.516129032258,59.3395434914
0.645161290323,-0.387096774194,60.9021183392
0.645161290323,-0.258064516129,63.7128124886
0.645161290323,-0.129032258065,67.9470713314
0.645161290323,0.0,73.7947942249
0.645161290323,0.129032258065,81.4539098564
0.645161290323,0.258064516129,91.1244721073
0.645161290323,0.387096774194,103.003399607
0.645161290323,0.516129032258,117.27990191
0.645161290323,0.645161290323,134.131596315
0.645161290323,0.774193548387,153.721303259
0.645161290323,0.903225806452,176.194484757
0.645161290323,1.03225806452,201.677307591
0.645161290323,1.16129032258,230.275940703
0.645161290323,1.29032258065,262.330275336
0.645161290323,1.41935483871,298.137840767
0.645161290323,1.54838709677,688.150965274
0.645161290323,1.67741935484,381.290301019
0.645161290323,1.8064516129,428.709456135
0.645161290323,1.93548387097,480.032104016
0.774193548387,-1.93548387097,109.819646329
0.774193548387,-1.8064516129,99.4816724803
0.774193548387,-1.67741935484,90.6299450841
0.774193548387,-1.54838709677,83.1022876304
0.774193548387,-1.41935483871,76.773490078
0.774193548387,-1.29032258065,71.5590113291
0.774193548387,-1.16129032258,67.4166801965
0.774193548387,-1.03225806452,64.3463502424
0.774193548387,-0.903225806452,62.3876343034
0.774193548387,-0.774193548387,61.616010505
0.774193548387,-0.645161290323,62.1377007361
0.774193548387,-0.516129032258,64.0837770019
0.774193548387,-0.387096774194,67.6039524708
0.774193548387,-0.258064516129,72.8604504701
0.774193548387,-0.129032258065,80.0222688354
0.774193548387,0.0,89.2600352877
0.774193548387,0.129032258065,100.741565281
0.774193548387,0.258064516129,114.628127674
0.774193548387,0.387096774194,131.071384105
0.774193548387,0.516129032258,150.210913006
0.774193548387,0.645161290323,172.172242192
0.774193548387,0.774193548387,197.06531654
0.774193548387,0.903225806452,224.983344915
0.774193548387,1.03225806452,256.156729607
0.774193548387,1.16129032258,290.965918058
0.774193548387,1.29032258065,329.496770469
0.774193548387,1.41935483871,371.804751457
0.774193548387,1.54838709677,417.922393723
0.774193548387,1.67741935484,467.859770427
0.774193548387,1.8064516129,521.605284573
0.774193548387,1.93548387097,707.23059162
0.903225806452,-1.93548387097,114.279050746
0.903225806452,-1.8064516129,103.418200443
0.903225806452,-1.67741935484,93.9882953694
0.903225806452,-1.54838709677,85.9143514499
0.903225806452,-1.41935483871,79.1601639374
0.903225806452,-1.29032258065,73.7278663923
0.903225806452,-1.16129032258,69.6556004524
0.903225806452,-1.03225806452,67.0135957027
0.903225806452,-0.903225806452,65.8990660645
0.903225806452,-0.774193548387,66.4304012519
0.903225806452,-0.645161290323,68.7411224699
0.903225806452,-0.516129032258,72.9740232842
0.903225806452,-0.387096774194,79.2758109918
0.903225806452,-0.258064516129,87.7924643618
0.903225806452,-0.129032258065,98.665404325
0.903225806452,0.0,112.028480778
0.903225806452,0.129032258065,128.005709792
0.903225806452,0.258064516129,146.709639521
0.903225806452,0.387096774194,168.240214563
0.903225806452,0.516129032258,192.684002915
0.903225806452,0.645161290323,220.113680136
0.903225806452,0.774193548387,250.669872807
0.903225806452,0.903225806452,284.75380386
0.903225806452,1.03225806452,322.472947596
0.903225806452,1.16129032258,363.88026406
0.903225806452,1.29032258065,409.009208773
0.903225806452,1.41935483871,457.873719873
0.903225806452,1.54838709677,510.468476182
0.903225806452,1.67741935484,566.769419778
0.903225806452,1.8064516129,626.734533266
0.903225806452,1.93548387097,999
1.03225806452,-1.93548387097,119.116848336
1.03225806452,-1.8064516129,107.574662141
1.03225806452,-1.67741935484,97.5713066012
1.03225806452,-1.54838709677,89.1190330351
1.03225806452,-1.41935483871,82.2635336388
1.03225806452,-1.29032258065,77.0798130825
1.03225806452,-1.16129032258,73.6668234788
1.03225806452,-1.03225806452,72.1413799663
1.03225806452,-0.903225806452,72.6318619853
1.03225806452,-0.774193548387,75.2721925213
1.03225806452,-0.645161290323,80.1964448765
1.03225806452,-0.516129032258,87.5343335691
1.03225806452,-0.387096774194,97.4076918409
1.03225806452,-0.258064516129,109.9279363
1.03225806452,-0.129032258065,125.194426375
1.03225806452,0.0,143.293572492
1.03225806452,0.129032258065,164.298520774
1.03225806452,0.258064516129,188.26923992
1.03225806452,0.387096774194,215.252849477
1.03225806452,0.516129032258,245.31980005
1.03225806452,0.645161290323,278.84045482
1.03225806452,0.774193548387,315.950017025
1.03225806452,0.903225806452,356.690145192
1.03225806452,1.03225806452,401.086752477
1.03225806452,1.16129032258,449.149822249
1.03225806452,1.29032258065,500.873349015
1.03225806452,1.41935483871,695.584432298
1.03225806452,1.54838709677,704.597640507
1.03225806452,1.67741935484,999
1.03225806452,1.8064516129,999
1.03225806452,1.93548387097,999
1.16129032258,-1.93548387097,124.139273015
1.16129032258,-1.8064516129,112.06403002
1.16129032258,-1.67741935484,101.791863733
1.16129032258,-1.54838709677,93.409883859
1.16129032258,-1.41935483871,87.0274121506
1.16129032258,-1.29032258065,82.7694617654
1.16129032258,-1.16129032258,80.7699166257
1.16129032258,-1.03225806452,81.1649521602
1.16129032258,-0.903225806452,84.0871536433
1.16129032258,-0.774193548387,89.6606532256
1.16129032258,-0.645161290323,97.9974668786
1.16129032258,-0.516129032258,109.195048364
1.16129032258,-0.387096774194,123.334976546
1.16129032258,-0.258064516129,140.482594239
1.16129032258,-0.129032258065,160.687380954
1.16129032258,0.0,183.983837263
1.16129032258,0.129032258065,210.392669204
1.16129032258,0.258064516129,239.932417684
1.16129032258,0.387096774194,272.906248839
1.16129032258,0.516129032258,309.479072308
1.16129032258,0.645161290323,697.828734338
1.16129032258,0.774193548387,393.500503425
1.16129032258,0.903225806452,999
1.16129032258,1.03225806452,492.028883315
1.16129032258,1.16129032258,546.688553097
1.16129032258,1.29032258065,604.896428011
1.16129032258,1.41935483871,999
1.16129032258,1.54838709677,999
1.16129032258,1.67741935484,999
1.16129032258,1.8064516129,999
1.16129032258,1.93548387097,999
1.29032258065,-1.93548387097,129.698611046
1.29032258065,-1.8064516129,117.52134401
1.29032258065,-1.67741935484,107.539832444
1.29032258065,-1.54838709677,99.8942593677
1.29032258065,-1.41935483871,94.732418482
1.29032258065,-1.29032258065,92.2024366553
1.29032258065,-1.16129032258,92.4460943088
1.29032258065,-1.03225806452,95.593189328
1.29032258065,-0.903225806452,101.757209111
1.29032258065,-0.774193548387,111.032446044
1.29032258065,-0.645161290323,123.492523825
1.29032258065,-0.516129032258,139.19017504
1.29032258065,-0.387096774194,158.158031343
1.29032258065,-0.258064516129,180.410138406
1.29032258065,-0.129032258065,205.943923677
1.29032258065,0.0,234.742980049
1.29032258065,0.129032258065,267.022441323
1.29032258065,0.258064516129,302.97677644
1.29032258065,0.387096774194,342.605580092
1.29032258065,0.516129032258,385.897591932
1.29032258065,0.645161290323,432.831455431
1.29032258065,0.774193548387,483.376213109
1.29032258065,0.903225806452,537.491585914
1.29032258065,1.03225806452,595.12808801
1.29032258065,1.16129032258,999
1.29032258065,1.29032258065,999
1.29032258065,1.41935483871,999
1.29032258065,1.54838709677,999
1.29032258065,1.67741935484,999
1.29032258065,1.8064516129,999
1.29032258065,1.93548387097,999
1.41935483871,-1.93548387097,136.628305485
1.41935483871,-1.8064516129,125.003247153
1.41935483871,-1.67741935484,116.052654753
1.41935483871,-1.54838709677,109.94339707
1.41935483871,-1.41935483871,106.834820871
1.41935483871,-1.29032258065,106.8721563
1.41935483871,-1.16129032258,110.181195748
1.41935483871,-1.03225806452,116.864485836
1.41935483871,-0.903225806452,126.999122356
1.41935483871,-0.774193548387,140.636084946
1.41935483871,-0.645161290323,157.800933323
1.41935483871,-0.516129032258,178.495575376
1.41935483871,-0.387096774194,202.700779248
1.41935483871,-0.258064516129,230.379101125
1.41935483871,-0.129032258065,261.655761168
1.41935483871,0.0,296.748197787
1.41935483871,0.129032258065,335.633775544
1.41935483871,0.258064516129,378.277300529
1.41935483871,0.387096774194,424.634301032
1.41935483871,0.516129032258,474.652271899
1.41935483871,0.645161290323,528.271573008
1.41935483871,0.774193548387,585.426011129
1.41935483871,0.903225806452,712.619875692
1.41935483871,1.03225806452,999
1.41935483871,1.16129032258,999
1.41935483871,1.29032258065,999
1.41935483871,1.41935483871,999
1.41935483871,1.54838709677,999
1.41935483871,1.67741935484,999
1.41935483871,1.8064516129,999
1.41935483871,1.93548387097,999
1.54838709677,-1.93548387097,146.119353296
1.54838709677,-1.8064516129,135.842725306
1.54838709677,-1.67741935484,128.757418211
1.54838709677,-1.54838709677,125.03089861
1.54838709677,-1.41935483871,124.809745655
1.54838709677,-1.29032258065,128.214706509
1.54838709677,-1.16129032258,135.337380547
1.54838709677,-1.03225806452,146.238573937
1.54838709677,-0.903225806452,160.948276323
1.54838709677,-0.774193548387,179.467063995
1.54838709677,-0.645161290323,201.768641867
1.54838709677,-0.516129032258,227.803174016
1.54838709677,-0.387096774194,257.628767604
1.54838709677,-0.258064516129,291.465322975
1.54838709677,-0.129032258065,329.276591725
1.54838709677,0.0,371.004608765
1.54838709677,0.129032258065,416.581227716
1.54838709677,0.258064516129,465.930223634
1.54838709677,0.387096774194,518.968984012
1.54838709677,0.516129032258,575.609787358
1.54838709677,0.645161290323,703.044716414
1.54838709677,0.774193548387,999
1.54838709677,0.903225806452,999
1.54838709677,1.03225806452,999
1.54838709677,1.16129032258,999
1.54838709677,1.29032258065,999
1.54838709677,1.41935483871,999
1.54838709677,1.54838709677,999
1.54838709677,1.67741935484,999
1.54838709677,1.8064516129,999
1.54838709677,1.93548387097,999
1.67741935484,-1.93548387097,159.566211442
1.67741935484,-1.8064516129,151.489911721
1.67741935484,-1.67741935484,147.114898746
1.67741935484,-1.54838709677,146.587088311
1.67741935484,-1.41935483871,150.021282038
1.67741935484,-1.29032258065,157.498295153
1.67741935484,-1.16129032258,169.063778316
1.67741935484,-1.03225806452,184.728660987
1.67741935484,-0.903225806452,204.471056468
1.67741935484,-0.774193548387,228.239358723
1.67741935484,-0.645161290323,256.049082324
1.67741935484,-0.516129032258,288.110092274
1.67741935484,-0.387096774194,324.380592812
1.67741935484,-0.258064516129,364.784302895
1.67741935484,-0.129032258065,409.232134925
1.67741935484,0.0,457.625203166
1.67741935484,0.129032258065,509.85739643
1.67741935484,0.258064516129,713.245621644
1.67741935484,0.387096774194,716.448407631
1.67741935484,0.516129032258,999
1.67741935484,0.645161290323,999
1.67741935484,0.774193548387,999
1.67741935484,0.903225806452,999
1.67741935484,1.03225806452,999
1.67741935484,1.16129032258,999
1.67741935484,1.29032258065,999
1.67741935484,1.41935483871,999
1.67741935484,1.54838709677,999
1.67741935484,1.67741935484,999
1.67741935484,1.8064516129,999
1.67741935484,1.93548387097,999
1.8064516129,-1.93548387097,178.412224474
1.8064516129,-1.8064516129,173.366436991
1.8064516129,-1.67741935484,172.48847782
1.8064516129,-1.54838709677,175.886403934
1.8064516129,-1.41935483871,183.63050286
1.8064516129,-1.29032258065,195.752487098
1.8064516129,-1.16129032258,212.24626196
1.8064516129,-1.03225806452,233.070147304
1.8064516129,-0.903225806452,258.221431861
1.8064516129,-0.774193548387,287.896083508
1.8064516129,-0.645161290323,322.053122958
1.8064516129,-0.516129032258,360.605402872
1.8064516129,-0.387096774194,403.44871276
1.8064516129,-0.258064516129,450.465633583
1.8064516129,-0.129032258065,501.52902537
1.8064516129,0.0,556.505041262
1.8064516129,0.129032258065,615.255616565
1.8064516129,0.258064516129,999
1.8064516129,0.387096774194,999
1.8064516129,0.516129032258,999
1.8064516129,0.645161290323,999
1.8064516129,0.774193548387,999
1.8064516129,0.903225806452,999
1.8064516129,1.03225806452,999
1.8064516129,1.16129032258,999
1.8064516129,1.29032258065,999
1.8064516129,1.41935483871,999
1.8064516129,1.54838709677,999
1.8064516129,1.67741935484,999
1.8064516129,1.8064516129,999
1.8064516129,1.93548387097,999
1.93548387097,-1.93548387097,204.017796501
1.93548387097,-1.8064516129,202.75108133
1.93548387097,-1.67741935484,206.049736326
1.93548387097,-1.54838709677,213.97381404
1.93548387097,-1.41935483871,226.542289426
1.93548387097,-1.29032258065,243.734050023
1.93548387097,-1.16129032258,265.551374431
1.93548387097,-1.03225806452,292.178896205
1.93548387097,-0.903225806452,323.580605737
1.93548387097,-0.774193548387,359.668240393
1.93548387097,-0.645161290323,400.331039262
1.93548387097,-0.516129032258,445.440127925
1.93548387097,-0.387096774194,494.85276598
1.93548387097,-0.258064516129,548.416254773
1.93548387097,-0.129032258065,701.0559434
1.93548387097,0.0,999
1.93548387097,0.129032258065,999
1.93548387097,0.258064516129,999
1.93548387097,0.387096774194,999
1.93548387097,0.516129032258,999
1.93548387097,0.645161290323,999
1.93548387097,0.774193548387,999
1.93548387097,0.903225806452,999
1.93548387097,1.03225806452,999
1.93548387097,1.16129032258,999
1.93548387097,1.29032258065,999
1.93548387097,1.41935483871,999
1.93548387097,1.54838709677,999
1.93548387097,1.67741935484,999
1.93548387097,1.8064516129,999
1.93548387097,1.93548387097,999
